#=====================================================
# File created:        Sun-10-Mar-2024-at-07-35-08PM
# Size of lattice:     50x50
# Number of MC steps:  1000
# Reduced temperature: 0.500
# Run time (s):        32.882324
#=====================================================
# MC step:  Ratio:     Energy:   Order:
#=====================================================
   00000    0.5000   -2384.6554  0.2628 
   00001    0.6788   -3709.3132  0.2596 
   00002    0.6280   -4466.9474  0.2581 
   00003    0.5924   -5090.0358  0.2649 
   00004    0.5512   -5489.0965  0.2621 
   00005    0.5320   -5826.7321  0.2625 
   00006    0.5248   -6040.5742  0.2574 
   00007    0.4960   -6308.8913  0.2585 
   00008    0.5016   -6519.8077  0.2597 
   00009    0.4876   -6657.7004  0.2697 
   00010    0.4864   -6810.3470  0.2677 
   00011    0.4860   -6908.1295  0.2663 
   00012    0.4572   -7028.6933  0.2714 
   00013    0.4724   -7060.4640  0.2733 
   00014    0.4644   -7138.8985  0.2708 
   00015    0.4628   -7243.2756  0.2750 
   00016    0.4508   -7355.6230  0.2665 
   00017    0.4616   -7387.3612  0.2617 
   00018    0.4496   -7425.8793  0.2577 
   00019    0.4720   -7475.6879  0.2616 
   00020    0.4472   -7568.8151  0.2644 
   00021    0.4316   -7604.6492  0.2594 
   00022    0.4500   -7628.9364  0.2558 
   00023    0.4408   -7677.2244  0.2575 
   00024    0.4324   -7744.6790  0.2604 
   00025    0.4332   -7741.5722  0.2590 
   00026    0.4356   -7674.7772  0.2589 
   00027    0.4520   -7668.0014  0.2626 
   00028    0.4444   -7723.9379  0.2602 
   00029    0.4372   -7760.7043  0.2604 
   00030    0.4476   -7800.1520  0.2540 
   00031    0.4440   -7878.2510  0.2535 
   00032    0.4292   -7904.9219  0.2535 
   00033    0.4332   -7949.4078  0.2591 
   00034    0.4296   -7983.5330  0.2561 
   00035    0.4152   -7987.4330  0.2562 
   00036    0.4296   -7967.4078  0.2598 
   00037    0.4460   -8001.7570  0.2563 
   00038    0.4168   -8034.9039  0.2540 
   00039    0.4192   -7997.8404  0.2545 
   00040    0.4248   -8023.1705  0.2533 
   00041    0.4236   -8048.5754  0.2552 
   00042    0.4228   -8041.9580  0.2519 
   00043    0.4196   -8071.4031  0.2566 
   00044    0.4480   -8087.8296  0.2640 
   00045    0.4296   -8086.2220  0.2688 
   00046    0.4272   -8014.4881  0.2735 
   00047    0.4336   -8028.2376  0.2759 
   00048    0.4224   -8054.2199  0.2716 
   00049    0.4336   -8096.5792  0.2725 
   00050    0.4376   -8101.4355  0.2729 
   00051    0.4284   -8160.0098  0.2712 
   00052    0.4224   -8215.8326  0.2808 
   00053    0.4164   -8234.5493  0.2853 
   00054    0.4400   -8235.4480  0.2830 
   00055    0.4460   -8199.9730  0.2811 
   00056    0.4208   -8199.1991  0.2735 
   00057    0.4060   -8188.5675  0.2742 
   00058    0.4284   -8184.4261  0.2780 
   00059    0.4192   -8219.1169  0.2762 
   00060    0.4048   -8182.5903  0.2742 
   00061    0.4344   -8211.6322  0.2799 
   00062    0.4124   -8174.5779  0.2797 
   00063    0.4276   -8242.9579  0.2828 
   00064    0.4280   -8205.6160  0.2781 
   00065    0.4372   -8260.9524  0.2785 
   00066    0.4268   -8240.4954  0.2770 
   00067    0.4356   -8276.1581  0.2781 
   00068    0.4216   -8310.7814  0.2843 
   00069    0.4280   -8274.3913  0.2882 
   00070    0.4200   -8249.8803  0.2853 
   00071    0.4320   -8246.1966  0.2876 
   00072    0.4172   -8282.5453  0.2890 
   00073    0.4320   -8287.9493  0.2887 
   00074    0.4152   -8282.9368  0.2837 
   00075    0.4212   -8260.5633  0.2746 
   00076    0.4160   -8236.1090  0.2780 
   00077    0.4144   -8300.5791  0.2784 
   00078    0.4052   -8327.9297  0.2752 
   00079    0.3964   -8319.1602  0.2815 
   00080    0.4036   -8348.4359  0.2852 
   00081    0.4276   -8365.7752  0.2808 
   00082    0.4060   -8347.6009  0.2870 
   00083    0.4140   -8344.9525  0.2830 
   00084    0.4064   -8343.8628  0.2795 
   00085    0.4188   -8372.5529  0.2830 
   00086    0.4128   -8389.6258  0.2784 
   00087    0.4068   -8368.5855  0.2801 
   00088    0.4104   -8333.7830  0.2820 
   00089    0.4124   -8333.9385  0.2864 
   00090    0.4128   -8348.0413  0.2849 
   00091    0.4076   -8354.5051  0.2941 
   00092    0.3956   -8333.9726  0.2982 
   00093    0.4160   -8280.0161  0.2985 
   00094    0.4192   -8286.8183  0.3035 
   00095    0.4224   -8302.7716  0.3060 
   00096    0.4260   -8297.8084  0.3147 
   00097    0.4096   -8337.4349  0.3197 
   00098    0.4200   -8364.9818  0.3292 
   00099    0.4248   -8334.7514  0.3292 
   00100    0.4136   -8310.3756  0.3290 
   00101    0.4364   -8335.0744  0.3280 
   00102    0.4076   -8371.5779  0.3372 
   00103    0.4360   -8399.5047  0.3433 
   00104    0.4044   -8390.8839  0.3424 
   00105    0.4176   -8366.4881  0.3445 
   00106    0.4088   -8354.8325  0.3423 
   00107    0.4252   -8351.7579  0.3530 
   00108    0.4208   -8305.3769  0.3472 
   00109    0.4360   -8375.8667  0.3466 
   00110    0.4228   -8406.9437  0.3460 
   00111    0.4000   -8394.3978  0.3434 
   00112    0.4396   -8393.6625  0.3441 
   00113    0.4216   -8361.6977  0.3496 
   00114    0.4140   -8331.1662  0.3499 
   00115    0.4168   -8361.3895  0.3601 
   00116    0.4068   -8390.3046  0.3541 
   00117    0.4212   -8409.5179  0.3521 
   00118    0.4124   -8350.4513  0.3525 
   00119    0.4192   -8346.0735  0.3521 
   00120    0.4340   -8334.2967  0.3595 
   00121    0.4368   -8344.8300  0.3625 
   00122    0.4192   -8368.7333  0.3628 
   00123    0.4172   -8346.0473  0.3711 
   00124    0.4288   -8349.2356  0.3694 
   00125    0.4176   -8426.4049  0.3698 
   00126    0.4144   -8366.0848  0.3597 
   00127    0.4220   -8389.4107  0.3571 
   00128    0.4012   -8356.6757  0.3610 
   00129    0.4136   -8381.7556  0.3562 
   00130    0.4076   -8426.8130  0.3540 
   00131    0.4164   -8435.9038  0.3556 
   00132    0.4256   -8488.3421  0.3638 
   00133    0.4120   -8487.0622  0.3654 
   00134    0.4236   -8451.5252  0.3739 
   00135    0.4196   -8430.2041  0.3757 
   00136    0.4080   -8417.8419  0.3744 
   00137    0.4160   -8393.6831  0.3834 
   00138    0.3960   -8424.9994  0.3838 
   00139    0.4212   -8462.2165  0.3842 
   00140    0.4164   -8430.8946  0.3851 
   00141    0.4156   -8466.0461  0.3882 
   00142    0.4080   -8449.1724  0.3884 
   00143    0.4096   -8501.6249  0.3897 
   00144    0.4092   -8463.5397  0.3950 
   00145    0.4280   -8466.8414  0.3910 
   00146    0.4024   -8464.4144  0.3900 
   00147    0.4236   -8478.4009  0.3891 
   00148    0.4100   -8426.3386  0.3884 
   00149    0.4128   -8427.9142  0.3898 
   00150    0.4260   -8448.2181  0.3839 
   00151    0.4160   -8442.3488  0.3794 
   00152    0.4204   -8377.8320  0.3776 
   00153    0.4240   -8395.8462  0.3738 
   00154    0.4172   -8431.5845  0.3802 
   00155    0.4180   -8439.9055  0.3776 
   00156    0.4020   -8426.1075  0.3795 
   00157    0.4080   -8446.3172  0.3841 
   00158    0.4116   -8438.5527  0.3821 
   00159    0.4100   -8447.1345  0.3787 
   00160    0.4188   -8452.5883  0.3755 
   00161    0.4304   -8453.0141  0.3815 
   00162    0.4116   -8450.0853  0.3831 
   00163    0.3976   -8433.7218  0.3761 
   00164    0.4148   -8417.1138  0.3754 
   00165    0.4264   -8455.6055  0.3793 
   00166    0.3992   -8512.6386  0.3836 
   00167    0.4040   -8452.0766  0.3809 
   00168    0.4140   -8460.5411  0.3865 
   00169    0.4244   -8461.2295  0.3789 
   00170    0.4000   -8484.3350  0.3798 
   00171    0.3976   -8473.6069  0.3879 
   00172    0.4156   -8463.6113  0.3966 
   00173    0.4244   -8498.8001  0.3962 
   00174    0.4088   -8528.1196  0.3916 
   00175    0.4088   -8490.0926  0.3914 
   00176    0.4232   -8486.7799  0.3903 
   00177    0.4016   -8497.9905  0.3978 
   00178    0.4104   -8485.5399  0.3993 
   00179    0.4376   -8450.9336  0.3909 
   00180    0.4280   -8467.5710  0.3867 
   00181    0.4204   -8461.2333  0.3811 
   00182    0.4024   -8461.7071  0.3845 
   00183    0.4092   -8475.5083  0.3957 
   00184    0.3948   -8465.1184  0.3927 
   00185    0.4084   -8469.0667  0.3873 
   00186    0.4088   -8477.3719  0.3851 
   00187    0.4136   -8504.1192  0.3892 
   00188    0.4152   -8432.7384  0.3862 
   00189    0.4144   -8443.6782  0.3940 
   00190    0.3912   -8451.7389  0.3949 
   00191    0.4196   -8444.7933  0.3923 
   00192    0.4168   -8458.4196  0.3955 
   00193    0.4204   -8484.9621  0.3989 
   00194    0.4072   -8501.0462  0.4017 
   00195    0.4188   -8500.4602  0.4013 
   00196    0.3864   -8520.3674  0.3992 
   00197    0.4060   -8497.6155  0.4028 
   00198    0.4116   -8480.1841  0.4033 
   00199    0.4164   -8487.7698  0.4111 
   00200    0.4020   -8476.6519  0.4118 
   00201    0.4200   -8506.6534  0.4118 
   00202    0.3964   -8490.3962  0.4174 
   00203    0.4040   -8447.5078  0.4147 
   00204    0.4020   -8450.2494  0.4141 
   00205    0.4004   -8498.2453  0.4126 
   00206    0.4008   -8443.2874  0.4054 
   00207    0.4144   -8379.5314  0.4060 
   00208    0.4132   -8369.3244  0.4049 
   00209    0.4040   -8432.2727  0.4119 
   00210    0.4132   -8445.8673  0.4090 
   00211    0.4048   -8407.3699  0.4081 
   00212    0.4108   -8385.6744  0.4044 
   00213    0.4176   -8413.8637  0.4118 
   00214    0.4192   -8399.0431  0.4111 
   00215    0.4084   -8433.8067  0.4111 
   00216    0.4336   -8420.9395  0.4110 
   00217    0.4352   -8415.3127  0.4097 
   00218    0.4148   -8399.7121  0.4096 
   00219    0.4160   -8432.2275  0.4083 
   00220    0.4140   -8438.4867  0.4074 
   00221    0.4144   -8435.3184  0.4152 
   00222    0.4104   -8466.2103  0.4215 
   00223    0.4200   -8431.3201  0.4226 
   00224    0.4104   -8465.3055  0.4158 
   00225    0.4304   -8430.1344  0.4140 
   00226    0.4172   -8427.9654  0.4115 
   00227    0.4036   -8494.8396  0.4065 
   00228    0.4208   -8520.5864  0.4079 
   00229    0.4080   -8502.3367  0.4124 
   00230    0.3816   -8481.0087  0.4135 
   00231    0.3924   -8520.0114  0.4081 
   00232    0.4224   -8515.5721  0.4069 
   00233    0.3968   -8512.8755  0.4063 
   00234    0.3932   -8544.8274  0.4086 
   00235    0.4216   -8569.3975  0.4116 
   00236    0.4080   -8507.1518  0.4167 
   00237    0.4152   -8467.5676  0.4183 
   00238    0.4060   -8471.9576  0.4186 
   00239    0.4196   -8493.7154  0.4174 
   00240    0.4120   -8535.2627  0.4126 
   00241    0.4176   -8567.5295  0.4186 
   00242    0.4296   -8499.9782  0.4237 
   00243    0.4028   -8455.6943  0.4264 
   00244    0.3944   -8406.2929  0.4300 
   00245    0.4380   -8405.3954  0.4266 
   00246    0.4108   -8428.9571  0.4272 
   00247    0.3896   -8464.8633  0.4339 
   00248    0.4148   -8437.1234  0.4316 
   00249    0.4296   -8415.5123  0.4341 
   00250    0.4272   -8417.4628  0.4427 
   00251    0.4132   -8397.7686  0.4479 
   00252    0.4024   -8398.7983  0.4441 
   00253    0.4196   -8406.1283  0.4477 
   00254    0.4140   -8433.5775  0.4466 
   00255    0.4128   -8427.5548  0.4453 
   00256    0.4072   -8437.1571  0.4526 
   00257    0.4140   -8428.0459  0.4491 
   00258    0.4072   -8441.2677  0.4467 
   00259    0.4028   -8458.5677  0.4457 
   00260    0.4044   -8457.2140  0.4502 
   00261    0.4156   -8439.8615  0.4569 
   00262    0.4156   -8421.3320  0.4671 
   00263    0.4172   -8429.0594  0.4607 
   00264    0.4068   -8415.0954  0.4611 
   00265    0.4052   -8455.6351  0.4611 
   00266    0.4088   -8475.2724  0.4621 
   00267    0.4008   -8465.7493  0.4604 
   00268    0.4012   -8448.2292  0.4693 
   00269    0.4048   -8487.8137  0.4659 
   00270    0.3888   -8479.6864  0.4667 
   00271    0.4144   -8483.0327  0.4726 
   00272    0.4076   -8498.1482  0.4750 
   00273    0.4048   -8442.7196  0.4728 
   00274    0.4124   -8476.0721  0.4698 
   00275    0.4248   -8501.2233  0.4684 
   00276    0.4124   -8528.1116  0.4714 
   00277    0.4136   -8557.7525  0.4735 
   00278    0.4100   -8470.9549  0.4767 
   00279    0.3848   -8478.5550  0.4750 
   00280    0.3968   -8503.3865  0.4735 
   00281    0.4212   -8505.5861  0.4690 
   00282    0.4036   -8536.3148  0.4689 
   00283    0.4188   -8505.2635  0.4714 
   00284    0.4012   -8529.9491  0.4712 
   00285    0.4212   -8504.8794  0.4672 
   00286    0.4028   -8495.4878  0.4677 
   00287    0.4100   -8517.6882  0.4756 
   00288    0.4236   -8539.6584  0.4780 
   00289    0.4172   -8522.6830  0.4688 
   00290    0.4068   -8483.2937  0.4681 
   00291    0.4124   -8477.6855  0.4704 
   00292    0.4092   -8438.0025  0.4801 
   00293    0.4124   -8453.0553  0.4856 
   00294    0.4240   -8430.4529  0.4785 
   00295    0.4244   -8430.5464  0.4779 
   00296    0.4000   -8466.6311  0.4772 
   00297    0.4148   -8475.3426  0.4724 
   00298    0.4008   -8460.7269  0.4696 
   00299    0.4288   -8464.2733  0.4697 
   00300    0.4088   -8463.3498  0.4702 
   00301    0.4184   -8463.5977  0.4668 
   00302    0.3848   -8476.8439  0.4718 
   00303    0.4188   -8432.6994  0.4673 
   00304    0.4024   -8428.0609  0.4586 
   00305    0.4216   -8449.8093  0.4580 
   00306    0.4276   -8439.0590  0.4623 
   00307    0.4276   -8427.0579  0.4579 
   00308    0.4084   -8445.3420  0.4664 
   00309    0.4324   -8431.5146  0.4648 
   00310    0.4336   -8441.2504  0.4675 
   00311    0.4132   -8441.8985  0.4607 
   00312    0.4088   -8396.0032  0.4609 
   00313    0.4120   -8429.6694  0.4620 
   00314    0.4156   -8448.7792  0.4616 
   00315    0.4196   -8463.0196  0.4631 
   00316    0.3988   -8467.8608  0.4620 
   00317    0.4160   -8455.9818  0.4640 
   00318    0.4120   -8423.2521  0.4678 
   00319    0.4188   -8434.8038  0.4648 
   00320    0.4088   -8432.4949  0.4587 
   00321    0.4112   -8443.0646  0.4566 
   00322    0.4208   -8477.7994  0.4493 
   00323    0.3988   -8520.7742  0.4516 
   00324    0.4040   -8531.8744  0.4460 
   00325    0.4144   -8516.1115  0.4477 
   00326    0.4088   -8488.5879  0.4462 
   00327    0.4080   -8504.4993  0.4447 
   00328    0.4084   -8521.1702  0.4459 
   00329    0.3980   -8509.7094  0.4499 
   00330    0.4272   -8475.9805  0.4515 
   00331    0.4176   -8480.1269  0.4509 
   00332    0.3892   -8482.2273  0.4461 
   00333    0.4012   -8476.8681  0.4537 
   00334    0.4072   -8448.2401  0.4573 
   00335    0.4108   -8458.9716  0.4582 
   00336    0.4096   -8450.2580  0.4594 
   00337    0.4220   -8408.1790  0.4631 
   00338    0.4040   -8420.1180  0.4652 
   00339    0.4120   -8440.7651  0.4707 
   00340    0.4172   -8478.0120  0.4685 
   00341    0.4212   -8476.9585  0.4696 
   00342    0.4252   -8464.5261  0.4690 
   00343    0.4276   -8452.8685  0.4664 
   00344    0.4208   -8455.9979  0.4643 
   00345    0.4064   -8474.8263  0.4584 
   00346    0.3996   -8495.9077  0.4612 
   00347    0.4132   -8485.4586  0.4543 
   00348    0.4000   -8509.2683  0.4496 
   00349    0.3960   -8473.6371  0.4424 
   00350    0.4304   -8435.6369  0.4445 
   00351    0.4004   -8438.6332  0.4397 
   00352    0.4188   -8465.6056  0.4389 
   00353    0.4164   -8449.8581  0.4365 
   00354    0.4128   -8478.2545  0.4358 
   00355    0.4100   -8483.0900  0.4386 
   00356    0.4140   -8455.5847  0.4403 
   00357    0.4180   -8477.5318  0.4423 
   00358    0.4220   -8502.6822  0.4458 
   00359    0.4060   -8478.7805  0.4483 
   00360    0.4256   -8492.6273  0.4473 
   00361    0.4288   -8483.3472  0.4506 
   00362    0.4196   -8453.0249  0.4449 
   00363    0.4224   -8431.5877  0.4425 
   00364    0.4188   -8430.2963  0.4417 
   00365    0.4152   -8475.5884  0.4447 
   00366    0.4148   -8480.1171  0.4479 
   00367    0.4212   -8433.3296  0.4533 
   00368    0.4096   -8476.3741  0.4552 
   00369    0.3952   -8468.6558  0.4535 
   00370    0.4064   -8477.1351  0.4529 
   00371    0.4032   -8489.4646  0.4583 
   00372    0.4224   -8506.0806  0.4563 
   00373    0.3992   -8518.8376  0.4593 
   00374    0.4048   -8530.0290  0.4546 
   00375    0.4244   -8507.1054  0.4576 
   00376    0.4148   -8474.9153  0.4596 
   00377    0.4052   -8506.9985  0.4623 
   00378    0.4092   -8529.1108  0.4630 
   00379    0.4004   -8541.7350  0.4625 
   00380    0.4140   -8542.8164  0.4628 
   00381    0.4272   -8478.6151  0.4614 
   00382    0.4016   -8501.8595  0.4620 
   00383    0.4080   -8510.5102  0.4646 
   00384    0.4184   -8517.0227  0.4697 
   00385    0.4156   -8521.9242  0.4699 
   00386    0.4092   -8541.0112  0.4707 
   00387    0.4084   -8551.5055  0.4694 
   00388    0.3984   -8558.6857  0.4721 
   00389    0.4132   -8551.6194  0.4714 
   00390    0.4248   -8534.6664  0.4686 
   00391    0.4140   -8520.1757  0.4744 
   00392    0.4152   -8541.8187  0.4811 
   00393    0.4160   -8519.6283  0.4829 
   00394    0.4080   -8520.4161  0.4857 
   00395    0.4048   -8503.2238  0.4902 
   00396    0.4180   -8534.5563  0.4950 
   00397    0.4096   -8547.9839  0.5002 
   00398    0.4188   -8507.1672  0.4970 
   00399    0.4256   -8470.3660  0.5018 
   00400    0.4100   -8491.5513  0.5127 
   00401    0.4100   -8493.4696  0.5086 
   00402    0.4196   -8503.9370  0.5069 
   00403    0.4164   -8466.9544  0.5051 
   00404    0.4336   -8509.1846  0.5050 
   00405    0.4116   -8485.6457  0.5058 
   00406    0.4392   -8507.5176  0.5116 
   00407    0.4156   -8514.5232  0.5076 
   00408    0.4112   -8491.2084  0.5061 
   00409    0.4196   -8516.0648  0.5092 
   00410    0.4068   -8555.0976  0.5120 
   00411    0.4000   -8540.7821  0.5099 
   00412    0.4032   -8529.2945  0.5106 
   00413    0.4036   -8512.1647  0.5066 
   00414    0.4216   -8459.9415  0.5097 
   00415    0.4096   -8461.6520  0.5088 
   00416    0.4396   -8475.4395  0.5049 
   00417    0.3996   -8508.8096  0.5079 
   00418    0.4188   -8501.2703  0.5077 
   00419    0.4164   -8466.2011  0.5080 
   00420    0.4100   -8469.9308  0.5030 
   00421    0.4096   -8465.3932  0.5110 
   00422    0.4136   -8478.3634  0.5110 
   00423    0.4104   -8466.2790  0.5089 
   00424    0.4160   -8444.3296  0.5163 
   00425    0.4176   -8471.7843  0.5148 
   00426    0.4164   -8469.1904  0.5178 
   00427    0.4180   -8465.6309  0.5167 
   00428    0.4280   -8489.8585  0.5140 
   00429    0.4200   -8514.6724  0.5121 
   00430    0.4088   -8505.9011  0.5156 
   00431    0.4084   -8436.7387  0.5167 
   00432    0.4188   -8482.0120  0.5151 
   00433    0.4168   -8499.7719  0.5140 
   00434    0.3952   -8477.2030  0.5208 
   00435    0.4120   -8472.4351  0.5236 
   00436    0.4236   -8474.3307  0.5195 
   00437    0.4032   -8476.8170  0.5228 
   00438    0.4272   -8482.1342  0.5234 
   00439    0.4196   -8486.6522  0.5253 
   00440    0.4184   -8459.0849  0.5248 
   00441    0.4076   -8486.7328  0.5275 
   00442    0.4060   -8523.4940  0.5272 
   00443    0.4056   -8508.3812  0.5295 
   00444    0.4064   -8511.6665  0.5296 
   00445    0.4108   -8527.6825  0.5257 
   00446    0.4152   -8484.2846  0.5185 
   00447    0.3844   -8495.4870  0.5191 
   00448    0.4208   -8522.4479  0.5260 
   00449    0.3976   -8477.9959  0.5219 
   00450    0.4200   -8463.7967  0.5196 
   00451    0.4220   -8526.1247  0.5270 
   00452    0.4208   -8523.4646  0.5267 
   00453    0.4196   -8504.5625  0.5260 
   00454    0.4056   -8515.0739  0.5277 
   00455    0.4048   -8530.2060  0.5318 
   00456    0.4012   -8510.9194  0.5332 
   00457    0.4080   -8526.8369  0.5376 
   00458    0.4216   -8534.6867  0.5378 
   00459    0.4080   -8537.9451  0.5362 
   00460    0.4044   -8524.0764  0.5406 
   00461    0.3984   -8554.5421  0.5449 
   00462    0.4004   -8523.2868  0.5464 
   00463    0.4280   -8487.1506  0.5379 
   00464    0.4092   -8496.3993  0.5411 
   00465    0.4188   -8505.9027  0.5388 
   00466    0.4172   -8511.6700  0.5390 
   00467    0.4180   -8498.4578  0.5333 
   00468    0.4184   -8483.9692  0.5365 
   00469    0.4036   -8526.1970  0.5442 
   00470    0.4100   -8497.6388  0.5432 
   00471    0.4124   -8525.9052  0.5436 
   00472    0.4116   -8495.6541  0.5408 
   00473    0.4056   -8507.6122  0.5377 
   00474    0.4120   -8528.6466  0.5396 
   00475    0.4140   -8535.3632  0.5356 
   00476    0.4168   -8534.0940  0.5380 
   00477    0.3960   -8532.3056  0.5360 
   00478    0.4080   -8513.4215  0.5369 
   00479    0.4168   -8479.9984  0.5339 
   00480    0.4368   -8497.2946  0.5326 
   00481    0.4104   -8550.4992  0.5349 
   00482    0.4028   -8532.9691  0.5397 
   00483    0.4108   -8525.5940  0.5393 
   00484    0.3984   -8508.4816  0.5420 
   00485    0.4120   -8532.1575  0.5384 
   00486    0.3952   -8479.1097  0.5371 
   00487    0.3876   -8487.4020  0.5392 
   00488    0.4148   -8480.8647  0.5383 
   00489    0.4088   -8484.3200  0.5445 
   00490    0.4052   -8444.2300  0.5484 
   00491    0.3984   -8487.0569  0.5535 
   00492    0.4164   -8483.7530  0.5543 
   00493    0.4204   -8506.0636  0.5476 
   00494    0.4024   -8500.0942  0.5446 
   00495    0.4060   -8526.1514  0.5511 
   00496    0.4044   -8499.5027  0.5490 
   00497    0.4164   -8491.5296  0.5492 
   00498    0.4052   -8493.5661  0.5540 
   00499    0.4188   -8485.1825  0.5508 
   00500    0.4044   -8505.4257  0.5509 
   00501    0.4088   -8529.8959  0.5490 
   00502    0.4068   -8529.0776  0.5513 
   00503    0.4088   -8515.3441  0.5501 
   00504    0.4164   -8543.2042  0.5475 
   00505    0.4180   -8543.9760  0.5447 
   00506    0.4256   -8528.8597  0.5483 
   00507    0.4132   -8513.9756  0.5428 
   00508    0.4108   -8455.0547  0.5475 
   00509    0.4104   -8504.4983  0.5452 
   00510    0.3880   -8513.2546  0.5430 
   00511    0.4172   -8505.5218  0.5418 
   00512    0.4052   -8444.8552  0.5371 
   00513    0.4024   -8474.1233  0.5360 
   00514    0.4172   -8510.7621  0.5295 
   00515    0.4240   -8472.2407  0.5278 
   00516    0.4264   -8454.5011  0.5234 
   00517    0.3924   -8467.5223  0.5200 
   00518    0.4040   -8462.7024  0.5235 
   00519    0.4112   -8465.9115  0.5192 
   00520    0.4324   -8482.0818  0.5194 
   00521    0.4104   -8487.8637  0.5193 
   00522    0.4276   -8524.6391  0.5194 
   00523    0.4084   -8513.5905  0.5192 
   00524    0.4128   -8521.0636  0.5205 
   00525    0.3872   -8519.5957  0.5175 
   00526    0.4108   -8471.5751  0.5253 
   00527    0.4084   -8499.2353  0.5296 
   00528    0.4156   -8470.9504  0.5309 
   00529    0.4168   -8475.3571  0.5288 
   00530    0.4108   -8469.7907  0.5272 
   00531    0.4112   -8516.5065  0.5324 
   00532    0.4032   -8519.9508  0.5356 
   00533    0.4200   -8501.3619  0.5333 
   00534    0.4196   -8540.1249  0.5302 
   00535    0.4076   -8528.4460  0.5312 
   00536    0.4068   -8554.2794  0.5366 
   00537    0.4020   -8583.4628  0.5363 
   00538    0.4068   -8565.3681  0.5274 
   00539    0.4092   -8587.2339  0.5215 
   00540    0.4060   -8613.5143  0.5269 
   00541    0.4076   -8574.3992  0.5292 
   00542    0.4072   -8574.7315  0.5359 
   00543    0.4068   -8585.5598  0.5390 
   00544    0.4140   -8608.8946  0.5370 
   00545    0.4092   -8595.5309  0.5378 
   00546    0.3996   -8577.7351  0.5415 
   00547    0.3916   -8574.6745  0.5435 
   00548    0.4044   -8564.0403  0.5377 
   00549    0.4032   -8532.3173  0.5382 
   00550    0.4096   -8562.3620  0.5391 
   00551    0.4140   -8579.0109  0.5361 
   00552    0.4028   -8609.4854  0.5373 
   00553    0.3896   -8628.8265  0.5415 
   00554    0.3968   -8601.9006  0.5415 
   00555    0.4148   -8539.7495  0.5424 
   00556    0.4056   -8556.4276  0.5360 
   00557    0.4176   -8584.5444  0.5402 
   00558    0.4172   -8570.3061  0.5377 
   00559    0.4100   -8520.2603  0.5376 
   00560    0.4116   -8526.2336  0.5373 
   00561    0.4020   -8489.2343  0.5364 
   00562    0.4144   -8494.0354  0.5349 
   00563    0.4052   -8520.7270  0.5368 
   00564    0.4116   -8519.3865  0.5368 
   00565    0.4096   -8507.1215  0.5388 
   00566    0.4296   -8539.2067  0.5347 
   00567    0.4068   -8519.7037  0.5412 
   00568    0.4036   -8523.5383  0.5373 
   00569    0.4216   -8506.5335  0.5395 
   00570    0.4128   -8553.5194  0.5396 
   00571    0.3940   -8556.5457  0.5413 
   00572    0.4044   -8522.3598  0.5414 
   00573    0.4096   -8551.1687  0.5421 
   00574    0.4216   -8537.5668  0.5427 
   00575    0.3964   -8541.4302  0.5418 
   00576    0.4116   -8536.5691  0.5355 
   00577    0.4192   -8530.1487  0.5412 
   00578    0.4292   -8525.5208  0.5417 
   00579    0.4032   -8553.5323  0.5330 
   00580    0.4052   -8548.9263  0.5269 
   00581    0.4012   -8544.6569  0.5307 
   00582    0.4084   -8540.4831  0.5281 
   00583    0.4144   -8513.2545  0.5247 
   00584    0.4292   -8560.0649  0.5281 
   00585    0.4184   -8589.5972  0.5287 
   00586    0.4096   -8541.8026  0.5286 
   00587    0.4228   -8511.8337  0.5225 
   00588    0.4160   -8492.8590  0.5269 
   00589    0.4068   -8498.9365  0.5255 
   00590    0.4136   -8528.2007  0.5241 
   00591    0.4148   -8504.3493  0.5248 
   00592    0.4032   -8535.6312  0.5236 
   00593    0.4268   -8532.7989  0.5264 
   00594    0.4236   -8524.4574  0.5262 
   00595    0.4084   -8523.8580  0.5281 
   00596    0.4164   -8476.1208  0.5280 
   00597    0.4132   -8435.7142  0.5287 
   00598    0.4060   -8454.6176  0.5324 
   00599    0.4060   -8429.3815  0.5377 
   00600    0.4376   -8445.7068  0.5419 
   00601    0.4272   -8469.8529  0.5410 
   00602    0.4264   -8475.2529  0.5443 
   00603    0.4184   -8475.2389  0.5452 
   00604    0.4172   -8514.0987  0.5422 
   00605    0.4252   -8482.7824  0.5470 
   00606    0.3976   -8539.4207  0.5525 
   00607    0.4252   -8510.4500  0.5529 
   00608    0.4056   -8541.4931  0.5594 
   00609    0.4116   -8547.2781  0.5619 
   00610    0.4128   -8524.9561  0.5529 
   00611    0.4200   -8511.5074  0.5561 
   00612    0.3968   -8528.0902  0.5585 
   00613    0.4060   -8470.5571  0.5541 
   00614    0.3840   -8495.6652  0.5543 
   00615    0.4088   -8543.5051  0.5604 
   00616    0.4072   -8500.5220  0.5646 
   00617    0.4148   -8503.7227  0.5636 
   00618    0.3976   -8534.5377  0.5627 
   00619    0.3944   -8531.2735  0.5618 
   00620    0.4044   -8553.2911  0.5670 
   00621    0.4040   -8512.7817  0.5682 
   00622    0.4004   -8535.3683  0.5703 
   00623    0.4048   -8553.6153  0.5646 
   00624    0.4216   -8553.2286  0.5621 
   00625    0.4080   -8562.4382  0.5631 
   00626    0.4104   -8577.6061  0.5592 
   00627    0.4092   -8491.2374  0.5528 
   00628    0.4124   -8529.1258  0.5464 
   00629    0.3980   -8504.7543  0.5504 
   00630    0.4016   -8500.3560  0.5535 
   00631    0.4032   -8540.8770  0.5559 
   00632    0.3984   -8518.5661  0.5581 
   00633    0.4220   -8536.3392  0.5605 
   00634    0.4132   -8510.7900  0.5545 
   00635    0.4280   -8492.9671  0.5472 
   00636    0.3968   -8477.5460  0.5533 
   00637    0.4100   -8508.0633  0.5561 
   00638    0.4048   -8505.0630  0.5524 
   00639    0.4236   -8458.1956  0.5455 
   00640    0.4112   -8497.2800  0.5449 
   00641    0.4204   -8473.1502  0.5507 
   00642    0.4172   -8478.6141  0.5461 
   00643    0.4176   -8490.4957  0.5413 
   00644    0.4164   -8507.2867  0.5407 
   00645    0.4180   -8522.5154  0.5463 
   00646    0.4236   -8584.1049  0.5505 
   00647    0.4168   -8572.1847  0.5478 
   00648    0.4012   -8556.7374  0.5533 
   00649    0.4004   -8502.4568  0.5452 
   00650    0.3988   -8463.6223  0.5366 
   00651    0.4160   -8468.5881  0.5357 
   00652    0.4060   -8485.8769  0.5344 
   00653    0.4132   -8455.5137  0.5340 
   00654    0.4120   -8440.7033  0.5347 
   00655    0.4060   -8407.7763  0.5357 
   00656    0.4216   -8436.0139  0.5327 
   00657    0.4216   -8431.6762  0.5321 
   00658    0.4196   -8425.4364  0.5352 
   00659    0.4056   -8450.3031  0.5381 
   00660    0.4048   -8441.8556  0.5395 
   00661    0.4092   -8456.4497  0.5422 
   00662    0.4004   -8472.3329  0.5413 
   00663    0.4120   -8432.7188  0.5457 
   00664    0.4044   -8447.7155  0.5420 
   00665    0.4056   -8383.8193  0.5471 
   00666    0.4060   -8420.5496  0.5466 
   00667    0.4116   -8451.9289  0.5462 
   00668    0.4156   -8471.3801  0.5432 
   00669    0.4080   -8480.4548  0.5447 
   00670    0.4164   -8463.3937  0.5418 
   00671    0.4060   -8438.1254  0.5468 
   00672    0.4124   -8508.0499  0.5486 
   00673    0.4120   -8519.4273  0.5517 
   00674    0.4208   -8514.4112  0.5547 
   00675    0.3932   -8537.0076  0.5567 
   00676    0.3948   -8560.0049  0.5565 
   00677    0.4060   -8520.6441  0.5606 
   00678    0.4060   -8524.7325  0.5686 
   00679    0.4004   -8537.2773  0.5720 
   00680    0.4224   -8473.3051  0.5715 
   00681    0.4020   -8471.9645  0.5675 
   00682    0.4300   -8438.9790  0.5651 
   00683    0.4024   -8453.9980  0.5611 
   00684    0.4196   -8485.5246  0.5618 
   00685    0.4228   -8445.3740  0.5661 
   00686    0.4064   -8409.5692  0.5638 
   00687    0.4148   -8439.4904  0.5651 
   00688    0.4120   -8397.1722  0.5677 
   00689    0.4196   -8423.6326  0.5668 
   00690    0.4132   -8495.4491  0.5675 
   00691    0.4064   -8512.5829  0.5679 
   00692    0.4200   -8502.7867  0.5736 
   00693    0.4112   -8534.4307  0.5739 
   00694    0.4052   -8513.7525  0.5804 
   00695    0.4088   -8514.5779  0.5810 
   00696    0.4164   -8477.5840  0.5811 
   00697    0.4064   -8483.5461  0.5780 
   00698    0.4052   -8493.5671  0.5769 
   00699    0.4108   -8459.6107  0.5777 
   00700    0.4136   -8499.1442  0.5828 
   00701    0.4072   -8479.9645  0.5786 
   00702    0.4052   -8450.9521  0.5815 
   00703    0.4228   -8484.3149  0.5818 
   00704    0.4304   -8536.0360  0.5852 
   00705    0.4092   -8582.4703  0.5891 
   00706    0.3980   -8501.0169  0.5962 
   00707    0.4128   -8515.2225  0.5944 
   00708    0.3928   -8506.3781  0.5951 
   00709    0.4280   -8525.4803  0.5974 
   00710    0.4084   -8491.9689  0.5984 
   00711    0.4072   -8504.5413  0.5980 
   00712    0.3900   -8526.4776  0.6033 
   00713    0.3928   -8528.0451  0.6025 
   00714    0.4092   -8515.2669  0.6029 
   00715    0.4048   -8519.9799  0.5964 
   00716    0.4068   -8484.7982  0.5973 
   00717    0.4108   -8480.7896  0.6018 
   00718    0.4096   -8471.2583  0.5966 
   00719    0.4060   -8498.2671  0.5986 
   00720    0.4264   -8524.7567  0.6027 
   00721    0.4008   -8523.7036  0.6043 
   00722    0.4164   -8517.0757  0.5986 
   00723    0.4164   -8492.9645  0.5962 
   00724    0.3968   -8505.4484  0.5838 
   00725    0.4020   -8470.6918  0.5856 
   00726    0.4160   -8491.8802  0.5888 
   00727    0.4044   -8539.4871  0.5922 
   00728    0.4400   -8574.2246  0.5946 
   00729    0.4012   -8570.3726  0.5959 
   00730    0.4024   -8594.3235  0.5941 
   00731    0.4188   -8529.5380  0.5952 
   00732    0.4060   -8533.8075  0.5936 
   00733    0.4020   -8510.1319  0.5965 
   00734    0.4112   -8532.3717  0.5952 
   00735    0.4224   -8537.8928  0.5946 
   00736    0.4064   -8546.4616  0.5998 
   00737    0.4112   -8540.0089  0.6057 
   00738    0.4228   -8574.7949  0.6092 
   00739    0.4100   -8492.7632  0.6009 
   00740    0.4020   -8485.3185  0.6001 
   00741    0.4204   -8506.4372  0.6029 
   00742    0.4092   -8541.5590  0.6089 
   00743    0.4100   -8550.4720  0.6098 
   00744    0.4152   -8548.5352  0.6064 
   00745    0.4092   -8554.3293  0.6106 
   00746    0.4240   -8537.9754  0.6062 
   00747    0.4076   -8551.9961  0.5986 
   00748    0.4052   -8576.1487  0.6031 
   00749    0.4176   -8572.4967  0.6022 
   00750    0.4084   -8550.4813  0.6032 
   00751    0.4072   -8580.4393  0.5970 
   00752    0.3992   -8575.7795  0.5962 
   00753    0.3980   -8606.4899  0.5951 
   00754    0.3988   -8595.7261  0.5921 
   00755    0.4096   -8565.3383  0.5951 
   00756    0.4000   -8573.3246  0.5952 
   00757    0.4280   -8554.1143  0.5913 
   00758    0.4112   -8552.8434  0.5936 
   00759    0.4040   -8528.4367  0.5951 
   00760    0.4096   -8551.4736  0.5916 
   00761    0.4284   -8577.4692  0.5895 
   00762    0.4120   -8516.8253  0.5911 
   00763    0.4008   -8480.0696  0.5974 
   00764    0.4020   -8528.2493  0.5920 
   00765    0.4008   -8540.7589  0.5956 
   00766    0.4000   -8545.6277  0.5978 
   00767    0.4184   -8530.1107  0.5973 
   00768    0.4276   -8511.3559  0.5958 
   00769    0.4100   -8532.1688  0.5972 
   00770    0.3992   -8547.6205  0.5921 
   00771    0.4072   -8509.4185  0.5945 
   00772    0.4048   -8592.0353  0.5964 
   00773    0.3988   -8580.8447  0.5982 
   00774    0.4260   -8547.0372  0.5980 
   00775    0.4184   -8545.1797  0.5920 
   00776    0.4256   -8547.2718  0.5948 
   00777    0.4084   -8551.8619  0.5944 
   00778    0.4308   -8552.5836  0.5897 
   00779    0.4052   -8563.7716  0.5917 
   00780    0.4096   -8549.3788  0.5924 
   00781    0.4092   -8543.3750  0.5968 
   00782    0.4072   -8527.1872  0.5909 
   00783    0.4104   -8545.6150  0.5877 
   00784    0.4020   -8541.1358  0.5890 
   00785    0.4040   -8537.1176  0.5886 
   00786    0.3904   -8516.9623  0.5867 
   00787    0.4048   -8524.0271  0.5921 
   00788    0.4184   -8510.5366  0.5935 
   00789    0.4128   -8521.1890  0.5928 
   00790    0.4168   -8560.7509  0.5955 
   00791    0.4228   -8564.9587  0.5923 
   00792    0.4256   -8531.1015  0.5887 
   00793    0.4120   -8462.2370  0.5883 
   00794    0.4176   -8437.0378  0.5890 
   00795    0.3952   -8471.3039  0.5918 
   00796    0.4284   -8434.9771  0.5912 
   00797    0.4124   -8481.7974  0.5946 
   00798    0.4132   -8471.4994  0.5886 
   00799    0.4224   -8497.7443  0.5859 
   00800    0.4260   -8506.2053  0.5881 
   00801    0.4256   -8488.4537  0.5867 
   00802    0.3972   -8525.5347  0.5859 
   00803    0.4116   -8541.0515  0.5848 
   00804    0.4136   -8537.1250  0.5863 
   00805    0.4168   -8525.3312  0.5869 
   00806    0.4176   -8516.1455  0.5874 
   00807    0.4212   -8519.5438  0.5900 
   00808    0.4260   -8506.8803  0.5879 
   00809    0.4168   -8523.7524  0.5907 
   00810    0.4060   -8517.3161  0.5905 
   00811    0.3996   -8531.4976  0.5959 
   00812    0.4116   -8506.0439  0.5955 
   00813    0.4340   -8481.2615  0.5945 
   00814    0.4144   -8476.5588  0.5959 
   00815    0.4196   -8486.9502  0.5915 
   00816    0.4056   -8469.8277  0.5850 
   00817    0.4240   -8492.6334  0.5877 
   00818    0.3840   -8475.4953  0.5863 
   00819    0.4028   -8500.2136  0.5859 
   00820    0.4196   -8483.3339  0.5966 
   00821    0.4068   -8484.1423  0.6024 
   00822    0.4088   -8483.0725  0.6012 
   00823    0.4132   -8528.6010  0.5973 
   00824    0.4132   -8524.3842  0.5957 
   00825    0.4036   -8509.3766  0.5942 
   00826    0.3892   -8510.6525  0.5937 
   00827    0.4204   -8485.2822  0.5882 
   00828    0.4208   -8468.8840  0.5960 
   00829    0.4144   -8465.8842  0.6054 
   00830    0.4188   -8512.5315  0.6066 
   00831    0.4280   -8511.5249  0.6156 
   00832    0.4116   -8527.1720  0.6188 
   00833    0.4080   -8530.0853  0.6184 
   00834    0.4128   -8551.2424  0.6168 
   00835    0.3960   -8546.3252  0.6196 
   00836    0.3840   -8548.9809  0.6185 
   00837    0.4004   -8572.7277  0.6135 
   00838    0.4036   -8487.6930  0.6093 
   00839    0.4164   -8494.5484  0.6108 
   00840    0.4180   -8468.2424  0.6099 
   00841    0.4160   -8472.6376  0.6100 
   00842    0.4132   -8448.4617  0.6026 
   00843    0.4204   -8470.8827  0.6038 
   00844    0.4192   -8518.7280  0.6054 
   00845    0.4052   -8531.7917  0.6067 
   00846    0.4056   -8486.5264  0.6067 
   00847    0.4084   -8507.8857  0.6062 
   00848    0.4100   -8524.6060  0.6078 
   00849    0.4168   -8546.3983  0.6066 
   00850    0.4104   -8532.0593  0.6091 
   00851    0.3876   -8526.0751  0.6098 
   00852    0.4272   -8528.4430  0.6061 
   00853    0.4036   -8536.6916  0.6103 
   00854    0.4140   -8519.3654  0.6144 
   00855    0.4196   -8515.5556  0.6127 
   00856    0.4360   -8473.2958  0.6041 
   00857    0.4044   -8479.9521  0.6018 
   00858    0.4152   -8455.0674  0.6036 
   00859    0.4080   -8474.0262  0.6040 
   00860    0.4148   -8426.5328  0.5996 
   00861    0.4252   -8420.6410  0.5967 
   00862    0.4188   -8392.0987  0.6033 
   00863    0.4228   -8444.5017  0.6028 
   00864    0.4136   -8446.2216  0.6021 
   00865    0.4228   -8482.4849  0.6050 
   00866    0.4088   -8459.0670  0.6087 
   00867    0.4288   -8465.8020  0.6096 
   00868    0.4232   -8512.1115  0.6111 
   00869    0.4100   -8543.6310  0.6143 
   00870    0.4104   -8521.6782  0.6133 
   00871    0.4112   -8490.7438  0.6114 
   00872    0.4116   -8492.6163  0.6083 
   00873    0.4072   -8505.3667  0.6166 
   00874    0.4152   -8517.7753  0.6245 
   00875    0.4192   -8513.8544  0.6272 
   00876    0.4124   -8514.3257  0.6330 
   00877    0.3996   -8531.6278  0.6378 
   00878    0.4280   -8532.2043  0.6451 
   00879    0.4248   -8541.4874  0.6436 
   00880    0.4200   -8557.2305  0.6447 
   00881    0.4136   -8528.5797  0.6390 
   00882    0.4172   -8470.1873  0.6347 
   00883    0.4084   -8477.6929  0.6413 
   00884    0.4000   -8468.3985  0.6412 
   00885    0.4136   -8522.1687  0.6380 
   00886    0.3976   -8505.0200  0.6364 
   00887    0.4236   -8537.0955  0.6414 
   00888    0.4084   -8502.6478  0.6335 
   00889    0.4164   -8494.6966  0.6350 
   00890    0.4152   -8495.5205  0.6393 
   00891    0.4116   -8466.6707  0.6282 
   00892    0.4204   -8485.4753  0.6303 
   00893    0.4248   -8494.2489  0.6330 
   00894    0.4176   -8526.9651  0.6338 
   00895    0.4116   -8529.1794  0.6352 
   00896    0.4016   -8530.2085  0.6419 
   00897    0.4140   -8533.8456  0.6441 
   00898    0.4200   -8535.2221  0.6459 
   00899    0.4180   -8569.7612  0.6434 
   00900    0.4092   -8567.6420  0.6394 
   00901    0.4092   -8557.4940  0.6358 
   00902    0.4100   -8576.5521  0.6357 
   00903    0.4092   -8576.8417  0.6307 
   00904    0.3920   -8547.5222  0.6300 
   00905    0.4052   -8542.3868  0.6301 
   00906    0.4008   -8555.5100  0.6328 
   00907    0.4040   -8595.5644  0.6340 
   00908    0.4152   -8548.8397  0.6322 
   00909    0.4164   -8561.1975  0.6310 
   00910    0.4044   -8517.2335  0.6296 
   00911    0.4128   -8536.1309  0.6327 
   00912    0.4064   -8459.2485  0.6243 
   00913    0.4200   -8460.0657  0.6250 
   00914    0.4028   -8447.0339  0.6288 
   00915    0.4236   -8452.5718  0.6342 
   00916    0.4144   -8443.0306  0.6412 
   00917    0.4212   -8489.7548  0.6437 
   00918    0.4104   -8519.8923  0.6487 
   00919    0.3996   -8482.3729  0.6508 
   00920    0.4116   -8510.2934  0.6531 
   00921    0.4156   -8484.7398  0.6523 
   00922    0.4168   -8505.1404  0.6536 
   00923    0.4104   -8495.8424  0.6507 
   00924    0.4168   -8506.5570  0.6574 
   00925    0.4092   -8540.6253  0.6614 
   00926    0.3988   -8528.3485  0.6632 
   00927    0.4236   -8495.9256  0.6621 
   00928    0.4144   -8488.3751  0.6569 
   00929    0.4184   -8500.3648  0.6571 
   00930    0.4132   -8538.7402  0.6590 
   00931    0.4072   -8521.3909  0.6607 
   00932    0.4076   -8528.8786  0.6616 
   00933    0.4300   -8507.4588  0.6611 
   00934    0.4160   -8548.0252  0.6593 
   00935    0.3908   -8556.7752  0.6635 
   00936    0.4160   -8581.2372  0.6697 
   00937    0.4192   -8589.1337  0.6663 
   00938    0.4040   -8619.1732  0.6699 
   00939    0.3944   -8603.2084  0.6689 
   00940    0.4016   -8547.7700  0.6682 
   00941    0.4124   -8512.3474  0.6636 
   00942    0.4212   -8554.1545  0.6685 
   00943    0.4104   -8575.8675  0.6675 
   00944    0.4024   -8565.5668  0.6718 
   00945    0.4064   -8550.8753  0.6737 
   00946    0.4144   -8511.5644  0.6698 
   00947    0.4276   -8535.1017  0.6716 
   00948    0.4044   -8516.3376  0.6675 
   00949    0.4036   -8579.3652  0.6631 
   00950    0.4160   -8558.0117  0.6662 
   00951    0.4044   -8528.0323  0.6593 
   00952    0.4196   -8508.0600  0.6593 
   00953    0.4104   -8505.9816  0.6647 
   00954    0.4204   -8493.0723  0.6642 
   00955    0.4160   -8529.5970  0.6633 
   00956    0.3980   -8561.1134  0.6654 
   00957    0.4012   -8567.4752  0.6594 
   00958    0.4052   -8561.9051  0.6600 
   00959    0.3976   -8522.1985  0.6528 
   00960    0.4168   -8521.3997  0.6493 
   00961    0.4160   -8492.0932  0.6557 
   00962    0.4180   -8506.6466  0.6602 
   00963    0.4012   -8488.2665  0.6583 
   00964    0.4116   -8513.3239  0.6599 
   00965    0.4264   -8539.4095  0.6572 
   00966    0.4044   -8574.2411  0.6569 
   00967    0.4072   -8585.0077  0.6569 
   00968    0.4136   -8525.6262  0.6559 
   00969    0.4076   -8494.9593  0.6523 
   00970    0.4032   -8527.2098  0.6581 
   00971    0.4280   -8539.3329  0.6518 
   00972    0.4008   -8517.0326  0.6493 
   00973    0.3956   -8511.5004  0.6454 
   00974    0.4008   -8536.2262  0.6502 
   00975    0.4112   -8586.8996  0.6483 
   00976    0.4156   -8598.7604  0.6445 
   00977    0.4232   -8577.6990  0.6421 
   00978    0.4004   -8579.0352  0.6374 
   00979    0.4164   -8614.5904  0.6386 
   00980    0.4000   -8594.8661  0.6381 
   00981    0.4088   -8626.8692  0.6352 
   00982    0.4052   -8601.6131  0.6359 
   00983    0.3908   -8592.9112  0.6368 
   00984    0.4076   -8577.4635  0.6399 
   00985    0.4092   -8544.6781  0.6403 
   00986    0.4040   -8492.7344  0.6422 
   00987    0.4220   -8501.3777  0.6341 
   00988    0.3976   -8512.3737  0.6376 
   00989    0.4152   -8519.9901  0.6408 
   00990    0.4028   -8542.8484  0.6419 
   00991    0.4084   -8477.5722  0.6428 
   00992    0.4156   -8498.3301  0.6440 
   00993    0.4160   -8537.9819  0.6434 
   00994    0.4144   -8533.2745  0.6442 
   00995    0.4080   -8532.9899  0.6457 
   00996    0.4032   -8535.0404  0.6444 
   00997    0.4092   -8527.1206  0.6422 
   00998    0.4160   -8494.0441  0.6481 
   00999    0.4108   -8492.2869  0.6454 
   01000    0.3976   -8501.1549  0.6489 
