#=====================================================
# File created:        Mon-11-Mar-2024-at-08-53-39AM
# Size of lattice:     50x50
# Number of MC steps:  1000
# Reduced temperature: 0.650
# Run time (s):        4.523330
#=====================================================
# MC step:  Ratio:     Energy:   Order:
#=====================================================
   00000    0.5000   -2552.1632  0.2664 
   00001    0.6732   -3890.0559  0.2626 
   00002    0.6024   -4583.6950  0.2789 
   00003    0.5656   -5063.3967  0.2783 
   00004    0.5372   -5453.0750  0.2828 
   00005    0.5252   -5734.6820  0.3067 
   00006    0.4824   -6055.5982  0.3099 
   00007    0.4896   -6202.4355  0.3133 
   00008    0.4916   -6386.9068  0.3191 
   00009    0.4800   -6493.6598  0.3204 
   00010    0.4648   -6592.7484  0.3209 
   00011    0.4712   -6668.5229  0.3238 
   00012    0.4728   -6692.8279  0.3284 
   00013    0.4600   -6737.1895  0.3222 
   00014    0.4468   -6827.1623  0.3280 
   00015    0.4520   -6856.5496  0.3293 
   00016    0.4368   -6889.6099  0.3441 
   00017    0.4560   -6902.9072  0.3408 
   00018    0.4476   -6972.5376  0.3406 
   00019    0.4540   -6992.3016  0.3496 
   00020    0.4328   -7045.6234  0.3594 
   00021    0.4308   -7134.0986  0.3605 
   00022    0.4236   -7155.2052  0.3602 
   00023    0.4264   -7144.1819  0.3556 
   00024    0.4380   -7163.1602  0.3486 
   00025    0.4248   -7192.2888  0.3449 
   00026    0.4336   -7265.4895  0.3457 
   00027    0.4352   -7248.6830  0.3482 
   00028    0.4304   -7312.7755  0.3455 
   00029    0.4444   -7334.2486  0.3420 
   00030    0.4232   -7332.0658  0.3437 
   00031    0.4196   -7329.2746  0.3502 
   00032    0.4284   -7334.9275  0.3621 
   00033    0.4268   -7372.0881  0.3618 
   00034    0.4216   -7425.5126  0.3695 
   00035    0.4448   -7396.7936  0.3773 
   00036    0.4276   -7381.0070  0.3818 
   00037    0.4336   -7403.6183  0.3813 
   00038    0.4412   -7428.1198  0.3835 
   00039    0.4272   -7371.9727  0.3939 
   00040    0.4076   -7352.5820  0.3945 
   00041    0.4380   -7342.9963  0.4020 
   00042    0.4360   -7352.3381  0.3937 
   00043    0.4152   -7412.9680  0.3830 
   00044    0.4156   -7453.9082  0.3972 
   00045    0.4140   -7540.4600  0.3935 
   00046    0.4100   -7502.0068  0.3887 
   00047    0.4364   -7477.3417  0.4006 
   00048    0.4236   -7492.3534  0.4057 
   00049    0.4368   -7476.7087  0.4012 
   00050    0.4304   -7473.2108  0.3992 
   00051    0.4200   -7508.7450  0.4010 
   00052    0.4244   -7518.2827  0.4046 
   00053    0.4200   -7578.3245  0.4163 
   00054    0.4072   -7572.9230  0.4141 
   00055    0.4212   -7602.2434  0.4239 
   00056    0.4220   -7654.9792  0.4331 
   00057    0.3948   -7610.3043  0.4283 
   00058    0.4136   -7558.4028  0.4172 
   00059    0.4088   -7568.4168  0.4234 
   00060    0.4232   -7517.3813  0.4236 
   00061    0.4148   -7555.6073  0.4254 
   00062    0.4292   -7627.5360  0.4318 
   00063    0.4160   -7606.0908  0.4361 
   00064    0.3956   -7694.6586  0.4346 
   00065    0.4136   -7723.3471  0.4309 
   00066    0.4204   -7668.4234  0.4383 
   00067    0.4028   -7727.1798  0.4502 
   00068    0.4232   -7682.8547  0.4462 
   00069    0.4052   -7680.1704  0.4419 
   00070    0.4080   -7724.5959  0.4428 
   00071    0.4088   -7717.8551  0.4383 
   00072    0.4356   -7705.0015  0.4367 
   00073    0.4208   -7728.2721  0.4387 
   00074    0.4148   -7663.2896  0.4297 
   00075    0.4128   -7626.8379  0.4321 
   00076    0.4180   -7681.8475  0.4244 
   00077    0.4172   -7735.3461  0.4316 
   00078    0.4200   -7730.2461  0.4404 
   00079    0.4020   -7729.8760  0.4426 
   00080    0.4160   -7790.8831  0.4436 
   00081    0.4140   -7764.2442  0.4386 
   00082    0.4100   -7729.2945  0.4442 
   00083    0.4204   -7727.8826  0.4421 
   00084    0.4144   -7702.2540  0.4367 
   00085    0.3996   -7719.5137  0.4338 
   00086    0.4076   -7725.5613  0.4407 
   00087    0.3916   -7729.7885  0.4421 
   00088    0.4140   -7774.8709  0.4439 
   00089    0.3980   -7745.0231  0.4489 
   00090    0.4100   -7788.0053  0.4527 
   00091    0.4040   -7753.7001  0.4553 
   00092    0.4160   -7783.7968  0.4544 
   00093    0.4000   -7794.9030  0.4551 
   00094    0.4044   -7864.3692  0.4576 
   00095    0.4128   -7838.8627  0.4577 
   00096    0.4156   -7815.5806  0.4654 
   00097    0.4180   -7826.4856  0.4646 
   00098    0.4160   -7794.5559  0.4678 
   00099    0.4068   -7787.6644  0.4657 
   00100    0.4024   -7787.2881  0.4737 
   00101    0.4048   -7792.7182  0.4694 
   00102    0.3956   -7781.1109  0.4772 
   00103    0.4064   -7746.4915  0.4796 
   00104    0.4232   -7773.6037  0.4886 
   00105    0.4080   -7740.6319  0.4905 
   00106    0.4188   -7736.0885  0.4889 
   00107    0.4316   -7692.5354  0.4857 
   00108    0.4032   -7649.7470  0.4822 
   00109    0.4240   -7682.1864  0.4847 
   00110    0.4124   -7708.0091  0.5014 
   00111    0.4108   -7694.3792  0.4977 
   00112    0.4300   -7725.8650  0.5005 
   00113    0.4320   -7683.9488  0.4963 
   00114    0.4200   -7755.8833  0.4971 
   00115    0.4064   -7691.6140  0.5002 
   00116    0.4256   -7658.7787  0.4991 
   00117    0.4100   -7696.7774  0.5022 
   00118    0.4108   -7695.1987  0.5026 
   00119    0.4188   -7776.2898  0.5071 
   00120    0.4036   -7740.7917  0.5126 
   00121    0.4024   -7735.0762  0.5046 
   00122    0.4108   -7711.7073  0.5128 
   00123    0.4328   -7627.6484  0.5063 
   00124    0.4096   -7624.6020  0.5032 
   00125    0.4364   -7602.1153  0.5028 
   00126    0.4268   -7629.8629  0.5054 
   00127    0.3996   -7652.2785  0.5053 
   00128    0.4188   -7647.1842  0.5096 
   00129    0.4036   -7653.4672  0.5090 
   00130    0.4256   -7642.9362  0.5164 
   00131    0.4276   -7652.0942  0.5133 
   00132    0.4164   -7684.3894  0.5150 
   00133    0.4084   -7602.9219  0.5121 
   00134    0.4140   -7603.1426  0.5145 
   00135    0.4140   -7661.3450  0.5197 
   00136    0.4148   -7697.8139  0.5122 
   00137    0.4268   -7739.4643  0.5140 
   00138    0.4088   -7753.0372  0.5163 
   00139    0.4172   -7746.0812  0.5138 
   00140    0.4120   -7745.5619  0.5194 
   00141    0.4128   -7693.8660  0.5199 
   00142    0.4120   -7799.4307  0.5169 
   00143    0.3908   -7752.9567  0.5144 
   00144    0.4152   -7727.5908  0.5182 
   00145    0.4288   -7801.3874  0.5238 
   00146    0.4200   -7877.1629  0.5278 
   00147    0.3956   -7867.4896  0.5277 
   00148    0.4204   -7851.1081  0.5281 
   00149    0.3960   -7900.2374  0.5301 
   00150    0.4032   -7909.5255  0.5335 
   00151    0.4188   -7873.8153  0.5384 
   00152    0.4044   -7870.0052  0.5359 
   00153    0.3956   -7875.1071  0.5335 
   00154    0.4068   -7780.4167  0.5347 
   00155    0.4116   -7794.9209  0.5402 
   00156    0.4096   -7828.2190  0.5458 
   00157    0.4036   -7838.5753  0.5445 
   00158    0.4116   -7879.3469  0.5390 
   00159    0.4020   -7868.8387  0.5395 
   00160    0.3944   -7815.2804  0.5403 
   00161    0.4024   -7816.8974  0.5489 
   00162    0.4084   -7740.0448  0.5478 
   00163    0.3968   -7754.8441  0.5519 
   00164    0.4212   -7787.9191  0.5520 
   00165    0.4152   -7777.1439  0.5551 
   00166    0.4056   -7799.8003  0.5557 
   00167    0.4036   -7816.2224  0.5538 
   00168    0.4100   -7783.2858  0.5479 
   00169    0.4116   -7770.2771  0.5456 
   00170    0.4168   -7727.4809  0.5406 
   00171    0.4096   -7739.3867  0.5334 
   00172    0.3988   -7797.4202  0.5288 
   00173    0.3956   -7689.8884  0.5320 
   00174    0.4112   -7735.6759  0.5270 
   00175    0.4140   -7708.8946  0.5246 
   00176    0.4216   -7790.3624  0.5358 
   00177    0.4072   -7792.2876  0.5385 
   00178    0.4000   -7835.5911  0.5390 
   00179    0.4028   -7877.1214  0.5401 
   00180    0.3892   -7846.9504  0.5330 
   00181    0.3980   -7926.2910  0.5314 
   00182    0.3864   -7886.0680  0.5275 
   00183    0.4068   -7892.7381  0.5251 
   00184    0.3996   -7906.9442  0.5232 
   00185    0.4012   -7917.2340  0.5183 
   00186    0.3952   -7942.8283  0.5244 
   00187    0.4144   -7911.5575  0.5202 
   00188    0.3968   -7917.5181  0.5230 
   00189    0.4108   -7956.6047  0.5169 
   00190    0.4096   -7970.9966  0.5218 
   00191    0.4040   -7905.7286  0.5156 
   00192    0.4028   -7827.9437  0.5166 
   00193    0.3964   -7856.5860  0.5139 
   00194    0.4040   -7834.4911  0.5099 
   00195    0.4112   -7861.2351  0.5119 
   00196    0.4044   -7846.3959  0.5188 
   00197    0.4068   -7835.9544  0.5228 
   00198    0.4076   -7874.6539  0.5273 
   00199    0.4004   -7948.9079  0.5249 
   00200    0.3996   -7940.9048  0.5231 
   00201    0.3980   -7913.2199  0.5228 
   00202    0.3980   -7938.5724  0.5201 
   00203    0.3928   -7983.6152  0.5183 
   00204    0.3996   -7957.4920  0.5170 
   00205    0.3912   -7933.3576  0.5221 
   00206    0.4032   -7886.6378  0.5249 
   00207    0.4096   -7823.5809  0.5281 
   00208    0.4072   -7848.4471  0.5295 
   00209    0.3980   -7843.5780  0.5310 
   00210    0.3960   -7870.1914  0.5275 
   00211    0.4316   -7891.3557  0.5262 
   00212    0.4020   -7911.3373  0.5172 
   00213    0.4024   -7883.9032  0.5132 
   00214    0.4048   -7926.1390  0.5170 
   00215    0.4108   -7933.1250  0.5128 
   00216    0.4012   -7894.1579  0.5088 
   00217    0.3932   -7863.1663  0.5033 
   00218    0.4028   -7911.1638  0.5086 
   00219    0.3936   -7938.7350  0.5136 
   00220    0.3880   -7937.2348  0.5072 
   00221    0.4004   -7922.1592  0.5072 
   00222    0.4016   -7912.0713  0.5028 
   00223    0.4080   -7968.4579  0.5041 
   00224    0.3916   -7942.0219  0.5072 
   00225    0.3944   -7972.4532  0.5096 
   00226    0.3856   -7985.8437  0.5152 
   00227    0.4096   -7981.2246  0.5165 
   00228    0.3900   -7925.3073  0.5151 
   00229    0.3856   -7960.0211  0.5233 
   00230    0.3972   -7937.2784  0.5248 
   00231    0.3836   -7912.4562  0.5251 
   00232    0.4192   -7924.3028  0.5253 
   00233    0.3840   -7854.2469  0.5151 
   00234    0.3932   -7881.7663  0.5115 
   00235    0.4044   -7954.4649  0.5136 
   00236    0.3976   -7936.6902  0.5048 
   00237    0.3972   -7930.3432  0.5092 
   00238    0.4028   -7885.9009  0.5135 
   00239    0.3948   -7934.5654  0.5200 
   00240    0.4076   -7884.1957  0.5139 
   00241    0.4148   -7932.3845  0.5188 
   00242    0.4112   -7936.8335  0.5156 
   00243    0.4104   -7876.1179  0.5066 
   00244    0.4156   -7849.8369  0.5091 
   00245    0.4052   -7904.4069  0.5141 
   00246    0.3924   -7887.9860  0.5131 
   00247    0.4016   -7891.6292  0.5155 
   00248    0.4008   -7924.9571  0.5204 
   00249    0.3948   -7902.6461  0.5149 
   00250    0.4076   -7899.0672  0.5125 
   00251    0.3916   -7923.0825  0.5130 
   00252    0.4056   -7924.8275  0.5155 
   00253    0.3908   -7911.3413  0.5163 
   00254    0.4088   -7950.6208  0.5110 
   00255    0.4060   -7951.5724  0.5169 
   00256    0.4052   -7947.6420  0.5144 
   00257    0.4076   -7888.3754  0.5149 
   00258    0.4016   -7908.5678  0.5087 
   00259    0.4100   -7880.4460  0.5136 
   00260    0.3864   -7913.1591  0.5150 
   00261    0.3940   -7916.4272  0.5119 
   00262    0.3892   -7939.6603  0.5152 
   00263    0.4036   -7972.1699  0.5221 
   00264    0.3940   -7991.0391  0.5120 
   00265    0.4016   -8072.7062  0.5130 
   00266    0.3828   -8057.4740  0.5153 
   00267    0.4204   -8079.0408  0.5214 
   00268    0.3948   -8016.8736  0.5190 
   00269    0.3804   -8028.9865  0.5271 
   00270    0.3904   -7992.6147  0.5215 
   00271    0.3924   -7989.8140  0.5274 
   00272    0.3844   -8001.6266  0.5216 
   00273    0.4048   -7907.4790  0.5148 
   00274    0.4060   -7881.9710  0.5162 
   00275    0.4048   -7907.0761  0.5173 
   00276    0.4136   -7850.2394  0.5286 
   00277    0.3988   -7914.3879  0.5272 
   00278    0.3964   -7857.2987  0.5297 
   00279    0.4044   -7881.0326  0.5320 
   00280    0.4004   -7877.1280  0.5367 
   00281    0.4088   -7927.1705  0.5489 
   00282    0.3816   -7893.9193  0.5399 
   00283    0.4168   -7866.7647  0.5367 
   00284    0.4048   -7854.8457  0.5358 
   00285    0.4144   -7852.8799  0.5416 
   00286    0.4176   -7811.9479  0.5377 
   00287    0.4012   -7793.5355  0.5350 
   00288    0.4128   -7791.6718  0.5360 
   00289    0.4292   -7883.8438  0.5412 
   00290    0.4268   -7867.6386  0.5426 
   00291    0.4036   -7888.8628  0.5380 
   00292    0.4092   -7887.9528  0.5376 
   00293    0.4004   -7919.7053  0.5454 
   00294    0.3948   -7924.6849  0.5484 
   00295    0.4020   -7941.9241  0.5608 
   00296    0.4180   -7924.2784  0.5592 
   00297    0.4056   -7896.6607  0.5593 
   00298    0.4020   -7887.7277  0.5610 
   00299    0.4152   -7926.6847  0.5618 
   00300    0.4276   -7914.7424  0.5547 
   00301    0.4064   -7917.6498  0.5542 
   00302    0.4168   -7853.8823  0.5553 
   00303    0.4020   -7847.8429  0.5642 
   00304    0.4076   -7837.2941  0.5668 
   00305    0.4196   -7888.5292  0.5695 
   00306    0.3956   -7851.9414  0.5719 
   00307    0.4032   -7861.4403  0.5728 
   00308    0.3880   -7916.6242  0.5743 
   00309    0.3936   -7947.5159  0.5858 
   00310    0.4232   -8017.5720  0.5911 
   00311    0.3936   -7976.2714  0.5977 
   00312    0.4048   -7967.6883  0.5933 
   00313    0.3956   -7967.0921  0.5890 
   00314    0.4088   -7954.3655  0.5839 
   00315    0.3976   -7953.5075  0.5790 
   00316    0.4192   -7937.8876  0.5810 
   00317    0.4052   -7974.4854  0.5845 
   00318    0.4012   -7958.2148  0.5809 
   00319    0.3944   -7923.3686  0.5699 
   00320    0.3928   -7918.6634  0.5645 
   00321    0.4072   -7985.2593  0.5723 
   00322    0.4048   -7983.2143  0.5758 
   00323    0.3976   -8008.4893  0.5719 
   00324    0.3880   -8051.7822  0.5636 
   00325    0.3952   -8033.3602  0.5655 
   00326    0.3860   -7903.0738  0.5680 
   00327    0.4080   -7892.1211  0.5661 
   00328    0.4208   -7824.6571  0.5632 
   00329    0.4132   -7792.1459  0.5623 
   00330    0.4012   -7801.3607  0.5678 
   00331    0.3952   -7790.2607  0.5672 
   00332    0.4064   -7810.8266  0.5674 
   00333    0.4168   -7827.5807  0.5616 
   00334    0.3936   -7852.9103  0.5660 
   00335    0.4040   -7846.8042  0.5699 
   00336    0.4020   -7854.2683  0.5727 
   00337    0.4132   -7838.8461  0.5780 
   00338    0.4052   -7827.5642  0.5766 
   00339    0.4136   -7838.6272  0.5789 
   00340    0.4108   -7820.2972  0.5750 
   00341    0.3904   -7855.2145  0.5708 
   00342    0.3968   -7964.2514  0.5711 
   00343    0.4032   -7983.5520  0.5639 
   00344    0.4008   -8011.7679  0.5668 
   00345    0.4020   -7952.2077  0.5618 
   00346    0.4060   -7925.4243  0.5649 
   00347    0.4076   -7923.7333  0.5735 
   00348    0.4060   -7884.1598  0.5740 
   00349    0.3968   -7852.1005  0.5671 
   00350    0.3828   -7877.6680  0.5596 
   00351    0.4152   -7934.4045  0.5659 
   00352    0.4124   -7935.5054  0.5682 
   00353    0.3956   -7921.8864  0.5578 
   00354    0.3980   -7924.5707  0.5540 
   00355    0.4176   -7882.8353  0.5497 
   00356    0.4052   -7942.8480  0.5571 
   00357    0.4016   -7895.4102  0.5563 
   00358    0.4108   -7906.5421  0.5591 
   00359    0.4176   -7813.0116  0.5555 
   00360    0.4144   -7852.1136  0.5573 
   00361    0.4052   -7902.7383  0.5607 
   00362    0.4012   -7882.1635  0.5618 
   00363    0.4036   -7914.3245  0.5644 
   00364    0.4040   -7898.0610  0.5601 
   00365    0.3920   -7881.1055  0.5619 
   00366    0.4340   -7871.0269  0.5613 
   00367    0.3992   -7900.6456  0.5638 
   00368    0.4132   -7924.7235  0.5696 
   00369    0.3972   -7881.5439  0.5715 
   00370    0.4140   -7938.5535  0.5683 
   00371    0.4136   -7930.3468  0.5687 
   00372    0.3936   -7939.8347  0.5750 
   00373    0.3924   -7942.8782  0.5773 
   00374    0.4036   -7927.0280  0.5791 
   00375    0.4004   -7942.5419  0.5753 
   00376    0.3960   -7877.3954  0.5725 
   00377    0.3952   -7883.6947  0.5726 
   00378    0.4136   -7908.0171  0.5736 
   00379    0.3976   -7962.8952  0.5697 
   00380    0.3964   -7908.2941  0.5668 
   00381    0.4160   -7868.4374  0.5682 
   00382    0.4100   -7862.0892  0.5672 
   00383    0.3976   -7954.1460  0.5753 
   00384    0.4052   -7979.5147  0.5739 
   00385    0.4064   -8001.3869  0.5805 
   00386    0.4036   -8024.9687  0.5889 
   00387    0.3988   -7952.0715  0.5838 
   00388    0.4024   -7946.1284  0.5889 
   00389    0.4168   -7900.7412  0.5932 
   00390    0.4052   -7966.2738  0.5913 
   00391    0.3876   -7944.5320  0.5921 
   00392    0.3856   -7961.4128  0.5854 
   00393    0.3776   -7969.3990  0.5805 
   00394    0.3872   -7998.3521  0.5874 
   00395    0.3980   -7968.8214  0.5912 
   00396    0.3964   -7922.9384  0.5863 
   00397    0.4036   -7837.5532  0.5879 
   00398    0.4248   -7785.4975  0.5790 
   00399    0.4132   -7789.8803  0.5771 
   00400    0.3852   -7843.3424  0.5828 
   00401    0.4124   -7899.4681  0.5851 
   00402    0.4076   -7918.6615  0.5879 
   00403    0.4076   -7950.8109  0.5894 
   00404    0.4224   -7951.2450  0.5848 
   00405    0.3944   -7944.6231  0.5853 
   00406    0.4068   -7980.6394  0.5888 
   00407    0.4032   -8012.8483  0.5862 
   00408    0.4160   -7940.6570  0.5794 
   00409    0.4008   -7929.6381  0.5782 
   00410    0.4180   -7866.7949  0.5764 
   00411    0.4036   -7857.1875  0.5810 
   00412    0.4208   -7892.1794  0.5855 
   00413    0.4064   -7902.9245  0.5905 
   00414    0.4104   -7856.1977  0.5885 
   00415    0.4108   -7846.7792  0.5982 
   00416    0.4072   -7887.2692  0.6036 
   00417    0.3900   -7980.7707  0.6030 
   00418    0.4168   -8000.8684  0.6050 
   00419    0.3992   -7992.4329  0.6096 
   00420    0.4188   -7961.8663  0.6091 
   00421    0.4148   -7908.5321  0.6065 
   00422    0.4052   -7995.3163  0.6093 
   00423    0.4140   -7976.3181  0.6046 
   00424    0.4004   -7952.3297  0.6003 
   00425    0.4092   -7912.2825  0.6118 
   00426    0.3900   -7948.1073  0.6070 
   00427    0.3992   -7909.5390  0.6089 
   00428    0.3852   -7971.9154  0.6078 
   00429    0.3976   -8016.5052  0.6036 
   00430    0.3956   -7973.2797  0.6044 
   00431    0.3980   -7985.8528  0.6069 
   00432    0.4100   -8018.8966  0.6069 
   00433    0.3872   -7993.0084  0.6130 
   00434    0.3940   -7972.8450  0.6115 
   00435    0.4084   -7968.4625  0.6179 
   00436    0.4140   -7978.9094  0.6169 
   00437    0.3988   -7995.2750  0.6177 
   00438    0.4080   -7991.0723  0.6229 
   00439    0.4116   -8035.8117  0.6250 
   00440    0.3936   -8046.7089  0.6231 
   00441    0.3800   -8052.1222  0.6301 
   00442    0.3956   -8056.9809  0.6255 
   00443    0.4000   -8083.4301  0.6228 
   00444    0.3968   -8094.5672  0.6081 
   00445    0.3980   -8038.5847  0.6100 
   00446    0.3972   -8128.4603  0.6092 
   00447    0.3968   -8070.5094  0.6049 
   00448    0.3932   -8027.3623  0.6063 
   00449    0.4004   -7974.4665  0.6085 
   00450    0.3968   -7967.6650  0.6065 
   00451    0.3976   -8039.3448  0.6064 
   00452    0.4088   -8019.8819  0.6043 
   00453    0.4068   -8014.4154  0.6054 
   00454    0.3992   -8012.4806  0.6093 
   00455    0.4028   -8016.7490  0.6129 
   00456    0.4036   -8000.6897  0.6117 
   00457    0.3908   -7978.1019  0.6082 
   00458    0.3916   -7967.3553  0.6090 
   00459    0.4224   -7953.4102  0.6090 
   00460    0.3884   -7961.4752  0.6053 
   00461    0.3896   -7961.1051  0.6048 
   00462    0.3840   -7974.1826  0.6045 
   00463    0.4032   -7969.6585  0.5977 
   00464    0.3800   -8001.2161  0.5942 
   00465    0.4016   -8003.6804  0.5906 
   00466    0.3860   -7964.1829  0.5939 
   00467    0.4072   -7955.9367  0.5932 
   00468    0.4044   -7965.3151  0.5890 
   00469    0.3964   -7922.5627  0.5929 
   00470    0.3908   -7909.2084  0.5942 
   00471    0.3992   -7869.3823  0.5995 
   00472    0.3844   -7922.2490  0.5989 
   00473    0.3964   -7971.6332  0.6123 
   00474    0.3992   -8036.2715  0.6205 
   00475    0.4040   -8031.9621  0.6148 
   00476    0.3764   -8016.2034  0.6148 
   00477    0.3932   -8011.3916  0.6191 
   00478    0.3832   -8050.1647  0.6265 
   00479    0.3840   -8008.9555  0.6252 
   00480    0.4048   -8054.9063  0.6317 
   00481    0.3868   -7982.1381  0.6310 
   00482    0.3972   -8002.5245  0.6378 
   00483    0.3832   -8036.4038  0.6396 
   00484    0.4068   -8051.3006  0.6442 
   00485    0.3980   -8014.0244  0.6519 
   00486    0.3928   -7997.1623  0.6542 
   00487    0.3872   -7963.2177  0.6516 
   00488    0.4100   -7939.4521  0.6458 
   00489    0.3892   -7925.1926  0.6406 
   00490    0.4028   -7948.0379  0.6358 
   00491    0.3928   -7936.0077  0.6346 
   00492    0.3936   -7931.8579  0.6404 
   00493    0.3880   -7970.9201  0.6353 
   00494    0.4012   -7992.9570  0.6397 
   00495    0.3904   -7931.4842  0.6364 
   00496    0.4056   -7876.4237  0.6320 
   00497    0.3864   -7830.3957  0.6332 
   00498    0.4112   -7888.8592  0.6353 
   00499    0.3912   -7932.6407  0.6387 
   00500    0.4180   -7933.4054  0.6421 
   00501    0.3916   -7896.0976  0.6434 
   00502    0.4048   -7895.0702  0.6464 
   00503    0.3920   -7929.3923  0.6392 
   00504    0.4080   -7953.2524  0.6377 
   00505    0.3976   -7974.4654  0.6442 
   00506    0.3928   -7963.6900  0.6522 
   00507    0.4136   -7942.1732  0.6507 
   00508    0.3992   -7905.5006  0.6541 
   00509    0.3980   -7902.0179  0.6548 
   00510    0.4104   -7928.8745  0.6629 
   00511    0.4096   -7938.4230  0.6598 
   00512    0.4104   -7955.3798  0.6596 
   00513    0.4008   -7920.2776  0.6608 
   00514    0.3960   -7963.4857  0.6642 
   00515    0.4112   -7971.9897  0.6548 
   00516    0.4200   -7982.6587  0.6545 
   00517    0.4052   -7931.5119  0.6540 
   00518    0.3980   -7961.9445  0.6519 
   00519    0.4060   -7955.7157  0.6524 
   00520    0.4036   -7976.4426  0.6521 
   00521    0.3896   -7914.8367  0.6425 
   00522    0.3888   -7925.7694  0.6473 
   00523    0.4060   -7899.4445  0.6482 
   00524    0.4136   -7934.4804  0.6428 
   00525    0.4064   -7946.4879  0.6457 
   00526    0.3924   -7939.1818  0.6480 
   00527    0.3936   -7986.0180  0.6489 
   00528    0.4028   -7900.0679  0.6391 
   00529    0.3972   -7865.5419  0.6381 
   00530    0.3948   -7917.9571  0.6471 
   00531    0.3924   -7916.8484  0.6470 
   00532    0.4132   -7919.2324  0.6459 
   00533    0.4080   -7858.1211  0.6487 
   00534    0.4000   -7851.6018  0.6478 
   00535    0.4048   -7904.1357  0.6515 
   00536    0.3936   -7906.4856  0.6486 
   00537    0.4068   -7898.0920  0.6473 
   00538    0.4012   -7909.5586  0.6431 
   00539    0.3988   -7890.9999  0.6407 
   00540    0.4060   -7903.7569  0.6382 
   00541    0.4008   -7901.2909  0.6460 
   00542    0.4040   -7986.0465  0.6608 
   00543    0.3940   -7983.5286  0.6704 
   00544    0.4032   -8015.4965  0.6757 
   00545    0.3912   -7992.5191  0.6739 
   00546    0.3980   -7985.2290  0.6762 
   00547    0.3884   -8027.5342  0.6765 
   00548    0.3876   -7950.8142  0.6826 
   00549    0.4056   -7910.6714  0.6800 
   00550    0.4000   -7940.4107  0.6785 
   00551    0.4116   -7930.8425  0.6781 
   00552    0.3920   -7891.7353  0.6757 
   00553    0.4036   -7895.8728  0.6734 
   00554    0.3948   -7935.2490  0.6666 
   00555    0.4052   -7896.3069  0.6642 
   00556    0.3984   -7917.9708  0.6624 
   00557    0.4068   -7949.2779  0.6623 
   00558    0.3872   -7978.7905  0.6608 
   00559    0.4088   -7961.9368  0.6569 
   00560    0.3980   -7918.2660  0.6565 
   00561    0.4084   -7867.0771  0.6542 
   00562    0.4100   -7896.2169  0.6580 
   00563    0.4132   -7884.4044  0.6592 
   00564    0.4004   -7896.0056  0.6580 
   00565    0.4108   -7875.1088  0.6559 
   00566    0.4348   -7848.6580  0.6566 
   00567    0.4004   -7910.1672  0.6579 
   00568    0.3976   -7986.0992  0.6631 
   00569    0.4016   -7943.9678  0.6579 
   00570    0.4080   -7962.2111  0.6593 
   00571    0.4068   -8001.0573  0.6552 
   00572    0.3988   -7953.6621  0.6549 
   00573    0.4016   -7878.6291  0.6504 
   00574    0.4040   -7872.9556  0.6444 
   00575    0.4124   -7935.2447  0.6447 
   00576    0.4048   -7859.6643  0.6359 
   00577    0.3964   -7807.4677  0.6377 
   00578    0.4060   -7854.9859  0.6454 
   00579    0.4080   -7891.7956  0.6515 
   00580    0.3892   -7945.1332  0.6520 
   00581    0.4104   -7939.8944  0.6522 
   00582    0.3876   -7956.2251  0.6539 
   00583    0.3852   -7943.2786  0.6510 
   00584    0.4120   -7955.4919  0.6573 
   00585    0.3976   -7889.3282  0.6539 
   00586    0.4036   -7961.3101  0.6600 
   00587    0.4072   -7977.9587  0.6609 
   00588    0.3976   -7932.6381  0.6584 
   00589    0.4164   -7856.4527  0.6581 
   00590    0.4088   -7862.8169  0.6618 
   00591    0.4076   -7805.1675  0.6596 
   00592    0.4108   -7834.8194  0.6588 
   00593    0.4196   -7809.4468  0.6554 
   00594    0.4152   -7846.7840  0.6546 
   00595    0.4096   -7910.4494  0.6600 
   00596    0.4092   -7971.3704  0.6601 
   00597    0.4112   -7987.8738  0.6560 
   00598    0.3992   -8020.3823  0.6637 
   00599    0.3984   -7962.0784  0.6610 
   00600    0.4080   -7888.0500  0.6590 
   00601    0.4176   -7878.1998  0.6591 
   00602    0.4152   -7945.1553  0.6676 
   00603    0.4012   -7889.6669  0.6674 
   00604    0.4296   -7902.9668  0.6651 
   00605    0.4040   -7937.8251  0.6691 
   00606    0.4060   -7935.5815  0.6698 
   00607    0.4032   -7869.9027  0.6698 
   00608    0.3948   -7893.8711  0.6702 
   00609    0.4100   -7870.0762  0.6729 
   00610    0.3984   -7839.0199  0.6671 
   00611    0.4116   -7913.9950  0.6696 
   00612    0.3988   -7881.4703  0.6723 
   00613    0.3980   -7889.8415  0.6753 
   00614    0.3996   -7903.6652  0.6736 
   00615    0.3948   -7882.0066  0.6784 
   00616    0.4020   -7886.5231  0.6779 
   00617    0.4060   -7957.5622  0.6774 
   00618    0.4020   -7922.9756  0.6783 
   00619    0.3992   -7888.3610  0.6735 
   00620    0.3956   -7959.8393  0.6721 
   00621    0.3984   -7982.8196  0.6731 
   00622    0.3880   -7988.2022  0.6723 
   00623    0.4004   -7964.5747  0.6697 
   00624    0.4016   -7992.4346  0.6716 
   00625    0.4180   -8001.8687  0.6751 
   00626    0.3864   -8003.4717  0.6828 
   00627    0.3976   -8000.2724  0.6869 
   00628    0.4000   -7981.8493  0.6805 
   00629    0.3980   -7991.2116  0.6805 
   00630    0.4120   -7981.4865  0.6863 
   00631    0.4084   -8010.9158  0.6862 
   00632    0.3928   -7978.7262  0.6883 
   00633    0.3936   -7978.1753  0.6830 
   00634    0.4040   -7961.5988  0.6791 
   00635    0.4096   -7972.7887  0.6772 
   00636    0.3920   -7971.2980  0.6771 
   00637    0.4056   -7958.9387  0.6825 
   00638    0.3980   -7934.1073  0.6881 
   00639    0.3852   -7932.5708  0.6811 
   00640    0.3904   -8022.9849  0.6934 
   00641    0.3948   -8033.1523  0.6939 
   00642    0.3836   -8028.2979  0.6912 
   00643    0.3960   -8007.3595  0.6890 
   00644    0.3884   -8019.7315  0.6862 
   00645    0.4136   -7974.1637  0.6813 
   00646    0.4028   -7995.8089  0.6775 
   00647    0.4084   -8054.4039  0.6828 
   00648    0.4124   -8041.9695  0.6799 
   00649    0.4144   -7997.6692  0.6766 
   00650    0.4000   -8007.9407  0.6744 
   00651    0.4192   -7999.2099  0.6716 
   00652    0.4164   -7973.7881  0.6693 
   00653    0.3860   -7956.4527  0.6714 
   00654    0.4104   -7934.3515  0.6676 
   00655    0.4200   -7927.5348  0.6671 
   00656    0.4000   -7886.4810  0.6685 
   00657    0.4016   -7863.2659  0.6682 
   00658    0.3900   -7907.7427  0.6598 
   00659    0.4088   -7916.2058  0.6610 
   00660    0.3980   -7921.5538  0.6622 
   00661    0.3960   -7948.6156  0.6664 
   00662    0.4088   -7979.9596  0.6715 
   00663    0.4016   -7972.6461  0.6732 
   00664    0.3916   -7971.6928  0.6760 
   00665    0.3896   -7926.5022  0.6777 
   00666    0.3956   -7961.8839  0.6775 
   00667    0.4080   -7982.4451  0.6852 
   00668    0.4144   -7993.2676  0.6907 
   00669    0.3836   -8036.6560  0.6909 
   00670    0.4056   -8009.3128  0.6842 
   00671    0.4064   -7992.4865  0.6895 
   00672    0.4068   -7985.4504  0.6861 
   00673    0.4172   -7989.7873  0.6885 
   00674    0.4012   -8016.5561  0.6903 
   00675    0.3856   -8004.1380  0.6872 
   00676    0.3864   -7945.3207  0.6810 
   00677    0.3904   -7945.8567  0.6798 
   00678    0.4120   -7935.0127  0.6821 
   00679    0.4100   -7985.8780  0.6873 
   00680    0.4092   -7968.6721  0.6871 
   00681    0.3784   -8008.9686  0.6868 
   00682    0.3972   -8046.2273  0.6847 
   00683    0.4096   -8107.7302  0.6875 
   00684    0.3976   -8118.2580  0.6869 
   00685    0.3920   -8073.0150  0.6849 
   00686    0.4212   -8028.0326  0.6869 
   00687    0.4004   -8018.0090  0.6897 
   00688    0.3968   -8026.2252  0.6887 
   00689    0.4020   -7963.6772  0.6842 
   00690    0.4044   -7918.1898  0.6863 
   00691    0.4168   -7932.2134  0.6861 
   00692    0.3960   -7961.2407  0.6853 
   00693    0.4112   -8003.0810  0.6918 
   00694    0.3988   -8068.2634  0.7023 
   00695    0.4000   -7961.0785  0.6986 
   00696    0.4084   -7963.4314  0.7029 
   00697    0.4244   -8003.2822  0.7128 
   00698    0.3868   -7989.5555  0.7154 
   00699    0.4020   -7993.6520  0.7140 
   00700    0.4064   -8027.8578  0.7108 
   00701    0.4040   -8036.9501  0.7139 
   00702    0.4024   -8069.9342  0.7125 
   00703    0.4112   -8039.0396  0.7095 
   00704    0.4080   -8036.8316  0.7029 
   00705    0.4000   -8029.5199  0.6988 
   00706    0.3956   -7990.6813  0.6960 
   00707    0.3924   -7989.4341  0.7015 
   00708    0.3988   -7944.7306  0.7016 
   00709    0.4120   -7965.5643  0.7038 
   00710    0.4108   -7978.5062  0.7121 
   00711    0.4192   -8027.2321  0.7151 
   00712    0.4004   -7967.5687  0.7124 
   00713    0.3952   -7957.3522  0.7105 
   00714    0.3988   -7993.2112  0.7161 
   00715    0.3880   -8034.3836  0.7160 
   00716    0.3988   -8008.2032  0.7142 
   00717    0.3972   -7995.9635  0.7179 
   00718    0.4012   -7948.0663  0.7131 
   00719    0.3968   -7937.0708  0.7127 
   00720    0.3848   -7953.1225  0.7163 
   00721    0.4048   -7973.1889  0.7131 
   00722    0.4048   -8035.2829  0.7235 
   00723    0.3824   -8083.4690  0.7274 
   00724    0.3844   -8008.7568  0.7308 
   00725    0.3872   -8064.7622  0.7396 
   00726    0.4060   -8079.6631  0.7366 
   00727    0.3908   -8083.4277  0.7401 
   00728    0.3948   -8104.5943  0.7404 
   00729    0.4104   -8041.1506  0.7395 
   00730    0.3940   -8006.0461  0.7438 
   00731    0.3980   -8020.2170  0.7370 
   00732    0.4108   -8009.6056  0.7243 
   00733    0.4300   -8021.9267  0.7244 
   00734    0.3996   -8043.6207  0.7292 
   00735    0.3800   -7997.3590  0.7256 
   00736    0.3892   -7928.4479  0.7161 
   00737    0.4012   -7959.2211  0.7140 
   00738    0.3780   -7992.0946  0.7207 
   00739    0.4096   -7983.7338  0.7219 
   00740    0.4056   -8058.4379  0.7274 
   00741    0.4020   -8029.0506  0.7254 
   00742    0.3912   -8009.8840  0.7229 
   00743    0.3928   -8003.1364  0.7248 
   00744    0.4232   -8024.7793  0.7216 
   00745    0.4064   -8003.9331  0.7241 
   00746    0.4196   -7988.1790  0.7283 
   00747    0.4012   -7927.4139  0.7254 
   00748    0.4036   -7934.9025  0.7253 
   00749    0.4180   -7921.8844  0.7275 
   00750    0.4100   -8010.6901  0.7332 
   00751    0.3796   -8018.6463  0.7314 
   00752    0.4108   -7939.9628  0.7258 
   00753    0.4032   -7920.1734  0.7275 
   00754    0.3968   -7998.1825  0.7317 
   00755    0.3940   -8006.0768  0.7296 
   00756    0.3884   -8034.5070  0.7264 
   00757    0.3972   -7982.9499  0.7218 
   00758    0.4056   -7922.8821  0.7245 
   00759    0.4032   -7950.5683  0.7262 
   00760    0.4040   -8013.6011  0.7263 
   00761    0.3872   -8085.7506  0.7269 
   00762    0.4016   -8018.9266  0.7297 
   00763    0.3976   -8037.6094  0.7326 
   00764    0.3944   -7986.9865  0.7290 
   00765    0.3948   -7961.6009  0.7252 
   00766    0.4092   -7954.7436  0.7153 
   00767    0.4004   -7968.6086  0.7157 
   00768    0.4048   -7976.7160  0.7131 
   00769    0.3908   -7934.3686  0.7092 
   00770    0.4000   -7941.1637  0.7094 
   00771    0.4000   -7929.9864  0.7110 
   00772    0.4000   -7878.7104  0.7086 
   00773    0.4044   -7969.2855  0.7151 
   00774    0.4016   -7924.6235  0.7157 
   00775    0.4060   -7918.0074  0.7198 
   00776    0.4088   -7886.6790  0.7187 
   00777    0.3948   -7884.0121  0.7206 
   00778    0.4044   -7842.3595  0.7207 
   00779    0.4088   -7949.4836  0.7323 
   00780    0.4004   -7993.6004  0.7290 
   00781    0.4008   -7996.7889  0.7228 
   00782    0.3832   -8046.5925  0.7242 
   00783    0.3940   -8036.4647  0.7271 
   00784    0.4012   -8004.7513  0.7255 
   00785    0.3988   -7964.5952  0.7226 
   00786    0.4044   -7971.8809  0.7197 
   00787    0.4024   -7951.0047  0.7172 
   00788    0.3948   -7919.1872  0.7096 
   00789    0.3916   -7927.8174  0.7077 
   00790    0.3948   -7969.3134  0.7137 
   00791    0.3948   -7937.4934  0.7180 
   00792    0.4000   -7970.6542  0.7207 
   00793    0.3924   -8011.5435  0.7252 
   00794    0.3920   -7943.4248  0.7152 
   00795    0.4152   -7896.4464  0.7094 
   00796    0.4092   -7938.5495  0.7114 
   00797    0.3996   -7962.0735  0.7185 
   00798    0.3804   -7940.2555  0.7107 
   00799    0.3880   -7897.6536  0.7099 
   00800    0.4004   -7918.1262  0.7102 
   00801    0.4016   -7848.5950  0.7053 
   00802    0.4004   -7866.2027  0.7019 
   00803    0.4244   -7884.4474  0.6999 
   00804    0.4092   -7850.0918  0.7105 
   00805    0.4120   -7918.2395  0.7068 
   00806    0.4048   -7905.9406  0.7053 
   00807    0.3856   -7942.1666  0.7101 
   00808    0.4128   -7947.0017  0.7100 
   00809    0.4092   -7911.5304  0.7123 
   00810    0.4052   -7926.2531  0.7154 
   00811    0.4108   -7991.7960  0.7145 
   00812    0.4104   -7971.1431  0.7197 
   00813    0.4172   -7959.1831  0.7172 
   00814    0.4132   -7984.7823  0.7222 
   00815    0.4172   -7952.3648  0.7195 
   00816    0.3920   -7947.5183  0.7176 
   00817    0.4016   -7959.8410  0.7130 
   00818    0.4016   -7995.0859  0.7078 
   00819    0.3984   -7937.6138  0.7024 
   00820    0.3848   -7927.0856  0.6973 
   00821    0.4180   -7912.2508  0.7001 
   00822    0.3952   -7925.1545  0.6982 
   00823    0.4260   -7865.9705  0.6907 
   00824    0.4044   -7852.1669  0.6886 
   00825    0.3960   -7848.6750  0.6889 
   00826    0.3976   -7871.9775  0.6928 
   00827    0.4092   -7915.4623  0.6905 
   00828    0.3976   -7884.6000  0.6891 
   00829    0.3988   -7937.2382  0.6888 
   00830    0.4060   -7904.1423  0.6926 
   00831    0.4160   -7921.1977  0.6975 
   00832    0.4000   -7871.3247  0.6987 
   00833    0.4124   -7885.0583  0.7018 
   00834    0.3980   -7973.3999  0.7096 
   00835    0.3912   -7907.8896  0.7009 
   00836    0.3984   -7899.9210  0.7040 
   00837    0.3936   -7949.7733  0.7081 
   00838    0.4036   -7930.8128  0.7092 
   00839    0.4076   -7919.6942  0.7122 
   00840    0.4156   -7891.0099  0.7031 
   00841    0.4100   -7974.8186  0.7052 
   00842    0.3836   -7958.7122  0.7052 
   00843    0.3928   -7966.9555  0.7068 
   00844    0.3880   -7981.5558  0.7028 
   00845    0.3992   -7993.7519  0.7019 
   00846    0.4284   -7957.0412  0.7014 
   00847    0.4112   -7987.9348  0.6999 
   00848    0.3904   -7969.1823  0.6970 
   00849    0.4004   -7946.6898  0.6900 
   00850    0.3900   -7918.9521  0.6837 
   00851    0.4052   -7829.7146  0.6845 
   00852    0.4096   -7870.1970  0.6866 
   00853    0.4008   -7908.9532  0.6924 
   00854    0.3976   -7978.6494  0.6973 
   00855    0.3924   -8005.5894  0.6982 
   00856    0.3900   -8029.4545  0.7004 
   00857    0.4036   -8030.8586  0.7007 
   00858    0.3832   -8027.7287  0.6907 
   00859    0.4040   -7990.3963  0.6809 
   00860    0.3956   -7993.2169  0.6821 
   00861    0.4084   -7969.8780  0.6833 
   00862    0.4048   -7995.8061  0.6860 
   00863    0.4056   -7987.0717  0.6814 
   00864    0.4104   -8059.2400  0.6811 
   00865    0.4052   -8053.4663  0.6811 
   00866    0.4004   -7987.5244  0.6782 
   00867    0.4012   -8000.3281  0.6794 
   00868    0.3940   -7996.8938  0.6842 
   00869    0.4052   -7975.5147  0.6843 
   00870    0.4076   -7934.8436  0.6870 
   00871    0.4032   -7951.0965  0.6854 
   00872    0.4044   -7992.2541  0.6892 
   00873    0.3892   -8045.2881  0.6913 
   00874    0.3880   -7990.4318  0.6940 
   00875    0.3880   -7983.4434  0.6928 
   00876    0.4120   -7991.8475  0.6892 
   00877    0.4108   -7944.6505  0.6836 
   00878    0.4188   -7881.6989  0.6798 
   00879    0.4036   -7927.6083  0.6821 
   00880    0.4008   -7913.2544  0.6804 
   00881    0.4172   -7934.1456  0.6792 
   00882    0.4144   -7900.5585  0.6777 
   00883    0.4064   -7939.4061  0.6808 
   00884    0.3664   -7892.3183  0.6773 
   00885    0.4088   -7891.0166  0.6806 
   00886    0.4172   -7938.8806  0.6802 
   00887    0.3920   -8012.6011  0.6856 
   00888    0.3912   -8020.3472  0.6865 
   00889    0.4144   -7974.5890  0.6889 
   00890    0.3948   -8005.7590  0.6930 
   00891    0.4124   -8020.4932  0.6951 
   00892    0.4156   -8028.4312  0.6867 
   00893    0.4000   -8019.8766  0.6885 
   00894    0.3932   -7994.3397  0.6891 
   00895    0.3896   -7952.2469  0.6898 
   00896    0.3944   -7954.9304  0.6916 
   00897    0.3964   -7920.6256  0.6983 
   00898    0.4112   -7976.2368  0.7028 
   00899    0.3976   -7938.3286  0.7100 
   00900    0.4148   -8022.7545  0.7156 
   00901    0.3996   -8037.2218  0.7190 
   00902    0.4080   -8052.1250  0.7189 
   00903    0.4004   -8034.6052  0.7204 
   00904    0.3908   -8028.5391  0.7139 
   00905    0.4164   -7982.9005  0.7126 
   00906    0.3976   -8054.7254  0.7119 
   00907    0.4052   -8019.6111  0.7102 
   00908    0.4176   -8011.1868  0.7097 
   00909    0.4088   -8025.1276  0.7073 
   00910    0.3872   -8054.7577  0.7072 
   00911    0.3972   -7989.2712  0.7046 
   00912    0.3988   -8031.4848  0.7029 
   00913    0.4156   -8007.2930  0.7072 
   00914    0.3940   -8001.4999  0.7007 
   00915    0.3756   -8011.5699  0.6963 
   00916    0.4040   -7999.0397  0.6924 
   00917    0.3888   -7990.8083  0.6914 
   00918    0.3872   -8010.2404  0.6875 
   00919    0.3848   -8025.2175  0.6877 
   00920    0.3940   -8026.0528  0.6832 
   00921    0.4016   -8037.2728  0.6810 
   00922    0.3996   -7997.5573  0.6812 
   00923    0.4068   -8007.9565  0.6815 
   00924    0.4116   -8035.5510  0.6891 
   00925    0.4088   -8011.5298  0.6850 
   00926    0.3892   -8062.4060  0.6880 
   00927    0.4068   -8023.6179  0.6835 
   00928    0.3936   -8074.2607  0.6818 
   00929    0.3948   -8005.0000  0.6799 
   00930    0.3872   -7999.9003  0.6785 
   00931    0.4012   -7976.8456  0.6725 
   00932    0.4148   -7983.9879  0.6724 
   00933    0.4008   -7899.1183  0.6657 
   00934    0.3936   -7893.2026  0.6660 
   00935    0.4012   -7909.5014  0.6706 
   00936    0.4012   -7899.1491  0.6604 
   00937    0.4304   -7890.6203  0.6559 
   00938    0.3984   -7875.4247  0.6540 
   00939    0.3996   -7914.9965  0.6527 
   00940    0.3844   -7939.1961  0.6500 
   00941    0.4172   -7917.3858  0.6509 
   00942    0.4136   -7900.0679  0.6507 
   00943    0.3932   -7987.8492  0.6594 
   00944    0.3972   -7910.4342  0.6582 
   00945    0.3856   -7939.5587  0.6658 
   00946    0.4048   -7974.0047  0.6701 
   00947    0.4004   -7959.8091  0.6663 
   00948    0.4088   -7950.6015  0.6621 
   00949    0.4004   -7926.5721  0.6618 
   00950    0.4012   -7941.0764  0.6677 
   00951    0.4188   -7950.4175  0.6711 
   00952    0.3968   -8017.8627  0.6725 
   00953    0.4240   -8034.6218  0.6764 
   00954    0.4016   -8049.8939  0.6763 
   00955    0.3972   -8015.4370  0.6780 
   00956    0.3972   -8010.4983  0.6741 
   00957    0.4092   -8098.8509  0.6798 
   00958    0.3928   -8128.7611  0.6821 
   00959    0.3880   -8081.3409  0.6805 
   00960    0.4044   -8060.9789  0.6866 
   00961    0.4000   -8069.2159  0.6824 
   00962    0.4076   -8069.8057  0.6811 
   00963    0.3804   -8024.9023  0.6778 
   00964    0.4012   -7982.3520  0.6746 
   00965    0.3932   -7944.0409  0.6702 
   00966    0.3992   -7977.1559  0.6684 
   00967    0.4004   -7948.7234  0.6622 
   00968    0.4076   -8001.8297  0.6608 
   00969    0.4064   -7998.9672  0.6702 
   00970    0.4036   -8015.3758  0.6776 
   00971    0.3876   -7991.4726  0.6755 
   00972    0.4172   -7898.9447  0.6681 
   00973    0.4040   -7929.5026  0.6653 
   00974    0.4124   -7898.7310  0.6652 
   00975    0.4108   -7872.9866  0.6658 
   00976    0.3964   -7904.7506  0.6745 
   00977    0.4040   -7984.1657  0.6808 
   00978    0.4056   -8001.6146  0.6892 
   00979    0.3884   -7971.8824  0.6884 
   00980    0.4064   -8024.3746  0.6908 
   00981    0.3796   -8105.9510  0.6943 
   00982    0.3824   -8067.9875  0.6932 
   00983    0.4068   -8010.7356  0.6979 
   00984    0.4080   -7964.7146  0.6962 
   00985    0.3988   -7976.6862  0.6958 
   00986    0.3960   -7992.9458  0.6938 
   00987    0.4084   -7972.8498  0.6996 
   00988    0.4004   -7956.3140  0.6979 
   00989    0.4084   -7908.7411  0.6966 
   00990    0.4096   -7927.9044  0.6968 
   00991    0.3980   -7957.6279  0.7024 
   00992    0.4024   -7955.6406  0.7027 
   00993    0.3904   -7985.2869  0.7036 
   00994    0.4012   -8013.2799  0.7069 
   00995    0.4140   -8040.3293  0.7068 
   00996    0.4184   -8030.3925  0.7096 
   00997    0.4100   -8018.3402  0.7113 
   00998    0.3932   -8019.9844  0.7050 
   00999    0.3928   -8005.1373  0.7065 
   01000    0.4008   -7957.7028  0.7052 
