#=====================================================
# File created:        Tue-12-Mar-2024-at-06-51-17AM
# Size of lattice:     50x50
# Number of MC steps:  1000
# Reduced temperature: 0.650
# Run time (s):        1.316261
#=====================================================
# MC step:  Ratio:     Energy:   Order:
#=====================================================
   00000    0.5000   -2462.5102  0.2617 
   00001    0.6908   -3680.8135  0.2775 
   00002    0.6048   -4468.5147  0.2760 
   00003    0.5512   -4906.4346  0.2824 
   00004    0.5364   -5292.5046  0.2821 
   00005    0.5372   -5469.3642  0.2965 
   00006    0.5172   -5674.7300  0.3020 
   00007    0.4972   -5846.1270  0.2999 
   00008    0.4900   -5950.3573  0.2971 
   00009    0.4776   -6038.7301  0.2996 
   00010    0.4772   -6103.1419  0.2967 
   00011    0.4668   -6170.2858  0.2927 
   00012    0.4680   -6258.7055  0.2845 
   00013    0.4760   -6345.6438  0.2860 
   00014    0.4704   -6396.0401  0.2897 
   00015    0.4636   -6464.3189  0.2906 
   00016    0.4608   -6520.4666  0.2931 
   00017    0.4748   -6600.2597  0.2967 
   00018    0.4544   -6624.5157  0.3040 
   00019    0.4560   -6677.6710  0.3035 
   00020    0.4596   -6690.3512  0.3073 
   00021    0.4576   -6661.3838  0.2981 
   00022    0.4592   -6716.8530  0.2945 
   00023    0.4404   -6698.1882  0.2957 
   00024    0.4444   -6655.5079  0.2908 
   00025    0.4464   -6715.5567  0.2940 
   00026    0.4232   -6733.5137  0.2878 
   00027    0.4540   -6770.4332  0.2874 
   00028    0.4516   -6726.6693  0.2850 
   00029    0.4584   -6714.4195  0.2765 
   00030    0.4516   -6794.7930  0.2791 
   00031    0.4704   -6829.6142  0.2839 
   00032    0.4332   -6850.3120  0.2855 
   00033    0.4400   -6887.6753  0.2839 
   00034    0.4300   -6898.6563  0.2830 
   00035    0.4448   -6950.0284  0.2832 
   00036    0.4564   -6969.8370  0.2856 
   00037    0.4312   -6997.6188  0.2885 
   00038    0.4292   -7043.2480  0.2859 
   00039    0.4264   -7044.8111  0.2871 
   00040    0.4456   -6990.8748  0.2824 
   00041    0.4244   -7016.1422  0.2856 
   00042    0.4428   -7018.9553  0.2797 
   00043    0.4280   -7051.0781  0.2773 
   00044    0.4208   -7114.8550  0.2785 
   00045    0.4240   -7086.5398  0.2737 
   00046    0.4212   -7119.3120  0.2675 
   00047    0.4352   -7052.5288  0.2771 
   00048    0.4332   -7074.3488  0.2713 
   00049    0.4308   -7028.1550  0.2718 
   00050    0.4224   -7092.9160  0.2782 
   00051    0.4260   -7109.6831  0.2751 
   00052    0.4368   -7176.4978  0.2675 
   00053    0.4332   -7208.9114  0.2667 
   00054    0.4288   -7189.4801  0.2691 
   00055    0.4180   -7136.2318  0.2731 
   00056    0.4196   -7131.0778  0.2727 
   00057    0.4344   -7134.0844  0.2758 
   00058    0.4396   -7162.0373  0.2746 
   00059    0.4332   -7132.6671  0.2729 
   00060    0.4312   -7052.1000  0.2661 
   00061    0.4360   -7092.3261  0.2648 
   00062    0.4484   -7052.5900  0.2700 
   00063    0.4268   -7072.6140  0.2657 
   00064    0.4396   -7110.5246  0.2617 
   00065    0.4428   -7082.8361  0.2614 
   00066    0.4312   -7062.8310  0.2697 
   00067    0.4304   -7048.6319  0.2717 
   00068    0.4376   -7035.2660  0.2741 
   00069    0.4316   -7078.8844  0.2697 
   00070    0.4360   -7105.7818  0.2661 
   00071    0.4208   -7084.4766  0.2797 
   00072    0.4140   -7064.4436  0.2736 
   00073    0.4332   -7094.2407  0.2764 
   00074    0.4116   -7050.2121  0.2702 
   00075    0.4400   -7104.2090  0.2753 
   00076    0.4388   -7159.0731  0.2711 
   00077    0.4148   -7172.8273  0.2720 
   00078    0.4256   -7127.9819  0.2679 
   00079    0.4380   -7150.8026  0.2679 
   00080    0.4420   -7141.2907  0.2713 
   00081    0.4292   -7176.5196  0.2678 
   00082    0.4156   -7236.6568  0.2741 
   00083    0.4240   -7253.3077  0.2617 
   00084    0.4200   -7263.6815  0.2642 
   00085    0.4100   -7251.2636  0.2683 
   00086    0.4204   -7258.6946  0.2771 
   00087    0.4228   -7253.7757  0.2747 
   00088    0.4216   -7255.2132  0.2809 
   00089    0.4204   -7200.0687  0.2748 
   00090    0.4108   -7237.8355  0.2683 
   00091    0.4368   -7255.9021  0.2677 
   00092    0.4316   -7219.8872  0.2760 
   00093    0.4380   -7247.0482  0.2695 
   00094    0.4212   -7230.1581  0.2716 
   00095    0.4320   -7162.9099  0.2695 
   00096    0.4248   -7239.2321  0.2640 
   00097    0.4316   -7307.4865  0.2607 
   00098    0.4328   -7301.5948  0.2580 
   00099    0.4304   -7247.8312  0.2628 
   00100    0.4224   -7212.7121  0.2663 
   00101    0.4180   -7188.4659  0.2672 
   00102    0.4292   -7180.5711  0.2703 
   00103    0.4336   -7201.3667  0.2773 
   00104    0.4384   -7216.4222  0.2752 
   00105    0.4284   -7180.3491  0.2792 
   00106    0.4456   -7214.9660  0.2838 
   00107    0.4508   -7229.6087  0.2898 
   00108    0.4264   -7241.8046  0.2828 
   00109    0.4220   -7277.4768  0.2799 
   00110    0.4284   -7226.2232  0.2742 
   00111    0.4336   -7162.3438  0.2699 
   00112    0.4220   -7204.6869  0.2756 
   00113    0.4400   -7225.3212  0.2800 
   00114    0.4224   -7193.4937  0.2824 
   00115    0.4324   -7227.3909  0.2851 
   00116    0.4096   -7242.8067  0.2883 
   00117    0.4152   -7248.5527  0.2872 
   00118    0.4348   -7294.6387  0.2919 
   00119    0.4212   -7308.8168  0.2940 
   00120    0.4200   -7230.2439  0.2981 
   00121    0.4200   -7282.5679  0.2953 
   00122    0.4356   -7316.2152  0.2915 
   00123    0.4160   -7327.1439  0.2938 
   00124    0.4140   -7319.4450  0.2981 
   00125    0.4208   -7358.2547  0.2994 
   00126    0.4124   -7352.8689  0.2985 
   00127    0.4312   -7317.8603  0.2979 
   00128    0.4252   -7276.8121  0.3020 
   00129    0.4384   -7238.0740  0.3036 
   00130    0.4376   -7245.1130  0.3088 
   00131    0.4148   -7300.0066  0.3084 
   00132    0.4316   -7314.9269  0.3152 
   00133    0.4256   -7301.9793  0.3007 
   00134    0.4192   -7327.4049  0.2921 
   00135    0.4280   -7305.0709  0.2883 
   00136    0.4252   -7343.3098  0.2937 
   00137    0.4212   -7343.6746  0.2967 
   00138    0.4204   -7349.0430  0.3035 
   00139    0.4208   -7343.0861  0.2964 
   00140    0.4280   -7300.3337  0.3047 
   00141    0.4124   -7355.4469  0.3031 
   00142    0.4244   -7338.5444  0.3043 
   00143    0.4256   -7334.2942  0.3101 
   00144    0.4264   -7351.7161  0.3163 
   00145    0.4128   -7306.1644  0.3152 
   00146    0.3972   -7375.8191  0.3114 
   00147    0.4152   -7361.6717  0.3192 
   00148    0.4216   -7310.1226  0.3163 
   00149    0.4248   -7321.1500  0.3114 
   00150    0.4424   -7360.8962  0.3014 
   00151    0.4204   -7339.6126  0.2981 
   00152    0.4220   -7363.5456  0.3060 
   00153    0.4268   -7333.6374  0.2987 
   00154    0.4344   -7319.4278  0.3041 
   00155    0.4176   -7327.3820  0.3072 
   00156    0.4208   -7306.3206  0.3136 
   00157    0.4300   -7299.1009  0.3116 
   00158    0.4360   -7284.9993  0.3059 
   00159    0.4332   -7320.2918  0.3016 
   00160    0.4396   -7327.1490  0.3042 
   00161    0.4296   -7371.1927  0.3001 
   00162    0.4352   -7358.8470  0.2968 
   00163    0.4180   -7437.6842  0.2935 
   00164    0.4244   -7408.1126  0.2948 
   00165    0.4148   -7405.9319  0.2949 
   00166    0.4208   -7445.1490  0.2889 
   00167    0.4176   -7411.3254  0.2891 
   00168    0.4200   -7376.0426  0.2987 
   00169    0.4196   -7350.9825  0.2970 
   00170    0.4288   -7360.8576  0.2963 
   00171    0.4236   -7367.4972  0.3073 
   00172    0.4172   -7424.8778  0.3042 
   00173    0.4180   -7378.6577  0.3042 
   00174    0.4328   -7410.9338  0.3080 
   00175    0.4260   -7453.3175  0.3111 
   00176    0.4056   -7455.3696  0.3008 
   00177    0.4132   -7412.6493  0.3015 
   00178    0.4256   -7469.4116  0.2997 
   00179    0.4348   -7473.1600  0.3101 
   00180    0.4220   -7434.8292  0.3112 
   00181    0.4116   -7431.4776  0.3160 
   00182    0.4088   -7425.6310  0.3218 
   00183    0.4236   -7347.0326  0.3256 
   00184    0.4332   -7382.2371  0.3355 
   00185    0.4132   -7267.9483  0.3336 
   00186    0.4268   -7320.7391  0.3336 
   00187    0.4164   -7313.6818  0.3352 
   00188    0.4212   -7313.3549  0.3415 
   00189    0.4212   -7303.2657  0.3484 
   00190    0.4236   -7275.0108  0.3420 
   00191    0.4396   -7327.1536  0.3343 
   00192    0.4304   -7298.9997  0.3350 
   00193    0.4180   -7328.0671  0.3295 
   00194    0.4172   -7305.1756  0.3343 
   00195    0.4220   -7305.0164  0.3311 
   00196    0.4344   -7319.7732  0.3237 
   00197    0.4276   -7317.3590  0.3269 
   00198    0.4280   -7307.1150  0.3235 
   00199    0.3984   -7351.3578  0.3165 
   00200    0.4320   -7383.6360  0.3189 
   00201    0.4136   -7397.8984  0.3138 
   00202    0.4164   -7347.0235  0.3185 
   00203    0.4216   -7340.0711  0.3122 
   00204    0.4336   -7356.9568  0.3154 
   00205    0.4212   -7341.1013  0.3189 
   00206    0.4212   -7377.6181  0.3286 
   00207    0.4228   -7423.3923  0.3331 
   00208    0.4148   -7401.2075  0.3280 
   00209    0.4248   -7411.0742  0.3315 
   00210    0.4260   -7377.1016  0.3240 
   00211    0.4136   -7370.2395  0.3304 
   00212    0.4284   -7437.7852  0.3293 
   00213    0.4100   -7441.2783  0.3242 
   00214    0.3988   -7413.0755  0.3222 
   00215    0.4180   -7403.8597  0.3180 
   00216    0.4176   -7401.5099  0.3197 
   00217    0.4164   -7383.1634  0.3111 
   00218    0.4064   -7373.9682  0.3199 
   00219    0.4292   -7364.8809  0.3249 
   00220    0.4284   -7355.3446  0.3151 
   00221    0.4248   -7363.8275  0.3154 
   00222    0.4184   -7354.2124  0.3121 
   00223    0.4144   -7381.2129  0.3142 
   00224    0.4220   -7368.7719  0.3120 
   00225    0.4152   -7387.8918  0.3079 
   00226    0.4192   -7374.4956  0.3097 
   00227    0.4308   -7392.3531  0.3131 
   00228    0.4188   -7467.5917  0.3217 
   00229    0.4172   -7381.7834  0.3174 
   00230    0.4256   -7364.4145  0.3149 
   00231    0.4172   -7324.6273  0.3110 
   00232    0.4160   -7317.1502  0.3140 
   00233    0.4228   -7322.2196  0.3111 
   00234    0.4144   -7406.8228  0.3181 
   00235    0.4352   -7350.7507  0.3265 
   00236    0.4092   -7333.3200  0.3225 
   00237    0.4156   -7358.4088  0.3189 
   00238    0.4068   -7325.0450  0.3192 
   00239    0.4212   -7348.8143  0.3264 
   00240    0.4256   -7363.3514  0.3269 
   00241    0.4428   -7348.3830  0.3285 
   00242    0.4060   -7270.4850  0.3378 
   00243    0.4300   -7299.6729  0.3340 
   00244    0.4388   -7215.6240  0.3330 
   00245    0.4208   -7261.0309  0.3318 
   00246    0.4388   -7247.6005  0.3334 
   00247    0.4304   -7274.9585  0.3275 
   00248    0.4024   -7283.7793  0.3275 
   00249    0.4364   -7286.6886  0.3254 
   00250    0.4232   -7249.9541  0.3356 
   00251    0.4040   -7282.4788  0.3354 
   00252    0.4128   -7366.4316  0.3365 
   00253    0.4152   -7351.1471  0.3428 
   00254    0.4188   -7395.8974  0.3410 
   00255    0.4328   -7367.9604  0.3364 
   00256    0.4268   -7327.4302  0.3369 
   00257    0.4240   -7357.0574  0.3330 
   00258    0.4292   -7352.5927  0.3365 
   00259    0.4220   -7330.5174  0.3358 
   00260    0.4312   -7360.2039  0.3433 
   00261    0.4312   -7321.8666  0.3412 
   00262    0.4168   -7316.8341  0.3396 
   00263    0.4348   -7344.7605  0.3455 
   00264    0.4220   -7429.9583  0.3425 
   00265    0.4188   -7447.4253  0.3340 
   00266    0.4236   -7477.7149  0.3413 
   00267    0.3932   -7446.4617  0.3349 
   00268    0.4120   -7396.1047  0.3351 
   00269    0.4248   -7439.9975  0.3414 
   00270    0.4316   -7495.6089  0.3463 
   00271    0.4092   -7468.0983  0.3450 
   00272    0.4168   -7410.3116  0.3390 
   00273    0.4192   -7380.1668  0.3361 
   00274    0.4064   -7402.0822  0.3334 
   00275    0.4160   -7422.3634  0.3412 
   00276    0.4152   -7411.8811  0.3412 
   00277    0.4300   -7450.1328  0.3388 
   00278    0.4244   -7376.7685  0.3362 
   00279    0.4160   -7405.7239  0.3352 
   00280    0.4080   -7394.9029  0.3377 
   00281    0.4316   -7397.4734  0.3450 
   00282    0.4168   -7376.2226  0.3458 
   00283    0.4264   -7373.0253  0.3446 
   00284    0.4196   -7391.0313  0.3508 
   00285    0.4172   -7414.5866  0.3444 
   00286    0.4192   -7413.7644  0.3514 
   00287    0.4256   -7320.2685  0.3537 
   00288    0.4280   -7324.2774  0.3525 
   00289    0.4164   -7396.0642  0.3549 
   00290    0.4152   -7359.0125  0.3579 
   00291    0.4272   -7369.5545  0.3681 
   00292    0.4208   -7427.0156  0.3727 
   00293    0.4052   -7481.8935  0.3666 
   00294    0.4124   -7481.5643  0.3630 
   00295    0.4044   -7429.4559  0.3645 
   00296    0.4200   -7419.2631  0.3663 
   00297    0.4028   -7416.5048  0.3613 
   00298    0.4272   -7451.6491  0.3587 
   00299    0.4084   -7460.2556  0.3586 
   00300    0.4124   -7429.9730  0.3609 
   00301    0.4172   -7464.4888  0.3576 
   00302    0.4244   -7506.7101  0.3592 
   00303    0.4252   -7474.1581  0.3516 
   00304    0.4332   -7480.7468  0.3436 
   00305    0.4136   -7452.9964  0.3409 
   00306    0.4236   -7436.3305  0.3431 
   00307    0.4076   -7436.1635  0.3443 
   00308    0.4144   -7425.9857  0.3387 
   00309    0.4144   -7466.5083  0.3364 
   00310    0.4152   -7469.5536  0.3472 
   00311    0.4288   -7452.2443  0.3414 
   00312    0.4212   -7450.5007  0.3343 
   00313    0.4192   -7479.7383  0.3348 
   00314    0.4172   -7469.6461  0.3310 
   00315    0.4276   -7444.1607  0.3413 
   00316    0.4288   -7354.4051  0.3449 
   00317    0.4352   -7379.8595  0.3440 
   00318    0.4184   -7412.4202  0.3467 
   00319    0.4040   -7427.5943  0.3417 
   00320    0.4240   -7412.5960  0.3418 
   00321    0.4320   -7357.8329  0.3435 
   00322    0.4340   -7351.4824  0.3458 
   00323    0.4264   -7309.9764  0.3443 
   00324    0.4216   -7423.0000  0.3523 
   00325    0.4196   -7455.0409  0.3531 
   00326    0.4124   -7468.7799  0.3462 
   00327    0.4288   -7484.8188  0.3379 
   00328    0.4036   -7487.5613  0.3368 
   00329    0.4188   -7473.8182  0.3326 
   00330    0.4168   -7482.6008  0.3419 
   00331    0.3968   -7452.1609  0.3392 
   00332    0.4120   -7444.8553  0.3373 
   00333    0.4316   -7439.5780  0.3457 
   00334    0.4152   -7442.0014  0.3538 
   00335    0.4156   -7459.6972  0.3656 
   00336    0.4280   -7490.8214  0.3749 
   00337    0.4064   -7470.7268  0.3692 
   00338    0.4300   -7431.9596  0.3737 
   00339    0.4160   -7454.2140  0.3775 
   00340    0.4152   -7460.8740  0.3748 
   00341    0.4132   -7462.0871  0.3731 
   00342    0.4196   -7424.2154  0.3755 
   00343    0.4256   -7393.5222  0.3775 
   00344    0.4144   -7353.2929  0.3674 
   00345    0.4160   -7367.2174  0.3638 
   00346    0.4308   -7373.6147  0.3616 
   00347    0.4148   -7432.5542  0.3673 
   00348    0.4192   -7407.5968  0.3619 
   00349    0.4264   -7373.0522  0.3611 
   00350    0.4064   -7411.9343  0.3588 
   00351    0.4268   -7396.5771  0.3570 
   00352    0.4140   -7382.5688  0.3523 
   00353    0.4216   -7330.9865  0.3589 
   00354    0.4272   -7355.5500  0.3572 
   00355    0.4344   -7340.7524  0.3542 
   00356    0.4280   -7303.4576  0.3644 
   00357    0.4128   -7343.8688  0.3639 
   00358    0.4124   -7278.8393  0.3616 
   00359    0.4308   -7309.6848  0.3648 
   00360    0.4280   -7417.3865  0.3614 
   00361    0.4184   -7418.9903  0.3588 
   00362    0.4236   -7396.9578  0.3705 
   00363    0.4104   -7361.1163  0.3755 
   00364    0.4200   -7363.1663  0.3721 
   00365    0.4308   -7340.2296  0.3739 
   00366    0.4260   -7400.6208  0.3688 
   00367    0.4212   -7404.7566  0.3729 
   00368    0.4320   -7418.3992  0.3718 
   00369    0.4060   -7428.8921  0.3756 
   00370    0.4180   -7407.4386  0.3715 
   00371    0.4132   -7457.2395  0.3744 
   00372    0.4168   -7374.5256  0.3759 
   00373    0.4172   -7330.7974  0.3897 
   00374    0.4124   -7335.8235  0.3917 
   00375    0.3956   -7350.3965  0.3916 
   00376    0.4324   -7338.7871  0.3933 
   00377    0.4320   -7313.0809  0.3947 
   00378    0.4164   -7290.3833  0.3954 
   00379    0.4112   -7268.2181  0.3948 
   00380    0.4072   -7307.5936  0.3945 
   00381    0.4212   -7313.7205  0.3931 
   00382    0.4192   -7396.0259  0.3872 
   00383    0.4356   -7383.7733  0.3866 
   00384    0.4116   -7357.2814  0.3860 
   00385    0.4096   -7398.8964  0.3863 
   00386    0.4072   -7371.6737  0.3830 
   00387    0.4232   -7405.6020  0.3805 
   00388    0.4044   -7359.8671  0.3754 
   00389    0.4296   -7357.7789  0.3764 
   00390    0.4184   -7384.6588  0.3757 
   00391    0.4352   -7375.3676  0.3787 
   00392    0.4352   -7387.8119  0.3774 
   00393    0.4216   -7409.6989  0.3863 
   00394    0.4000   -7438.5863  0.3835 
   00395    0.4004   -7491.2140  0.3862 
   00396    0.4068   -7486.8580  0.3844 
   00397    0.4296   -7481.4234  0.3858 
   00398    0.4268   -7415.7576  0.3892 
   00399    0.4112   -7476.9804  0.3876 
   00400    0.4184   -7483.5987  0.3781 
   00401    0.4236   -7496.3032  0.3802 
   00402    0.4052   -7528.4968  0.3863 
   00403    0.4072   -7514.0536  0.3902 
   00404    0.4128   -7474.0136  0.3875 
   00405    0.4372   -7450.9103  0.3827 
   00406    0.4404   -7405.4532  0.3730 
   00407    0.4144   -7386.4677  0.3719 
   00408    0.4192   -7310.2501  0.3698 
   00409    0.4248   -7325.7729  0.3712 
   00410    0.4264   -7328.7513  0.3752 
   00411    0.4364   -7425.4622  0.3806 
   00412    0.4288   -7436.5402  0.3741 
   00413    0.4332   -7436.9399  0.3801 
   00414    0.4148   -7426.7162  0.3755 
   00415    0.4128   -7468.7169  0.3777 
   00416    0.4228   -7482.3318  0.3764 
   00417    0.4224   -7488.8668  0.3720 
   00418    0.4216   -7373.2856  0.3736 
   00419    0.4280   -7378.0402  0.3722 
   00420    0.4448   -7407.5446  0.3772 
   00421    0.4208   -7419.4338  0.3705 
   00422    0.4156   -7467.8048  0.3720 
   00423    0.4184   -7441.6980  0.3674 
   00424    0.4012   -7467.5290  0.3686 
   00425    0.4220   -7400.5632  0.3648 
   00426    0.4164   -7401.4842  0.3573 
   00427    0.4012   -7338.9611  0.3596 
   00428    0.4284   -7369.2489  0.3588 
   00429    0.4212   -7357.7076  0.3608 
   00430    0.4196   -7405.7571  0.3697 
   00431    0.4128   -7355.0612  0.3757 
   00432    0.4132   -7365.7917  0.3728 
   00433    0.4348   -7344.1389  0.3752 
   00434    0.4056   -7383.4671  0.3750 
   00435    0.4248   -7358.7631  0.3727 
   00436    0.4144   -7324.4583  0.3725 
   00437    0.4252   -7342.9168  0.3685 
   00438    0.4148   -7365.4863  0.3664 
   00439    0.4192   -7382.8285  0.3653 
   00440    0.4080   -7425.2634  0.3684 
   00441    0.4060   -7423.7112  0.3661 
   00442    0.4256   -7405.4462  0.3675 
   00443    0.4280   -7378.3018  0.3740 
   00444    0.4272   -7422.9601  0.3813 
   00445    0.4268   -7375.8731  0.3814 
   00446    0.4296   -7379.2630  0.3740 
   00447    0.4372   -7412.4023  0.3773 
   00448    0.4108   -7448.6442  0.3811 
   00449    0.4240   -7350.1398  0.3705 
   00450    0.4288   -7363.9009  0.3683 
   00451    0.4328   -7412.1051  0.3700 
   00452    0.4084   -7399.2793  0.3574 
   00453    0.4364   -7341.2057  0.3529 
   00454    0.4136   -7302.8579  0.3492 
   00455    0.4252   -7316.8482  0.3516 
   00456    0.4200   -7380.2588  0.3591 
   00457    0.4292   -7366.9457  0.3601 
   00458    0.4252   -7335.4182  0.3620 
   00459    0.4188   -7401.4153  0.3674 
   00460    0.4124   -7415.8995  0.3636 
   00461    0.4236   -7378.6975  0.3680 
   00462    0.4244   -7389.2205  0.3692 
   00463    0.4316   -7361.0003  0.3689 
   00464    0.4072   -7300.5079  0.3696 
   00465    0.4308   -7362.2500  0.3758 
   00466    0.4416   -7391.9810  0.3736 
   00467    0.4156   -7382.2037  0.3684 
   00468    0.4264   -7393.1894  0.3652 
   00469    0.4056   -7361.2045  0.3692 
   00470    0.4060   -7410.9579  0.3760 
   00471    0.4072   -7427.0937  0.3710 
   00472    0.4340   -7419.7566  0.3666 
   00473    0.3984   -7399.5837  0.3667 
   00474    0.4320   -7368.0019  0.3708 
   00475    0.4188   -7387.8353  0.3709 
   00476    0.4284   -7419.5171  0.3690 
   00477    0.4136   -7390.7329  0.3713 
   00478    0.4084   -7501.2572  0.3755 
   00479    0.4016   -7444.7528  0.3763 
   00480    0.4096   -7448.7400  0.3679 
   00481    0.4240   -7420.5491  0.3666 
   00482    0.4132   -7374.4473  0.3721 
   00483    0.4120   -7394.4926  0.3655 
   00484    0.4016   -7399.2633  0.3588 
   00485    0.4028   -7378.9237  0.3578 
   00486    0.4284   -7285.7728  0.3551 
   00487    0.4212   -7361.5724  0.3495 
   00488    0.4248   -7328.4699  0.3438 
   00489    0.4276   -7337.5265  0.3486 
   00490    0.4408   -7305.4625  0.3663 
   00491    0.4508   -7428.9918  0.3601 
   00492    0.4316   -7448.4139  0.3606 
   00493    0.4164   -7481.3671  0.3614 
   00494    0.4240   -7424.4200  0.3585 
   00495    0.4240   -7437.5889  0.3526 
   00496    0.4156   -7440.6390  0.3534 
   00497    0.4360   -7343.4280  0.3504 
   00498    0.4264   -7369.4354  0.3528 
   00499    0.4104   -7395.5188  0.3608 
   00500    0.4184   -7375.8605  0.3548 
   00501    0.4136   -7426.5106  0.3557 
   00502    0.4268   -7380.5280  0.3520 
   00503    0.4360   -7342.0595  0.3481 
   00504    0.4340   -7381.4806  0.3433 
   00505    0.4200   -7380.2460  0.3454 
   00506    0.4436   -7446.0855  0.3477 
   00507    0.4216   -7388.0262  0.3451 
   00508    0.4196   -7446.8634  0.3516 
   00509    0.4276   -7453.9801  0.3510 
   00510    0.4108   -7424.3266  0.3497 
   00511    0.4016   -7477.7253  0.3486 
   00512    0.4220   -7462.7525  0.3558 
   00513    0.4116   -7436.0887  0.3535 
   00514    0.4172   -7375.2221  0.3571 
   00515    0.4308   -7431.3692  0.3701 
   00516    0.4152   -7474.4031  0.3673 
   00517    0.3980   -7522.3003  0.3702 
   00518    0.4204   -7498.7434  0.3708 
   00519    0.4228   -7452.3708  0.3706 
   00520    0.4084   -7459.8196  0.3773 
   00521    0.4156   -7435.8316  0.3699 
   00522    0.4060   -7429.2438  0.3669 
   00523    0.4112   -7441.7155  0.3626 
   00524    0.4328   -7422.6808  0.3639 
   00525    0.4132   -7423.2615  0.3621 
   00526    0.4020   -7426.3679  0.3648 
   00527    0.4132   -7409.0685  0.3670 
   00528    0.4216   -7422.6097  0.3696 
   00529    0.4176   -7398.9940  0.3667 
   00530    0.4248   -7359.3738  0.3654 
   00531    0.4076   -7403.1224  0.3725 
   00532    0.3900   -7398.1536  0.3804 
   00533    0.4200   -7430.8893  0.3875 
   00534    0.4096   -7425.5750  0.3860 
   00535    0.4208   -7397.1258  0.3930 
   00536    0.4100   -7366.6874  0.3885 
   00537    0.4208   -7408.4601  0.3865 
   00538    0.4028   -7421.9150  0.3819 
   00539    0.4180   -7432.9375  0.3795 
   00540    0.4296   -7421.5225  0.3858 
   00541    0.4124   -7434.5729  0.3799 
   00542    0.4220   -7512.1821  0.3686 
   00543    0.3932   -7452.9009  0.3772 
   00544    0.4348   -7409.1507  0.3784 
   00545    0.4080   -7379.1615  0.3870 
   00546    0.4284   -7394.1363  0.3861 
   00547    0.4096   -7412.6257  0.3831 
   00548    0.4076   -7480.1864  0.3824 
   00549    0.4340   -7491.9933  0.3913 
   00550    0.4204   -7505.3144  0.3938 
   00551    0.4148   -7429.8115  0.3891 
   00552    0.4204   -7403.5330  0.3824 
   00553    0.4028   -7471.6815  0.3812 
   00554    0.4220   -7514.7217  0.3914 
   00555    0.4040   -7568.5483  0.3964 
   00556    0.4072   -7506.4182  0.3926 
   00557    0.4300   -7422.5389  0.3935 
   00558    0.4280   -7416.8093  0.3902 
   00559    0.4364   -7462.3076  0.3867 
   00560    0.4152   -7472.2561  0.3899 
   00561    0.4140   -7493.5911  0.3882 
   00562    0.4136   -7471.5834  0.3973 
   00563    0.4080   -7384.0433  0.3945 
   00564    0.3952   -7410.8526  0.3890 
   00565    0.4176   -7404.6191  0.3918 
   00566    0.4176   -7431.1962  0.3931 
   00567    0.4132   -7391.3297  0.3964 
   00568    0.4048   -7409.8091  0.3973 
   00569    0.4168   -7484.0087  0.4002 
   00570    0.4236   -7464.6323  0.3976 
   00571    0.4184   -7407.1335  0.4006 
   00572    0.4044   -7375.0221  0.3983 
   00573    0.4316   -7359.9120  0.4039 
   00574    0.4036   -7363.6622  0.3972 
   00575    0.4176   -7341.0349  0.4056 
   00576    0.4200   -7346.3729  0.4034 
   00577    0.4352   -7367.9719  0.4049 
   00578    0.4256   -7450.0859  0.3998 
   00579    0.4064   -7432.3454  0.3966 
   00580    0.4228   -7374.9918  0.3914 
   00581    0.4432   -7418.5318  0.3920 
   00582    0.4188   -7452.3296  0.3883 
   00583    0.4364   -7459.3264  0.3841 
   00584    0.4144   -7405.5876  0.3863 
   00585    0.4252   -7357.6208  0.3900 
   00586    0.4220   -7395.5825  0.3893 
   00587    0.4276   -7379.6987  0.3872 
   00588    0.4176   -7330.4852  0.3909 
   00589    0.4136   -7367.0820  0.3907 
   00590    0.4292   -7396.7535  0.3966 
   00591    0.4056   -7383.0311  0.3943 
   00592    0.4184   -7419.8167  0.3935 
   00593    0.4304   -7411.6667  0.3924 
   00594    0.4276   -7394.0041  0.3852 
   00595    0.4156   -7403.1585  0.3906 
   00596    0.4152   -7417.2043  0.3980 
   00597    0.4196   -7423.7524  0.3891 
   00598    0.4200   -7421.6350  0.3912 
   00599    0.4120   -7394.0024  0.3973 
   00600    0.4284   -7405.3553  0.3920 
   00601    0.3964   -7396.7030  0.3950 
   00602    0.4164   -7396.9495  0.4004 
   00603    0.4076   -7407.2034  0.4013 
   00604    0.4200   -7434.4615  0.3977 
   00605    0.4220   -7421.5451  0.4030 
   00606    0.4300   -7487.0751  0.4084 
   00607    0.4152   -7410.4791  0.4092 
   00608    0.4152   -7436.2743  0.4117 
   00609    0.4192   -7447.4308  0.4070 
   00610    0.4244   -7457.1347  0.4142 
   00611    0.4152   -7482.7505  0.4123 
   00612    0.4296   -7495.9995  0.4199 
   00613    0.4164   -7465.2806  0.4117 
   00614    0.4040   -7470.5576  0.4119 
   00615    0.4068   -7478.4337  0.4080 
   00616    0.4100   -7444.6603  0.4026 
   00617    0.3960   -7446.2551  0.3908 
   00618    0.4136   -7453.5690  0.3950 
   00619    0.4292   -7397.0702  0.3947 
   00620    0.4172   -7447.6659  0.3931 
   00621    0.4200   -7429.1580  0.3962 
   00622    0.4068   -7463.0376  0.3875 
   00623    0.4080   -7484.6659  0.3855 
   00624    0.4156   -7503.9240  0.3885 
   00625    0.4128   -7482.9859  0.3937 
   00626    0.4140   -7480.3663  0.3780 
   00627    0.4084   -7524.7796  0.3815 
   00628    0.4316   -7461.7443  0.3770 
   00629    0.4056   -7419.7478  0.3770 
   00630    0.4156   -7456.3611  0.3747 
   00631    0.4076   -7500.7557  0.3725 
   00632    0.4260   -7488.9280  0.3707 
   00633    0.4096   -7484.6844  0.3746 
   00634    0.4136   -7501.1867  0.3851 
   00635    0.4028   -7531.7155  0.3884 
   00636    0.4064   -7519.3988  0.3934 
   00637    0.4120   -7505.2634  0.3950 
   00638    0.4092   -7508.8772  0.3894 
   00639    0.4104   -7499.2167  0.3908 
   00640    0.4016   -7490.6347  0.3987 
   00641    0.4024   -7466.9078  0.3949 
   00642    0.4176   -7446.3693  0.4018 
   00643    0.4204   -7433.8450  0.3997 
   00644    0.4260   -7445.9859  0.4004 
   00645    0.4072   -7404.8058  0.4072 
   00646    0.4212   -7410.0684  0.4065 
   00647    0.4224   -7430.8961  0.4106 
   00648    0.4132   -7338.3361  0.4052 
   00649    0.4200   -7426.6867  0.4075 
   00650    0.4132   -7409.7421  0.4071 
   00651    0.4312   -7437.7681  0.4058 
   00652    0.4112   -7452.1169  0.4109 
   00653    0.4012   -7480.6687  0.4146 
   00654    0.4192   -7459.2661  0.4183 
   00655    0.4192   -7452.4253  0.4214 
   00656    0.4104   -7451.5820  0.4265 
   00657    0.4180   -7457.6030  0.4191 
   00658    0.4304   -7538.4524  0.4238 
   00659    0.4088   -7488.6024  0.4222 
   00660    0.4060   -7538.9905  0.4247 
   00661    0.4236   -7507.1712  0.4122 
   00662    0.4336   -7471.0511  0.4061 
   00663    0.4112   -7478.3096  0.4053 
   00664    0.4272   -7495.6831  0.4009 
   00665    0.4128   -7522.5922  0.4102 
   00666    0.4004   -7549.5779  0.4151 
   00667    0.4128   -7645.0724  0.4075 
   00668    0.4248   -7667.6188  0.4093 
   00669    0.4144   -7752.7857  0.4185 
   00670    0.4004   -7667.7271  0.4292 
   00671    0.3952   -7653.8774  0.4339 
   00672    0.4060   -7716.5709  0.4404 
   00673    0.4168   -7786.1776  0.4360 
   00674    0.4080   -7790.9626  0.4379 
   00675    0.3884   -7791.9633  0.4263 
   00676    0.3992   -7716.9679  0.4305 
   00677    0.4208   -7711.4869  0.4231 
   00678    0.4144   -7666.8300  0.4219 
   00679    0.4428   -7717.9300  0.4323 
   00680    0.3932   -7818.4342  0.4411 
   00681    0.4128   -7780.0008  0.4448 
   00682    0.3868   -7789.7335  0.4520 
   00683    0.3924   -7772.1942  0.4494 
   00684    0.4072   -7782.5231  0.4488 
   00685    0.3976   -7758.9356  0.4418 
   00686    0.4128   -7735.6200  0.4467 
   00687    0.4104   -7725.4610  0.4419 
   00688    0.4064   -7742.1507  0.4396 
   00689    0.4092   -7768.8811  0.4436 
   00690    0.3980   -7773.6486  0.4389 
   00691    0.4120   -7755.2473  0.4336 
   00692    0.4148   -7796.3392  0.4284 
   00693    0.4096   -7767.0982  0.4288 
   00694    0.4008   -7740.4103  0.4231 
   00695    0.4112   -7721.7841  0.4282 
   00696    0.4016   -7772.2927  0.4360 
   00697    0.4024   -7778.9745  0.4372 
   00698    0.4048   -7726.1735  0.4436 
   00699    0.3984   -7769.8115  0.4471 
   00700    0.4180   -7822.2860  0.4508 
   00701    0.3940   -7824.2777  0.4550 
   00702    0.3988   -7786.1972  0.4504 
   00703    0.4072   -7774.8586  0.4536 
   00704    0.4132   -7756.6760  0.4546 
   00705    0.4052   -7781.7328  0.4488 
   00706    0.4060   -7791.3835  0.4420 
   00707    0.4132   -7788.9598  0.4460 
   00708    0.4048   -7811.6447  0.4475 
   00709    0.4064   -7844.4879  0.4477 
   00710    0.4192   -7878.1240  0.4515 
   00711    0.3936   -7886.2273  0.4491 
   00712    0.4128   -7807.0138  0.4433 
   00713    0.4008   -7800.1148  0.4494 
   00714    0.4208   -7848.7320  0.4508 
   00715    0.3944   -7912.3463  0.4506 
   00716    0.4112   -7873.1547  0.4581 
   00717    0.4128   -7886.0730  0.4545 
   00718    0.4192   -7867.3763  0.4589 
   00719    0.4100   -7844.9727  0.4567 
   00720    0.4032   -7783.3965  0.4539 
   00721    0.4072   -7747.9227  0.4584 
   00722    0.4100   -7778.2651  0.4581 
   00723    0.3824   -7778.9790  0.4564 
   00724    0.4100   -7786.3167  0.4552 
   00725    0.4004   -7742.8786  0.4498 
   00726    0.4012   -7767.9958  0.4456 
   00727    0.4112   -7890.2483  0.4551 
   00728    0.4140   -7891.4698  0.4447 
   00729    0.3936   -7869.6131  0.4494 
   00730    0.4164   -7858.0678  0.4536 
   00731    0.4200   -7864.3354  0.4566 
   00732    0.4028   -7876.3810  0.4572 
   00733    0.4048   -7855.8095  0.4590 
   00734    0.3928   -7911.6899  0.4559 
   00735    0.4008   -7958.3528  0.4562 
   00736    0.4000   -7922.3214  0.4624 
   00737    0.4004   -7885.2659  0.4627 
   00738    0.4080   -7849.7567  0.4582 
   00739    0.4068   -7840.8558  0.4587 
   00740    0.3964   -7845.2470  0.4581 
   00741    0.4092   -7840.8257  0.4565 
   00742    0.4060   -7803.3486  0.4529 
   00743    0.4072   -7762.4193  0.4511 
   00744    0.4160   -7773.9740  0.4511 
   00745    0.4188   -7790.8720  0.4602 
   00746    0.4068   -7825.8511  0.4565 
   00747    0.3968   -7812.5477  0.4634 
   00748    0.4092   -7825.8728  0.4669 
   00749    0.3936   -7887.6136  0.4741 
   00750    0.4104   -7870.2410  0.4728 
   00751    0.4064   -7848.7501  0.4737 
   00752    0.4020   -7858.8725  0.4788 
   00753    0.4032   -7862.7181  0.4898 
   00754    0.3984   -7835.0666  0.4812 
   00755    0.4032   -7918.7762  0.4856 
   00756    0.4080   -7908.0759  0.4951 
   00757    0.4036   -7922.6501  0.4933 
   00758    0.3896   -7872.6265  0.4940 
   00759    0.4100   -7913.2634  0.4994 
   00760    0.4068   -7860.3502  0.4999 
   00761    0.4068   -7840.9785  0.4993 
   00762    0.4068   -7873.2440  0.4961 
   00763    0.3968   -7947.1493  0.4947 
   00764    0.3968   -7954.7809  0.4929 
   00765    0.3976   -7968.6140  0.4899 
   00766    0.3840   -7957.1059  0.4968 
   00767    0.3984   -7969.4884  0.5019 
   00768    0.4032   -7923.9931  0.4966 
   00769    0.4060   -7923.3210  0.4932 
   00770    0.3896   -7895.0897  0.4903 
   00771    0.4092   -7869.9024  0.4924 
   00772    0.3928   -7824.6742  0.4929 
   00773    0.4088   -7892.3352  0.4975 
   00774    0.4124   -7851.2698  0.5023 
   00775    0.4092   -7861.8211  0.5020 
   00776    0.3924   -7809.5418  0.5018 
   00777    0.4092   -7764.4282  0.4993 
   00778    0.3960   -7777.4310  0.5002 
   00779    0.4092   -7783.6940  0.4992 
   00780    0.4084   -7780.0311  0.4970 
   00781    0.3948   -7825.4305  0.5001 
   00782    0.4284   -7821.5626  0.4976 
   00783    0.4052   -7783.7262  0.4961 
   00784    0.4252   -7835.5869  0.5075 
   00785    0.4028   -7806.1156  0.5042 
   00786    0.3976   -7894.5185  0.5000 
   00787    0.3996   -7852.5475  0.4974 
   00788    0.4112   -7859.0706  0.4996 
   00789    0.4036   -7879.0376  0.4943 
   00790    0.4008   -7869.2439  0.4977 
   00791    0.3892   -7821.8928  0.4989 
   00792    0.4028   -7793.6419  0.4960 
   00793    0.4068   -7753.6129  0.5009 
   00794    0.4176   -7718.0588  0.5032 
   00795    0.4116   -7778.7828  0.4993 
   00796    0.4036   -7806.5293  0.5055 
   00797    0.4212   -7841.2855  0.5032 
   00798    0.4088   -7829.9625  0.4987 
   00799    0.3952   -7791.6515  0.4986 
   00800    0.4072   -7733.8486  0.4912 
   00801    0.4148   -7710.7893  0.4941 
   00802    0.4044   -7709.5452  0.4962 
   00803    0.4036   -7848.2647  0.5115 
   00804    0.3960   -7895.5220  0.5212 
   00805    0.4068   -7850.8149  0.5222 
   00806    0.3964   -7836.8214  0.5196 
   00807    0.4076   -7891.1988  0.5140 
   00808    0.4020   -7898.4407  0.5123 
   00809    0.3700   -7955.7901  0.5172 
   00810    0.3912   -7923.2515  0.5129 
   00811    0.4112   -8003.0419  0.5126 
   00812    0.3844   -8018.7220  0.5131 
   00813    0.4088   -7964.6523  0.5130 
   00814    0.4240   -7992.1245  0.5179 
   00815    0.4032   -7959.0542  0.5180 
   00816    0.3884   -7986.6654  0.5225 
   00817    0.3984   -7988.3422  0.5148 
   00818    0.4008   -7923.2740  0.5110 
   00819    0.4208   -7952.2035  0.5182 
   00820    0.3868   -7915.1287  0.5184 
   00821    0.3868   -7922.8683  0.5186 
   00822    0.4016   -7939.8532  0.5204 
   00823    0.3952   -7927.2463  0.5158 
   00824    0.3976   -7936.0412  0.5169 
   00825    0.3976   -7947.6435  0.5131 
   00826    0.4056   -7970.5011  0.5072 
   00827    0.4012   -7919.1856  0.5083 
   00828    0.4032   -7920.2250  0.5060 
   00829    0.4040   -7908.7413  0.5066 
   00830    0.4128   -7921.6367  0.5030 
   00831    0.4168   -7875.6896  0.5042 
   00832    0.4268   -7873.4843  0.5061 
   00833    0.4096   -7900.0342  0.5103 
   00834    0.3996   -7881.9871  0.5043 
   00835    0.4060   -7916.3461  0.5079 
   00836    0.4012   -7963.8240  0.5101 
   00837    0.4032   -7939.4502  0.5094 
   00838    0.4096   -7970.6676  0.5030 
   00839    0.3924   -7990.9184  0.5021 
   00840    0.3940   -7953.4952  0.4995 
   00841    0.3736   -7955.3906  0.5038 
   00842    0.4040   -7978.2451  0.5076 
   00843    0.4008   -8003.9973  0.5070 
   00844    0.3984   -7969.7878  0.4999 
   00845    0.3896   -8045.0979  0.5044 
   00846    0.3912   -8014.2231  0.5054 
   00847    0.3924   -8022.2163  0.5080 
   00848    0.3824   -7970.0096  0.5082 
   00849    0.3912   -7912.0814  0.5011 
   00850    0.4152   -7981.3198  0.5069 
   00851    0.3980   -7929.3385  0.5071 
   00852    0.3972   -7948.9652  0.5237 
   00853    0.4048   -7971.5805  0.5226 
   00854    0.4064   -7949.0762  0.5206 
   00855    0.4052   -7941.3341  0.5196 
   00856    0.3904   -7965.4144  0.5262 
   00857    0.3900   -7987.9544  0.5275 
   00858    0.3916   -7948.0674  0.5241 
   00859    0.4056   -7944.0791  0.5304 
   00860    0.3948   -7945.7989  0.5282 
   00861    0.4184   -7946.0646  0.5289 
   00862    0.3992   -7881.0888  0.5260 
   00863    0.3828   -7912.0110  0.5285 
   00864    0.4048   -7913.7031  0.5279 
   00865    0.4048   -7948.7809  0.5274 
   00866    0.3980   -7998.4433  0.5271 
   00867    0.4032   -7946.3004  0.5285 
   00868    0.4016   -7946.2657  0.5205 
   00869    0.3912   -7929.1470  0.5209 
   00870    0.4036   -7918.4951  0.5149 
   00871    0.3956   -7922.6653  0.5125 
   00872    0.3960   -7935.4907  0.5096 
   00873    0.3976   -7938.7339  0.5104 
   00874    0.3924   -7956.3364  0.5178 
   00875    0.4096   -7916.6631  0.5184 
   00876    0.3912   -7879.3303  0.5101 
   00877    0.3896   -7887.2246  0.5074 
   00878    0.3940   -7945.5633  0.5165 
   00879    0.4044   -7876.3989  0.5110 
   00880    0.3928   -7978.8730  0.5144 
   00881    0.3940   -7958.6862  0.5182 
   00882    0.3828   -7967.8234  0.5213 
   00883    0.4024   -7978.4466  0.5284 
   00884    0.3888   -8020.0224  0.5281 
   00885    0.4072   -7957.2483  0.5244 
   00886    0.3932   -8022.8818  0.5215 
   00887    0.3940   -7978.8808  0.5236 
   00888    0.3856   -8013.9480  0.5248 
   00889    0.3904   -7970.8783  0.5253 
   00890    0.3972   -8003.7477  0.5298 
   00891    0.3916   -8006.6076  0.5275 
   00892    0.3960   -8003.7809  0.5321 
   00893    0.3972   -8025.3451  0.5311 
   00894    0.3792   -8079.4627  0.5326 
   00895    0.3764   -8076.5326  0.5212 
   00896    0.3892   -8029.9382  0.5239 
   00897    0.3860   -7997.2772  0.5245 
   00898    0.3976   -7959.5085  0.5178 
   00899    0.4048   -8003.6704  0.5228 
   00900    0.3896   -8005.2356  0.5308 
   00901    0.3856   -8016.1456  0.5266 
   00902    0.3900   -8038.3826  0.5188 
   00903    0.3908   -8007.7136  0.5199 
   00904    0.3900   -8002.6052  0.5204 
   00905    0.4260   -7972.3371  0.5201 
   00906    0.3932   -7921.7471  0.5135 
   00907    0.4072   -7885.0837  0.5038 
   00908    0.4012   -7996.1581  0.5080 
   00909    0.4092   -8018.0234  0.5159 
   00910    0.3936   -8009.8299  0.5116 
   00911    0.4032   -7992.2184  0.5115 
   00912    0.3972   -7982.5487  0.5059 
   00913    0.3988   -7942.5487  0.5057 
   00914    0.3976   -7977.8474  0.5072 
   00915    0.4136   -7905.0187  0.5071 
   00916    0.3980   -7984.1179  0.5073 
   00917    0.4140   -7902.6649  0.5062 
   00918    0.3812   -7942.6899  0.5140 
   00919    0.4052   -7987.3404  0.5119 
   00920    0.4020   -7919.8198  0.5076 
   00921    0.4048   -7924.2752  0.5128 
   00922    0.4016   -7905.2283  0.5097 
   00923    0.4064   -7916.2092  0.5043 
   00924    0.4092   -7870.8744  0.5012 
   00925    0.3896   -7890.4896  0.5026 
   00926    0.3932   -7918.2993  0.5080 
   00927    0.4084   -7992.9587  0.5070 
   00928    0.3900   -7967.5545  0.5097 
   00929    0.3920   -7974.9742  0.5154 
   00930    0.3792   -7997.2907  0.5150 
   00931    0.3960   -8005.6924  0.5258 
   00932    0.3944   -8013.4172  0.5289 
   00933    0.3940   -7970.1395  0.5259 
   00934    0.4048   -8002.2441  0.5263 
   00935    0.3880   -7959.8757  0.5269 
   00936    0.3896   -7920.3536  0.5349 
   00937    0.3908   -7936.2858  0.5293 
   00938    0.3912   -7873.4065  0.5204 
   00939    0.3980   -7929.2563  0.5227 
   00940    0.3916   -7949.1862  0.5244 
   00941    0.3964   -7907.6603  0.5190 
   00942    0.3984   -7884.9285  0.5101 
   00943    0.4040   -7931.6836  0.5101 
   00944    0.3896   -7918.3859  0.5126 
   00945    0.4076   -7916.6503  0.5067 
   00946    0.4020   -7952.3766  0.5165 
   00947    0.3872   -7963.0065  0.5103 
   00948    0.3908   -7920.9741  0.5074 
   00949    0.3892   -7890.8791  0.5028 
   00950    0.3824   -7950.4899  0.5020 
   00951    0.3816   -7984.0782  0.5068 
   00952    0.3900   -8019.0165  0.5047 
   00953    0.3712   -8009.5840  0.5087 
   00954    0.4024   -7962.5286  0.5115 
   00955    0.3908   -8017.5224  0.5121 
   00956    0.3912   -7993.1883  0.5114 
   00957    0.3956   -7943.0640  0.5096 
   00958    0.4028   -7943.5610  0.5134 
   00959    0.4012   -8014.0926  0.5254 
   00960    0.3964   -7928.3035  0.5161 
   00961    0.4024   -7938.4962  0.5191 
   00962    0.3856   -7992.3501  0.5174 
   00963    0.3888   -7982.1764  0.5205 
   00964    0.3972   -7977.2008  0.5267 
   00965    0.3980   -8020.6349  0.5192 
   00966    0.4072   -7979.8343  0.5124 
   00967    0.4084   -7972.6868  0.5170 
   00968    0.4000   -7985.7862  0.5169 
   00969    0.3940   -7999.5648  0.5168 
   00970    0.3984   -7983.5440  0.5138 
   00971    0.3784   -7949.9933  0.5107 
   00972    0.3916   -7968.8719  0.5107 
   00973    0.3960   -7909.2720  0.5130 
   00974    0.4008   -7953.6307  0.5120 
   00975    0.3876   -8017.9491  0.5190 
   00976    0.3920   -8014.4452  0.5158 
   00977    0.4100   -7997.1013  0.5215 
   00978    0.3848   -8026.2388  0.5203 
   00979    0.3860   -7975.9772  0.5223 
   00980    0.3892   -7986.2736  0.5295 
   00981    0.4084   -7964.7184  0.5238 
   00982    0.3972   -8008.5006  0.5254 
   00983    0.4048   -8050.8808  0.5252 
   00984    0.3972   -8021.8966  0.5247 
   00985    0.3956   -8003.4913  0.5275 
   00986    0.3960   -8040.6427  0.5232 
   00987    0.3880   -8043.3144  0.5174 
   00988    0.3956   -8000.3797  0.5164 
   00989    0.3972   -7979.0328  0.5195 
   00990    0.4032   -7988.9419  0.5119 
   00991    0.3896   -7990.9233  0.5127 
   00992    0.4036   -7962.4043  0.5165 
   00993    0.4104   -7934.4168  0.5064 
   00994    0.4080   -7961.2041  0.5104 
   00995    0.3912   -8004.4110  0.5158 
   00996    0.4232   -7997.5451  0.5121 
   00997    0.3976   -8018.3011  0.5070 
   00998    0.4044   -8034.9283  0.5051 
   00999    0.4000   -8004.7652  0.5019 
   01000    0.3944   -8005.1347  0.5061 
