#=====================================================
# File created:        Tue-12-Mar-2024-at-06-51-03AM
# Size of lattice:     50x50
# Number of MC steps:  1000
# Reduced temperature: 0.650
# Run time (s):        1.342300
#=====================================================
# MC step:  Ratio:     Energy:   Order:
#=====================================================
   00000    0.5000   -2483.9754  0.2646 
   00001    0.6616   -3785.9451  0.2710 
   00002    0.6108   -4436.5321  0.2762 
   00003    0.5684   -4988.7500  0.2855 
   00004    0.5200   -5344.5285  0.2832 
   00005    0.5284   -5654.2497  0.2834 
   00006    0.4984   -5787.8044  0.2845 
   00007    0.4944   -5899.1755  0.2737 
   00008    0.4780   -6067.4732  0.2766 
   00009    0.4732   -6189.3926  0.2770 
   00010    0.4564   -6300.2514  0.2709 
   00011    0.4612   -6374.6605  0.2770 
   00012    0.4640   -6462.3865  0.2771 
   00013    0.4664   -6451.6416  0.2824 
   00014    0.4628   -6540.2468  0.2804 
   00015    0.4572   -6545.3979  0.2764 
   00016    0.4632   -6687.6045  0.2849 
   00017    0.4780   -6735.8759  0.2787 
   00018    0.4508   -6800.2312  0.2743 
   00019    0.4484   -6829.7750  0.2787 
   00020    0.4604   -6885.6489  0.2791 
   00021    0.4528   -6935.2150  0.2890 
   00022    0.4444   -6977.9317  0.2960 
   00023    0.4340   -7046.2854  0.2926 
   00024    0.4424   -7087.8383  0.2768 
   00025    0.4572   -7029.7488  0.2808 
   00026    0.4320   -7131.9775  0.2879 
   00027    0.4288   -7133.1894  0.2871 
   00028    0.4576   -7110.9789  0.2953 
   00029    0.4420   -7091.7518  0.2957 
   00030    0.4420   -7096.6420  0.3039 
   00031    0.4360   -7175.8395  0.3048 
   00032    0.4248   -7191.1605  0.3142 
   00033    0.4204   -7169.2470  0.3083 
   00034    0.4300   -7190.0457  0.3198 
   00035    0.4308   -7244.8507  0.3241 
   00036    0.4252   -7272.8119  0.3174 
   00037    0.4392   -7321.1966  0.3136 
   00038    0.4280   -7277.5849  0.3161 
   00039    0.4188   -7267.6356  0.3177 
   00040    0.4192   -7295.9461  0.3170 
   00041    0.4260   -7315.0213  0.3193 
   00042    0.4336   -7315.8958  0.3201 
   00043    0.4244   -7290.3033  0.3305 
   00044    0.4288   -7337.0653  0.3321 
   00045    0.4272   -7354.5364  0.3345 
   00046    0.3976   -7314.5746  0.3355 
   00047    0.4284   -7291.8729  0.3327 
   00048    0.4172   -7337.9092  0.3356 
   00049    0.4280   -7351.1598  0.3355 
   00050    0.4292   -7346.7478  0.3345 
   00051    0.4196   -7377.1332  0.3321 
   00052    0.4152   -7399.7323  0.3304 
   00053    0.4148   -7422.6254  0.3356 
   00054    0.4172   -7407.9713  0.3377 
   00055    0.4096   -7435.5427  0.3439 
   00056    0.4296   -7436.2253  0.3440 
   00057    0.4248   -7428.6551  0.3439 
   00058    0.4124   -7414.7043  0.3437 
   00059    0.4184   -7434.1429  0.3456 
   00060    0.4132   -7433.0476  0.3399 
   00061    0.4104   -7433.5663  0.3453 
   00062    0.4352   -7427.8175  0.3445 
   00063    0.4072   -7445.6062  0.3371 
   00064    0.4004   -7468.2129  0.3339 
   00065    0.4160   -7471.8841  0.3407 
   00066    0.4296   -7492.6765  0.3430 
   00067    0.4340   -7447.6177  0.3427 
   00068    0.4220   -7501.1695  0.3504 
   00069    0.4352   -7413.8704  0.3418 
   00070    0.4184   -7451.6601  0.3389 
   00071    0.4148   -7491.4655  0.3370 
   00072    0.4240   -7531.8639  0.3368 
   00073    0.4264   -7476.6024  0.3422 
   00074    0.4244   -7523.5217  0.3438 
   00075    0.4184   -7534.6638  0.3380 
   00076    0.4112   -7470.1062  0.3401 
   00077    0.4212   -7471.0608  0.3355 
   00078    0.4272   -7489.8731  0.3406 
   00079    0.4088   -7524.1154  0.3435 
   00080    0.4120   -7466.6935  0.3401 
   00081    0.4160   -7519.1243  0.3398 
   00082    0.4204   -7485.7532  0.3401 
   00083    0.4136   -7467.8578  0.3413 
   00084    0.4256   -7529.0203  0.3436 
   00085    0.4040   -7518.3999  0.3498 
   00086    0.4336   -7537.9156  0.3383 
   00087    0.4236   -7524.7358  0.3372 
   00088    0.4244   -7533.5294  0.3243 
   00089    0.3992   -7531.2550  0.3236 
   00090    0.4272   -7542.1527  0.3225 
   00091    0.4228   -7464.2049  0.3223 
   00092    0.4200   -7481.1450  0.3178 
   00093    0.4072   -7532.9514  0.3184 
   00094    0.4172   -7457.7618  0.3152 
   00095    0.4304   -7511.2792  0.3152 
   00096    0.4060   -7526.1153  0.3207 
   00097    0.4084   -7542.2994  0.3207 
   00098    0.4096   -7463.1686  0.3213 
   00099    0.4148   -7497.3721  0.3329 
   00100    0.4244   -7533.6920  0.3310 
   00101    0.4220   -7443.6589  0.3362 
   00102    0.4192   -7486.0151  0.3378 
   00103    0.4200   -7535.6838  0.3390 
   00104    0.4212   -7537.6530  0.3379 
   00105    0.4048   -7544.5990  0.3334 
   00106    0.4280   -7522.2839  0.3365 
   00107    0.4220   -7520.6337  0.3404 
   00108    0.4300   -7469.4834  0.3403 
   00109    0.3960   -7459.5249  0.3435 
   00110    0.4332   -7462.0624  0.3484 
   00111    0.4236   -7441.0901  0.3508 
   00112    0.4160   -7419.6428  0.3524 
   00113    0.4196   -7418.2070  0.3556 
   00114    0.4092   -7438.8696  0.3526 
   00115    0.4200   -7405.7423  0.3494 
   00116    0.4072   -7437.2929  0.3535 
   00117    0.4104   -7402.8041  0.3584 
   00118    0.4168   -7465.2553  0.3633 
   00119    0.4408   -7514.3817  0.3704 
   00120    0.4260   -7501.0097  0.3734 
   00121    0.4148   -7470.8348  0.3811 
   00122    0.4260   -7532.8737  0.3799 
   00123    0.4224   -7525.9360  0.3802 
   00124    0.4156   -7502.5674  0.3726 
   00125    0.4228   -7517.0246  0.3726 
   00126    0.4308   -7505.4243  0.3651 
   00127    0.4116   -7556.7258  0.3664 
   00128    0.4256   -7511.0997  0.3591 
   00129    0.4156   -7454.3191  0.3585 
   00130    0.4244   -7527.6148  0.3644 
   00131    0.4144   -7462.1948  0.3611 
   00132    0.4212   -7510.9062  0.3638 
   00133    0.4084   -7543.7364  0.3622 
   00134    0.4200   -7510.1445  0.3566 
   00135    0.4120   -7519.0505  0.3636 
   00136    0.4280   -7533.9264  0.3705 
   00137    0.4200   -7537.5770  0.3739 
   00138    0.4084   -7550.2438  0.3735 
   00139    0.4176   -7496.6891  0.3677 
   00140    0.4252   -7627.2110  0.3738 
   00141    0.4080   -7545.7591  0.3744 
   00142    0.4252   -7479.4050  0.3799 
   00143    0.4216   -7470.2773  0.3762 
   00144    0.4324   -7534.3025  0.3753 
   00145    0.4176   -7506.3661  0.3807 
   00146    0.4232   -7519.0323  0.3762 
   00147    0.4004   -7553.5833  0.3810 
   00148    0.4192   -7524.7386  0.3788 
   00149    0.4244   -7551.2218  0.3815 
   00150    0.4204   -7611.3037  0.3882 
   00151    0.4248   -7638.7721  0.3818 
   00152    0.4096   -7569.4003  0.3822 
   00153    0.4144   -7553.1005  0.3851 
   00154    0.4012   -7540.3318  0.3821 
   00155    0.3900   -7579.5237  0.3802 
   00156    0.4108   -7485.7792  0.3866 
   00157    0.4004   -7537.5603  0.3901 
   00158    0.4084   -7585.7840  0.3968 
   00159    0.4168   -7637.8925  0.3992 
   00160    0.4124   -7682.2233  0.4010 
   00161    0.3812   -7737.5120  0.3947 
   00162    0.4160   -7756.5782  0.3925 
   00163    0.3968   -7656.1810  0.3831 
   00164    0.3952   -7558.2269  0.3802 
   00165    0.4036   -7590.8216  0.3830 
   00166    0.4192   -7571.0627  0.3833 
   00167    0.4116   -7565.6115  0.3738 
   00168    0.4216   -7526.8616  0.3798 
   00169    0.4092   -7562.1266  0.3817 
   00170    0.4104   -7567.8121  0.3781 
   00171    0.4080   -7572.6424  0.3742 
   00172    0.4096   -7644.3506  0.3733 
   00173    0.4104   -7638.2269  0.3710 
   00174    0.4068   -7594.7448  0.3698 
   00175    0.4124   -7616.8169  0.3687 
   00176    0.3992   -7641.6527  0.3737 
   00177    0.4264   -7655.9712  0.3821 
   00178    0.4128   -7650.9088  0.3785 
   00179    0.4096   -7670.4118  0.3711 
   00180    0.4056   -7645.8908  0.3704 
   00181    0.4068   -7684.7298  0.3758 
   00182    0.4236   -7612.5079  0.3724 
   00183    0.3852   -7599.5940  0.3671 
   00184    0.4016   -7606.0953  0.3702 
   00185    0.4192   -7634.7428  0.3679 
   00186    0.4176   -7629.7701  0.3590 
   00187    0.4104   -7605.3430  0.3633 
   00188    0.3980   -7550.1021  0.3694 
   00189    0.4188   -7600.8992  0.3714 
   00190    0.4116   -7608.9182  0.3746 
   00191    0.4036   -7595.8953  0.3805 
   00192    0.4020   -7600.6443  0.3840 
   00193    0.4060   -7613.0134  0.3801 
   00194    0.4092   -7565.0739  0.3774 
   00195    0.4336   -7504.1493  0.3747 
   00196    0.4048   -7568.7130  0.3710 
   00197    0.4224   -7616.4676  0.3777 
   00198    0.4192   -7573.1772  0.3834 
   00199    0.4040   -7579.3072  0.3838 
   00200    0.4016   -7568.2676  0.3768 
   00201    0.4340   -7595.2679  0.3831 
   00202    0.4044   -7574.7196  0.3871 
   00203    0.4000   -7595.6914  0.3859 
   00204    0.4172   -7610.3336  0.3827 
   00205    0.4132   -7610.0215  0.3839 
   00206    0.4180   -7575.5839  0.3851 
   00207    0.4008   -7570.5017  0.3863 
   00208    0.4272   -7642.2019  0.3882 
   00209    0.4248   -7624.2444  0.3842 
   00210    0.3972   -7647.7917  0.3920 
   00211    0.4236   -7621.8548  0.3899 
   00212    0.4056   -7543.2293  0.3953 
   00213    0.4192   -7611.9037  0.3921 
   00214    0.4124   -7594.8655  0.3906 
   00215    0.4100   -7585.3417  0.3892 
   00216    0.4220   -7607.8936  0.3881 
   00217    0.4200   -7595.1522  0.3883 
   00218    0.4096   -7577.8975  0.3992 
   00219    0.4188   -7573.3826  0.3895 
   00220    0.4092   -7599.8659  0.3909 
   00221    0.4172   -7660.5659  0.3921 
   00222    0.4108   -7592.4195  0.3907 
   00223    0.4180   -7577.3692  0.3809 
   00224    0.4276   -7556.6186  0.3817 
   00225    0.4208   -7631.1475  0.3885 
   00226    0.4036   -7606.3972  0.3817 
   00227    0.4224   -7620.7218  0.3809 
   00228    0.4152   -7654.6102  0.3821 
   00229    0.4156   -7606.4619  0.3771 
   00230    0.4108   -7606.7570  0.3831 
   00231    0.4192   -7650.6550  0.3843 
   00232    0.4160   -7628.5036  0.3874 
   00233    0.4152   -7684.6746  0.3849 
   00234    0.4096   -7691.4805  0.3874 
   00235    0.4144   -7647.0390  0.3932 
   00236    0.4052   -7595.4688  0.3920 
   00237    0.4084   -7638.2391  0.3972 
   00238    0.4112   -7657.0207  0.3874 
   00239    0.4148   -7670.7162  0.3897 
   00240    0.4068   -7695.6183  0.3908 
   00241    0.3928   -7664.5098  0.3796 
   00242    0.4096   -7659.7598  0.3729 
   00243    0.4092   -7671.7232  0.3672 
   00244    0.4124   -7629.5202  0.3766 
   00245    0.4228   -7638.0410  0.3776 
   00246    0.4128   -7614.4752  0.3715 
   00247    0.4188   -7605.0420  0.3702 
   00248    0.4164   -7648.5255  0.3762 
   00249    0.3992   -7677.2333  0.3610 
   00250    0.4088   -7685.7897  0.3682 
   00251    0.4020   -7632.5305  0.3664 
   00252    0.4112   -7629.4916  0.3776 
   00253    0.4144   -7632.2866  0.3855 
   00254    0.4112   -7647.4645  0.3874 
   00255    0.4148   -7710.7735  0.3888 
   00256    0.4232   -7737.7421  0.3898 
   00257    0.4076   -7720.7363  0.3878 
   00258    0.4008   -7692.7993  0.3908 
   00259    0.4040   -7728.5395  0.3947 
   00260    0.4068   -7749.7405  0.3902 
   00261    0.3960   -7738.3657  0.3896 
   00262    0.3940   -7719.0656  0.3853 
   00263    0.3960   -7764.2693  0.3800 
   00264    0.4044   -7800.9665  0.3853 
   00265    0.4000   -7734.7244  0.3861 
   00266    0.3888   -7807.8363  0.3892 
   00267    0.4148   -7826.0608  0.3887 
   00268    0.3960   -7799.0407  0.3903 
   00269    0.4088   -7792.5550  0.3887 
   00270    0.4000   -7767.9199  0.3861 
   00271    0.3984   -7788.1702  0.3920 
   00272    0.4088   -7793.8501  0.3937 
   00273    0.4024   -7868.9530  0.3858 
   00274    0.4048   -7859.1454  0.3797 
   00275    0.4060   -7794.2715  0.3808 
   00276    0.3920   -7791.3596  0.3814 
   00277    0.3876   -7797.9353  0.3817 
   00278    0.4172   -7813.7672  0.3858 
   00279    0.4168   -7873.2932  0.3839 
   00280    0.4060   -7893.4149  0.3794 
   00281    0.4028   -7914.7035  0.3746 
   00282    0.4000   -7924.1746  0.3809 
   00283    0.3972   -7967.9827  0.3875 
   00284    0.4016   -7948.6119  0.3853 
   00285    0.3932   -7887.6348  0.3839 
   00286    0.4104   -7878.5774  0.3862 
   00287    0.4256   -7838.7031  0.3834 
   00288    0.4132   -7856.6906  0.3833 
   00289    0.4008   -7856.3485  0.3864 
   00290    0.3920   -7899.2444  0.3907 
   00291    0.3960   -7817.6634  0.3851 
   00292    0.4240   -7816.7384  0.3842 
   00293    0.3960   -7864.8290  0.3879 
   00294    0.3976   -7824.7228  0.3939 
   00295    0.4232   -7826.7589  0.3896 
   00296    0.3952   -7814.6601  0.3945 
   00297    0.4088   -7803.6918  0.3945 
   00298    0.4064   -7812.0825  0.3947 
   00299    0.4132   -7806.9087  0.3945 
   00300    0.4108   -7813.4987  0.3931 
   00301    0.4024   -7885.0858  0.3897 
   00302    0.4008   -7847.5047  0.3953 
   00303    0.4152   -7832.1688  0.3970 
   00304    0.4000   -7828.7866  0.3924 
   00305    0.3872   -7867.3754  0.4043 
   00306    0.4224   -7918.0333  0.3960 
   00307    0.4028   -7840.0410  0.4008 
   00308    0.4104   -7859.7772  0.4006 
   00309    0.4076   -7903.9454  0.4040 
   00310    0.4008   -7834.7737  0.3993 
   00311    0.4064   -7891.0545  0.3998 
   00312    0.3932   -7906.5212  0.3930 
   00313    0.3960   -7906.6716  0.3949 
   00314    0.4056   -7950.1431  0.4002 
   00315    0.3896   -7900.1369  0.3930 
   00316    0.4016   -7875.7613  0.3936 
   00317    0.3868   -7938.3554  0.3877 
   00318    0.3980   -7927.1447  0.3885 
   00319    0.3964   -7906.2133  0.3882 
   00320    0.3928   -7939.8192  0.3878 
   00321    0.3992   -7897.9009  0.3882 
   00322    0.3988   -7864.7849  0.3887 
   00323    0.4076   -7922.6432  0.3858 
   00324    0.3928   -7849.0315  0.3869 
   00325    0.3940   -7901.9217  0.3842 
   00326    0.3992   -7911.8211  0.3876 
   00327    0.4128   -7884.7034  0.3874 
   00328    0.4016   -7866.8987  0.3873 
   00329    0.4040   -7889.7192  0.3879 
   00330    0.4068   -7913.4733  0.3863 
   00331    0.3892   -7894.6987  0.3797 
   00332    0.3992   -7905.6100  0.3773 
   00333    0.3956   -7861.8275  0.3740 
   00334    0.3888   -7830.8748  0.3771 
   00335    0.4040   -7888.2021  0.3860 
   00336    0.3868   -7834.5207  0.3952 
   00337    0.3992   -7871.2690  0.4030 
   00338    0.3900   -7841.6987  0.3985 
   00339    0.4052   -7855.9424  0.3922 
   00340    0.4132   -7822.1996  0.3869 
   00341    0.4144   -7872.1599  0.3889 
   00342    0.3864   -7882.0496  0.3881 
   00343    0.3932   -7894.3571  0.3911 
   00344    0.4032   -7888.0030  0.3907 
   00345    0.3956   -7897.5253  0.3875 
   00346    0.4096   -7918.6323  0.3874 
   00347    0.3944   -7938.4184  0.3943 
   00348    0.3912   -7938.6690  0.3886 
   00349    0.3868   -7865.7370  0.3894 
   00350    0.4096   -7861.7732  0.3838 
   00351    0.3948   -7867.9225  0.3849 
   00352    0.4084   -7875.5327  0.3789 
   00353    0.3956   -7900.8679  0.3845 
   00354    0.3928   -7876.0994  0.3937 
   00355    0.4052   -7861.7438  0.3967 
   00356    0.4064   -7860.3835  0.4066 
   00357    0.4020   -7890.0827  0.4066 
   00358    0.3924   -7921.2474  0.4098 
   00359    0.4004   -7885.7438  0.4091 
   00360    0.3956   -7857.5632  0.4029 
   00361    0.3848   -7868.3417  0.3984 
   00362    0.3904   -7847.8416  0.3995 
   00363    0.3964   -7834.1776  0.4011 
   00364    0.3960   -7802.1904  0.3970 
   00365    0.4024   -7768.6963  0.3908 
   00366    0.4144   -7800.5135  0.3920 
   00367    0.4000   -7844.7991  0.3965 
   00368    0.4144   -7825.7528  0.3876 
   00369    0.3924   -7885.0011  0.3919 
   00370    0.3948   -7834.9654  0.3823 
   00371    0.3916   -7847.0461  0.3751 
   00372    0.3976   -7829.6422  0.3825 
   00373    0.3984   -7890.4560  0.3810 
   00374    0.3944   -7923.5172  0.3785 
   00375    0.4008   -7912.0623  0.3809 
   00376    0.3992   -7968.2840  0.3795 
   00377    0.4092   -7921.5349  0.3860 
   00378    0.4112   -7881.1537  0.3874 
   00379    0.3992   -7933.8684  0.3926 
   00380    0.4060   -7880.9326  0.3904 
   00381    0.4008   -7904.7357  0.3919 
   00382    0.3812   -7924.9012  0.3932 
   00383    0.4032   -7976.4940  0.4017 
   00384    0.3696   -8008.2446  0.4027 
   00385    0.3948   -7944.8793  0.4001 
   00386    0.4040   -7907.2991  0.3975 
   00387    0.3940   -7876.2373  0.3936 
   00388    0.4140   -7865.5033  0.3976 
   00389    0.4128   -7889.9334  0.3964 
   00390    0.4148   -7903.2555  0.3966 
   00391    0.4100   -7867.8386  0.4037 
   00392    0.4028   -7879.0791  0.4145 
   00393    0.3972   -7931.6808  0.4145 
   00394    0.4088   -7936.4034  0.4150 
   00395    0.4112   -7941.6853  0.4150 
   00396    0.3984   -7863.4813  0.4101 
   00397    0.3908   -7873.8789  0.4117 
   00398    0.3972   -7873.5697  0.4096 
   00399    0.4172   -7875.8826  0.4115 
   00400    0.4088   -7912.9594  0.4086 
   00401    0.4068   -7909.3359  0.4151 
   00402    0.4096   -7890.9611  0.4104 
   00403    0.4032   -7900.0689  0.4162 
   00404    0.4096   -7886.2727  0.4197 
   00405    0.4084   -7893.5222  0.4188 
   00406    0.4016   -7928.6771  0.4187 
   00407    0.4092   -7887.3608  0.4252 
   00408    0.3956   -7911.9607  0.4187 
   00409    0.4100   -7926.8841  0.4153 
   00410    0.3988   -7906.7128  0.4200 
   00411    0.4104   -7950.8660  0.4106 
   00412    0.4140   -7966.8242  0.4097 
   00413    0.4008   -7922.1236  0.4065 
   00414    0.4144   -7881.7808  0.4060 
   00415    0.3932   -7882.5939  0.4079 
   00416    0.4008   -7967.8666  0.3966 
   00417    0.3784   -7953.9238  0.4083 
   00418    0.3944   -7944.2242  0.4093 
   00419    0.4040   -7903.4567  0.4169 
   00420    0.3924   -7886.4232  0.4047 
   00421    0.4084   -7923.6886  0.4031 
   00422    0.4016   -7941.0554  0.4050 
   00423    0.3836   -7898.9334  0.4002 
   00424    0.3892   -7934.1734  0.4034 
   00425    0.3940   -7946.9332  0.4008 
   00426    0.4008   -7929.6806  0.3972 
   00427    0.4144   -7934.9917  0.3979 
   00428    0.3948   -7981.7043  0.3984 
   00429    0.3856   -7991.4387  0.3987 
   00430    0.3884   -7973.8201  0.4010 
   00431    0.3816   -7897.8676  0.4006 
   00432    0.4076   -7879.8107  0.3993 
   00433    0.3964   -7844.4786  0.4017 
   00434    0.3764   -7866.3299  0.4006 
   00435    0.4088   -7880.2877  0.3986 
   00436    0.3972   -7864.0294  0.3940 
   00437    0.4040   -7897.5312  0.3939 
   00438    0.4016   -7889.7453  0.3864 
   00439    0.3960   -7889.1710  0.3795 
   00440    0.3976   -7931.6004  0.3743 
   00441    0.3920   -7957.4753  0.3714 
   00442    0.3884   -7962.9282  0.3761 
   00443    0.3996   -7931.1946  0.3780 
   00444    0.4004   -7912.4783  0.3807 
   00445    0.3936   -7876.0582  0.3774 
   00446    0.4104   -7847.5980  0.3746 
   00447    0.4112   -7837.6531  0.3819 
   00448    0.4004   -7919.1848  0.3859 
   00449    0.4052   -7972.2343  0.3892 
   00450    0.3852   -7967.7513  0.3911 
   00451    0.4008   -7903.3325  0.3930 
   00452    0.3992   -7906.0219  0.3912 
   00453    0.4020   -7925.4026  0.3955 
   00454    0.3748   -7941.0955  0.3994 
   00455    0.3964   -7896.0980  0.4006 
   00456    0.4000   -7865.3743  0.4022 
   00457    0.4120   -7879.7816  0.3969 
   00458    0.4196   -7898.3603  0.3983 
   00459    0.3876   -7911.7915  0.4009 
   00460    0.3964   -7900.6743  0.3976 
   00461    0.3960   -7953.5047  0.4012 
   00462    0.3992   -7969.3778  0.3977 
   00463    0.4056   -7961.7425  0.3978 
   00464    0.3948   -7917.0277  0.3934 
   00465    0.3976   -7931.0437  0.3942 
   00466    0.3944   -7888.9924  0.3885 
   00467    0.4140   -7865.4234  0.3862 
   00468    0.4100   -7879.5559  0.3826 
   00469    0.4136   -7857.5179  0.3829 
   00470    0.3932   -7934.6416  0.3840 
   00471    0.3960   -7893.0211  0.3818 
   00472    0.3924   -7923.7182  0.3779 
   00473    0.4036   -7920.3446  0.3764 
   00474    0.3984   -7891.4279  0.3720 
   00475    0.3948   -7913.4779  0.3751 
   00476    0.3988   -7904.3958  0.3671 
   00477    0.3972   -7901.5505  0.3635 
   00478    0.4112   -7891.7490  0.3710 
   00479    0.4164   -7873.3224  0.3651 
   00480    0.4100   -7818.4823  0.3617 
   00481    0.3960   -7800.5152  0.3643 
   00482    0.3916   -7812.5078  0.3762 
   00483    0.4032   -7850.4026  0.3801 
   00484    0.4208   -7796.0479  0.3699 
   00485    0.4020   -7818.9027  0.3764 
   00486    0.4076   -7813.0714  0.3729 
   00487    0.4144   -7787.6132  0.3680 
   00488    0.4068   -7820.6433  0.3741 
   00489    0.3928   -7797.1586  0.3802 
   00490    0.4052   -7798.9755  0.3781 
   00491    0.4088   -7812.4035  0.3807 
   00492    0.3968   -7796.8404  0.3868 
   00493    0.4056   -7803.5585  0.3798 
   00494    0.4008   -7799.6510  0.3890 
   00495    0.4072   -7822.2789  0.3891 
   00496    0.3964   -7868.7220  0.3870 
   00497    0.4016   -7814.4626  0.3801 
   00498    0.3912   -7814.5390  0.3877 
   00499    0.4172   -7882.0897  0.3852 
   00500    0.3868   -7862.1627  0.3834 
   00501    0.4060   -7856.0324  0.3843 
   00502    0.4144   -7868.4083  0.3880 
   00503    0.3944   -7881.5022  0.3915 
   00504    0.3964   -7843.1465  0.3874 
   00505    0.4008   -7874.3893  0.3856 
   00506    0.3952   -7859.3426  0.3866 
   00507    0.4192   -7834.2691  0.3867 
   00508    0.3956   -7860.5996  0.3858 
   00509    0.4016   -7856.4060  0.3912 
   00510    0.4012   -7910.0208  0.3911 
   00511    0.4044   -7872.4828  0.3935 
   00512    0.3980   -7853.0774  0.3981 
   00513    0.4160   -7953.2292  0.4003 
   00514    0.3780   -7936.5414  0.4081 
   00515    0.4156   -7939.7936  0.4033 
   00516    0.4028   -7886.0070  0.4057 
   00517    0.3908   -7874.1481  0.4112 
   00518    0.4012   -7903.8858  0.4082 
   00519    0.3912   -7934.0334  0.3994 
   00520    0.3976   -7870.0086  0.3958 
   00521    0.4092   -7797.0503  0.3988 
   00522    0.4044   -7842.0465  0.4024 
   00523    0.3956   -7900.3368  0.4077 
   00524    0.3864   -7924.2329  0.4107 
   00525    0.4004   -7940.3019  0.3951 
   00526    0.4012   -7969.5413  0.3989 
   00527    0.4020   -7967.3464  0.3904 
   00528    0.4148   -7985.9836  0.3939 
   00529    0.3880   -7928.5575  0.3929 
   00530    0.3988   -8002.3279  0.3954 
   00531    0.4104   -8025.5574  0.3904 
   00532    0.4004   -8014.7940  0.3864 
   00533    0.3912   -7965.7277  0.3863 
   00534    0.4052   -7994.9254  0.3863 
   00535    0.4100   -7933.4936  0.3933 
   00536    0.3900   -7982.5669  0.4004 
   00537    0.3900   -7895.2478  0.4013 
   00538    0.3956   -7884.2055  0.3960 
   00539    0.3948   -7905.0555  0.4022 
   00540    0.4124   -7869.5283  0.4110 
   00541    0.4088   -7862.4267  0.4171 
   00542    0.4100   -7871.7316  0.4131 
   00543    0.3968   -7915.2438  0.4134 
   00544    0.4048   -7840.1296  0.4120 
   00545    0.3908   -7855.3742  0.4166 
   00546    0.4092   -7876.9505  0.4194 
   00547    0.4056   -7902.0068  0.4138 
   00548    0.4032   -7905.8850  0.4161 
   00549    0.3860   -7873.9187  0.4110 
   00550    0.3992   -7899.9280  0.4056 
   00551    0.4024   -7903.0663  0.4036 
   00552    0.4028   -7889.9548  0.4034 
   00553    0.4064   -7923.1317  0.4093 
   00554    0.4000   -7974.4872  0.4070 
   00555    0.3912   -7945.6451  0.4016 
   00556    0.4044   -7888.8353  0.3937 
   00557    0.4008   -7892.6858  0.3991 
   00558    0.4104   -7889.2748  0.3986 
   00559    0.4052   -7887.5015  0.3989 
   00560    0.4344   -7900.4302  0.3963 
   00561    0.3936   -7891.9498  0.3971 
   00562    0.3948   -7886.3172  0.3989 
   00563    0.4008   -7923.0309  0.4021 
   00564    0.4060   -7903.0757  0.3993 
   00565    0.3924   -7898.4080  0.3954 
   00566    0.4100   -7936.7617  0.3918 
   00567    0.3892   -7930.9257  0.4029 
   00568    0.3964   -7937.1746  0.4035 
   00569    0.4092   -7959.5837  0.4009 
   00570    0.4080   -7862.3276  0.4019 
   00571    0.4016   -7896.0955  0.4020 
   00572    0.3908   -7966.8089  0.3992 
   00573    0.4012   -7959.4887  0.4023 
   00574    0.3988   -7978.9539  0.4093 
   00575    0.4016   -7990.0931  0.4054 
   00576    0.3992   -8019.9814  0.3946 
   00577    0.3928   -7976.7358  0.3864 
   00578    0.4068   -7971.8933  0.3869 
   00579    0.4040   -7958.4137  0.3935 
   00580    0.3944   -7995.4038  0.3819 
   00581    0.3924   -7979.3916  0.3759 
   00582    0.3936   -7974.6984  0.3775 
   00583    0.4204   -7971.5179  0.3754 
   00584    0.3932   -7946.0979  0.3819 
   00585    0.3996   -7944.0137  0.3761 
   00586    0.3952   -7922.4377  0.3724 
   00587    0.4128   -7867.7808  0.3719 
   00588    0.4136   -7813.4138  0.3757 
   00589    0.3900   -7797.0476  0.3878 
   00590    0.4088   -7889.8925  0.3964 
   00591    0.3956   -7928.6826  0.4003 
   00592    0.3932   -7963.9268  0.4076 
   00593    0.4044   -7952.7710  0.4142 
   00594    0.3944   -7949.9073  0.4107 
   00595    0.4152   -7931.6911  0.4140 
   00596    0.4004   -7935.2241  0.4147 
   00597    0.4000   -7878.9817  0.4122 
   00598    0.3856   -7941.4326  0.4159 
   00599    0.4064   -7975.4832  0.4128 
   00600    0.3924   -7863.9065  0.4169 
   00601    0.3936   -7882.1663  0.4212 
   00602    0.4068   -7937.3040  0.4227 
   00603    0.3924   -7984.2779  0.4272 
   00604    0.3936   -7967.1774  0.4232 
   00605    0.3924   -7895.5407  0.4215 
   00606    0.3848   -7894.7980  0.4215 
   00607    0.4096   -7904.3117  0.4159 
   00608    0.3972   -7903.3526  0.4128 
   00609    0.4096   -7913.3419  0.4076 
   00610    0.3884   -7909.6511  0.4146 
   00611    0.4036   -7886.6828  0.4202 
   00612    0.3992   -7860.7824  0.4232 
   00613    0.4252   -7925.9079  0.4267 
   00614    0.3964   -7886.4343  0.4315 
   00615    0.4076   -7904.5858  0.4350 
   00616    0.3924   -7879.1798  0.4374 
   00617    0.4076   -7862.7492  0.4329 
   00618    0.3976   -7885.8750  0.4259 
   00619    0.4008   -7900.3414  0.4240 
   00620    0.3956   -7896.0937  0.4270 
   00621    0.4112   -7894.0658  0.4325 
   00622    0.4064   -7851.7891  0.4324 
   00623    0.4152   -7808.8158  0.4254 
   00624    0.4064   -7806.0009  0.4203 
   00625    0.4212   -7768.5005  0.4198 
   00626    0.4080   -7745.8653  0.4184 
   00627    0.4020   -7797.2909  0.4144 
   00628    0.4164   -7897.0111  0.4178 
   00629    0.3944   -7927.5726  0.4225 
   00630    0.3872   -7908.6926  0.4222 
   00631    0.3984   -7907.0883  0.4236 
   00632    0.4064   -7952.6173  0.4183 
   00633    0.3964   -7963.5059  0.4251 
   00634    0.3992   -7964.3342  0.4275 
   00635    0.3884   -7937.8247  0.4301 
   00636    0.4024   -7921.1703  0.4333 
   00637    0.3792   -7924.9895  0.4313 
   00638    0.3936   -7904.0491  0.4274 
   00639    0.4004   -7924.9885  0.4242 
   00640    0.3976   -7898.5536  0.4228 
   00641    0.4016   -7895.8412  0.4250 
   00642    0.3948   -7928.5901  0.4225 
   00643    0.4028   -7873.1896  0.4211 
   00644    0.3956   -7888.7784  0.4216 
   00645    0.3984   -7870.0945  0.4144 
   00646    0.4076   -7839.4284  0.4115 
   00647    0.4184   -7879.7681  0.4106 
   00648    0.4056   -7853.0991  0.4197 
   00649    0.3960   -7853.6762  0.4150 
   00650    0.3884   -7905.9391  0.4173 
   00651    0.4040   -7942.9792  0.4161 
   00652    0.4020   -7912.4102  0.4104 
   00653    0.3936   -7883.8925  0.4125 
   00654    0.4136   -7855.0664  0.4156 
   00655    0.4064   -7852.0086  0.4074 
   00656    0.4092   -7814.0387  0.4084 
   00657    0.4044   -7847.8803  0.4103 
   00658    0.4012   -7809.4373  0.4123 
   00659    0.3860   -7859.7670  0.4147 
   00660    0.4080   -7894.8517  0.4095 
   00661    0.4040   -7888.8624  0.4203 
   00662    0.4136   -7860.6733  0.4132 
   00663    0.4032   -7882.4076  0.4145 
   00664    0.4008   -7866.8634  0.4154 
   00665    0.4112   -7822.3612  0.4163 
   00666    0.3932   -7832.6018  0.4176 
   00667    0.3984   -7839.0804  0.4154 
   00668    0.3964   -7879.0263  0.4211 
   00669    0.4060   -7898.3876  0.4095 
   00670    0.3976   -7940.4122  0.4096 
   00671    0.4064   -7952.8938  0.4127 
   00672    0.3916   -7928.8255  0.4083 
   00673    0.4080   -7892.2781  0.3989 
   00674    0.3840   -7908.6301  0.3974 
   00675    0.3916   -7888.7989  0.3958 
   00676    0.4072   -7865.6159  0.3976 
   00677    0.4064   -7837.8127  0.4021 
   00678    0.3912   -7864.7752  0.4045 
   00679    0.4092   -7914.6317  0.4080 
   00680    0.3876   -7942.5001  0.4032 
   00681    0.3960   -7973.6236  0.4065 
   00682    0.4052   -7953.4461  0.4011 
   00683    0.4004   -7865.0279  0.3941 
   00684    0.4196   -7880.2677  0.3955 
   00685    0.4204   -7909.3398  0.4020 
   00686    0.4020   -7894.3092  0.4038 
   00687    0.3920   -7993.1740  0.4010 
   00688    0.3996   -7932.5547  0.4005 
   00689    0.4028   -7954.4466  0.4048 
   00690    0.3960   -7966.6645  0.4031 
   00691    0.4064   -7983.5397  0.3976 
   00692    0.3992   -7906.6399  0.4004 
   00693    0.4084   -7959.3058  0.4069 
   00694    0.4052   -8004.1790  0.4052 
   00695    0.4056   -7939.1103  0.4026 
   00696    0.3880   -7936.1430  0.4033 
   00697    0.3972   -7948.4202  0.4045 
   00698    0.3972   -7910.0201  0.4031 
   00699    0.4116   -7948.5803  0.4009 
   00700    0.3920   -7957.5291  0.3955 
   00701    0.4008   -7901.0066  0.3930 
   00702    0.3908   -7951.8770  0.3981 
   00703    0.3988   -7964.8595  0.4068 
   00704    0.3976   -7956.2639  0.4046 
   00705    0.4004   -7955.1083  0.4098 
   00706    0.3908   -7990.2950  0.4137 
   00707    0.4092   -8007.4867  0.4140 
   00708    0.4048   -7928.6988  0.4074 
   00709    0.3992   -7947.2392  0.4085 
   00710    0.3900   -7965.8476  0.4120 
   00711    0.3936   -7943.9613  0.4145 
   00712    0.3896   -7916.0940  0.4075 
   00713    0.3992   -7920.0389  0.4112 
   00714    0.4028   -7887.6005  0.4131 
   00715    0.4132   -7853.6408  0.4091 
   00716    0.4056   -7861.1791  0.4137 
   00717    0.4012   -7840.0033  0.4083 
   00718    0.4056   -7859.2227  0.4094 
   00719    0.3976   -7890.4354  0.4084 
   00720    0.3932   -7962.6239  0.4118 
   00721    0.4068   -7921.4545  0.4158 
   00722    0.3804   -8020.0695  0.4179 
   00723    0.3804   -7963.2633  0.4219 
   00724    0.4008   -7924.2949  0.4148 
   00725    0.4088   -7929.6302  0.4171 
   00726    0.4056   -7861.8155  0.4120 
   00727    0.4092   -7901.0473  0.4144 
   00728    0.3860   -7871.3229  0.4216 
   00729    0.3816   -7936.9850  0.4308 
   00730    0.3996   -7993.6225  0.4299 
   00731    0.3964   -7972.7195  0.4230 
   00732    0.3928   -7973.5341  0.4306 
   00733    0.3884   -7953.9819  0.4220 
   00734    0.4048   -7931.6669  0.4268 
   00735    0.3908   -7968.4236  0.4192 
   00736    0.4148   -7965.9851  0.4205 
   00737    0.4000   -7903.6163  0.4112 
   00738    0.3952   -7951.7569  0.4145 
   00739    0.4028   -7866.8260  0.4100 
   00740    0.4004   -7875.0220  0.4096 
   00741    0.3720   -7887.5450  0.4095 
   00742    0.4028   -7911.3184  0.4129 
   00743    0.3956   -7872.0027  0.4094 
   00744    0.4032   -7891.3169  0.4045 
   00745    0.3964   -7958.8804  0.4090 
   00746    0.4060   -7972.6017  0.4078 
   00747    0.4004   -7974.8123  0.4050 
   00748    0.4020   -8028.5469  0.4064 
   00749    0.4056   -8002.1390  0.3996 
   00750    0.4004   -7950.7717  0.4042 
   00751    0.4088   -7916.8963  0.4026 
   00752    0.4124   -7927.0626  0.4066 
   00753    0.3920   -7929.3657  0.4015 
   00754    0.4076   -7914.1824  0.4053 
   00755    0.4060   -7963.8587  0.4055 
   00756    0.3876   -7979.6600  0.4106 
   00757    0.3944   -7959.2897  0.4158 
   00758    0.3936   -7960.3716  0.4199 
   00759    0.4020   -7996.7079  0.4154 
   00760    0.4108   -7908.8017  0.4156 
   00761    0.4072   -7960.0244  0.4061 
   00762    0.4124   -7951.4191  0.4017 
   00763    0.3900   -7993.8649  0.4027 
   00764    0.3936   -8020.6397  0.4049 
   00765    0.3952   -7905.5951  0.4023 
   00766    0.3952   -7875.1258  0.4051 
   00767    0.4380   -7870.2655  0.4111 
   00768    0.3980   -7864.1767  0.3992 
   00769    0.3936   -7916.5881  0.4019 
   00770    0.4072   -7925.2385  0.3972 
   00771    0.3844   -7940.5927  0.3993 
   00772    0.3992   -7921.1892  0.4029 
   00773    0.3912   -7909.7064  0.4002 
   00774    0.4044   -7906.1349  0.4045 
   00775    0.3780   -7918.9770  0.3998 
   00776    0.3860   -7890.4001  0.4022 
   00777    0.3784   -7923.9066  0.3953 
   00778    0.4020   -7902.6919  0.3998 
   00779    0.3936   -8008.7406  0.4021 
   00780    0.4008   -7952.2919  0.4029 
   00781    0.3976   -7958.0735  0.4017 
   00782    0.4108   -7916.6150  0.4043 
   00783    0.4172   -7943.8522  0.4112 
   00784    0.3800   -7968.7039  0.4150 
   00785    0.4068   -7963.5731  0.4167 
   00786    0.4172   -7954.2157  0.4162 
   00787    0.3860   -7966.3804  0.4094 
   00788    0.3928   -7939.9569  0.4006 
   00789    0.3928   -7965.3101  0.4106 
   00790    0.4068   -8005.8774  0.4100 
   00791    0.3996   -7971.0034  0.4042 
   00792    0.4116   -7966.1507  0.4050 
   00793    0.3984   -7975.5873  0.4022 
   00794    0.4024   -7957.9259  0.3989 
   00795    0.4004   -7989.9227  0.3945 
   00796    0.4116   -7897.9909  0.3917 
   00797    0.3940   -7921.1162  0.3969 
   00798    0.4024   -7934.2930  0.4022 
   00799    0.3976   -7951.0166  0.4066 
   00800    0.4012   -7985.8309  0.4246 
   00801    0.3800   -7896.9807  0.4199 
   00802    0.3932   -7892.4996  0.4237 
   00803    0.3924   -7967.3026  0.4293 
   00804    0.3828   -7941.2793  0.4251 
   00805    0.4072   -7978.4202  0.4229 
   00806    0.4120   -7995.3975  0.4224 
   00807    0.3920   -8033.5833  0.4215 
   00808    0.3936   -7979.8076  0.4152 
   00809    0.4012   -7978.8599  0.4100 
   00810    0.3964   -8022.4681  0.4188 
   00811    0.3920   -7978.6346  0.4139 
   00812    0.3912   -7967.5323  0.4187 
   00813    0.4032   -7973.2108  0.4197 
   00814    0.3992   -7928.4917  0.4279 
   00815    0.3928   -7981.4613  0.4268 
   00816    0.3972   -7906.0601  0.4279 
   00817    0.4044   -7932.1212  0.4266 
   00818    0.4152   -7983.0891  0.4267 
   00819    0.3900   -7960.1211  0.4235 
   00820    0.3972   -7968.5247  0.4229 
   00821    0.3904   -7979.2100  0.4251 
   00822    0.3972   -8003.5512  0.4190 
   00823    0.4040   -7971.5205  0.4168 
   00824    0.3936   -7980.5249  0.4150 
   00825    0.3864   -8047.3063  0.4165 
   00826    0.4036   -8044.4783  0.4182 
   00827    0.3800   -8049.0010  0.4203 
   00828    0.4088   -7958.4123  0.4164 
   00829    0.4208   -8012.6365  0.4176 
   00830    0.3948   -8022.4614  0.4139 
   00831    0.3920   -8047.1440  0.4215 
   00832    0.3900   -8049.6028  0.4161 
   00833    0.3888   -7989.3180  0.4211 
   00834    0.4048   -8020.4353  0.4277 
   00835    0.4024   -7942.7349  0.4302 
   00836    0.4008   -7938.6762  0.4314 
   00837    0.4064   -7952.0908  0.4337 
   00838    0.3960   -7936.1402  0.4396 
   00839    0.3916   -7992.1688  0.4415 
   00840    0.4076   -7944.2074  0.4443 
   00841    0.4020   -7942.7551  0.4410 
   00842    0.4068   -7936.1768  0.4406 
   00843    0.4204   -7965.2369  0.4319 
   00844    0.3868   -7976.0433  0.4384 
   00845    0.4052   -7971.6170  0.4312 
   00846    0.3904   -7957.6715  0.4306 
   00847    0.3912   -7979.0400  0.4334 
   00848    0.4048   -7977.5225  0.4315 
   00849    0.4144   -7985.0292  0.4268 
   00850    0.3948   -7938.6236  0.4363 
   00851    0.4028   -7981.4987  0.4375 
   00852    0.3972   -8002.9470  0.4321 
   00853    0.3992   -7973.2661  0.4341 
   00854    0.3924   -8021.7091  0.4360 
   00855    0.3892   -8005.3598  0.4300 
   00856    0.3916   -8016.0554  0.4338 
   00857    0.3924   -8062.0998  0.4328 
   00858    0.4016   -8098.3396  0.4340 
   00859    0.3840   -8016.7613  0.4378 
   00860    0.3964   -8016.6818  0.4332 
   00861    0.3952   -8000.0642  0.4297 
   00862    0.3900   -8019.5183  0.4214 
   00863    0.3856   -7975.4769  0.4218 
   00864    0.4080   -8010.4591  0.4208 
   00865    0.3840   -8013.5526  0.4240 
   00866    0.4008   -8043.9754  0.4275 
   00867    0.3688   -8015.2736  0.4259 
   00868    0.3932   -8053.7335  0.4200 
   00869    0.3756   -7969.3957  0.4230 
   00870    0.4064   -7939.4331  0.4207 
   00871    0.4032   -7921.7797  0.4171 
   00872    0.4072   -7855.9858  0.4125 
   00873    0.4000   -7912.0628  0.4108 
   00874    0.4004   -7862.9950  0.4067 
   00875    0.3976   -7949.7121  0.4121 
   00876    0.3996   -8001.8782  0.4176 
   00877    0.3836   -7991.1510  0.4181 
   00878    0.4012   -7961.8183  0.4131 
   00879    0.3916   -7929.4397  0.4132 
   00880    0.4032   -7891.2689  0.4143 
   00881    0.3936   -7804.2014  0.4151 
   00882    0.4016   -7916.4658  0.4237 
   00883    0.3892   -7925.4680  0.4226 
   00884    0.3868   -7912.9637  0.4202 
   00885    0.4080   -7941.4601  0.4188 
   00886    0.4036   -7889.9731  0.4122 
   00887    0.3796   -7897.3710  0.4144 
   00888    0.4160   -7865.1714  0.4212 
   00889    0.3848   -7879.1087  0.4201 
   00890    0.4012   -7908.4038  0.4198 
   00891    0.3908   -8005.0649  0.4172 
   00892    0.4056   -7961.2786  0.4199 
   00893    0.4104   -7900.0092  0.4211 
   00894    0.3968   -7915.8626  0.4197 
   00895    0.3728   -7886.2001  0.4162 
   00896    0.3944   -7872.5092  0.4190 
   00897    0.4136   -7896.6143  0.4172 
   00898    0.4108   -7902.4669  0.4258 
   00899    0.4124   -7929.2734  0.4288 
   00900    0.3892   -7925.6120  0.4245 
   00901    0.3968   -7919.0114  0.4199 
   00902    0.3948   -7881.5135  0.4207 
   00903    0.4024   -7865.2413  0.4215 
   00904    0.4176   -7930.9697  0.4273 
   00905    0.3980   -7916.8183  0.4317 
   00906    0.3836   -7893.7916  0.4316 
   00907    0.3900   -7900.6559  0.4279 
   00908    0.4068   -7958.5805  0.4345 
   00909    0.3972   -7926.4394  0.4297 
   00910    0.3972   -7947.2144  0.4309 
   00911    0.4000   -7939.6737  0.4296 
   00912    0.3996   -7921.6638  0.4373 
   00913    0.3876   -7925.2521  0.4340 
   00914    0.4060   -7969.1392  0.4351 
   00915    0.3932   -7968.1983  0.4360 
   00916    0.4000   -7884.4577  0.4335 
   00917    0.3896   -7959.5619  0.4288 
   00918    0.4012   -7934.2567  0.4308 
   00919    0.3972   -7922.5530  0.4290 
   00920    0.4084   -7894.6959  0.4269 
   00921    0.4016   -7877.3899  0.4265 
   00922    0.4088   -7828.2791  0.4259 
   00923    0.3868   -7837.2424  0.4204 
   00924    0.3924   -7889.3126  0.4270 
   00925    0.3828   -7891.4731  0.4275 
   00926    0.3984   -7932.2422  0.4258 
   00927    0.3960   -7976.5743  0.4270 
   00928    0.3980   -7960.9382  0.4231 
   00929    0.3916   -7977.8182  0.4275 
   00930    0.4048   -7995.6994  0.4309 
   00931    0.3920   -8005.9175  0.4269 
   00932    0.3868   -7934.6734  0.4295 
   00933    0.4048   -7930.9219  0.4305 
   00934    0.3944   -7956.3409  0.4348 
   00935    0.4088   -7905.0354  0.4363 
   00936    0.4068   -7946.8046  0.4318 
   00937    0.4124   -7985.9230  0.4264 
   00938    0.3960   -7954.6002  0.4320 
   00939    0.3892   -7960.6376  0.4325 
   00940    0.3964   -7998.1459  0.4302 
   00941    0.3992   -8001.3575  0.4280 
   00942    0.3992   -8028.8292  0.4335 
   00943    0.3832   -7983.2571  0.4251 
   00944    0.4020   -7902.0565  0.4206 
   00945    0.4008   -7928.4359  0.4230 
   00946    0.3964   -7974.3236  0.4297 
   00947    0.3856   -7975.9738  0.4362 
   00948    0.4032   -7962.1994  0.4392 
   00949    0.3936   -7965.2011  0.4391 
   00950    0.3840   -7948.6758  0.4373 
   00951    0.3988   -7949.4152  0.4409 
   00952    0.3980   -7955.5371  0.4383 
   00953    0.3944   -7926.5251  0.4346 
   00954    0.3956   -7873.2168  0.4384 
   00955    0.4180   -7901.7803  0.4353 
   00956    0.3860   -7942.9873  0.4357 
   00957    0.4032   -7904.7451  0.4296 
   00958    0.4116   -7939.5439  0.4359 
   00959    0.3884   -7974.4293  0.4359 
   00960    0.4044   -7934.2773  0.4396 
   00961    0.3868   -7932.6163  0.4417 
   00962    0.3988   -7927.1246  0.4311 
   00963    0.3956   -7923.1234  0.4303 
   00964    0.3956   -7967.8942  0.4330 
   00965    0.4012   -7970.0868  0.4366 
   00966    0.3868   -7912.0914  0.4220 
   00967    0.4236   -7884.6323  0.4239 
   00968    0.4008   -7861.5403  0.4226 
   00969    0.4040   -7914.5415  0.4295 
   00970    0.3988   -7899.8208  0.4314 
   00971    0.3940   -7871.5199  0.4271 
   00972    0.4204   -7858.3560  0.4223 
   00973    0.4224   -7911.2224  0.4217 
   00974    0.3992   -7943.3538  0.4246 
   00975    0.3932   -7946.2495  0.4315 
   00976    0.3828   -7919.8521  0.4373 
   00977    0.3932   -7924.3103  0.4384 
   00978    0.3868   -8015.4125  0.4339 
   00979    0.4008   -7938.9931  0.4324 
   00980    0.4124   -7933.3912  0.4339 
   00981    0.3908   -7911.1813  0.4329 
   00982    0.3980   -7938.8667  0.4331 
   00983    0.4096   -7911.0590  0.4378 
   00984    0.4016   -7844.1651  0.4290 
   00985    0.4060   -7859.8148  0.4354 
   00986    0.3932   -7870.7480  0.4420 
   00987    0.4072   -7908.0169  0.4429 
   00988    0.4016   -7913.3392  0.4389 
   00989    0.3720   -8007.2054  0.4384 
   00990    0.4004   -8027.6133  0.4386 
   00991    0.4032   -8050.5861  0.4442 
   00992    0.3940   -8026.1169  0.4476 
   00993    0.3952   -8044.7419  0.4478 
   00994    0.4052   -8017.6543  0.4410 
   00995    0.4188   -7989.3988  0.4402 
   00996    0.3992   -8007.3083  0.4460 
   00997    0.3992   -7972.0667  0.4447 
   00998    0.4172   -7959.9144  0.4413 
   00999    0.3824   -7953.7817  0.4377 
   01000    0.3904   -7993.7666  0.4393 
