#=====================================================
# File created:        Tue-12-Mar-2024-at-06-50-52AM
# Size of lattice:     50x50
# Number of MC steps:  1000
# Reduced temperature: 0.650
# Run time (s):        1.311661
#=====================================================
# MC step:  Ratio:     Energy:   Order:
#=====================================================
   00000    0.5000   -2504.6337  0.2684 
   00001    0.7040   -3649.0734  0.2664 
   00002    0.6208   -4322.7819  0.2658 
   00003    0.5760   -4771.7485  0.2775 
   00004    0.5544   -5174.4901  0.2763 
   00005    0.5280   -5502.2242  0.2799 
   00006    0.5260   -5711.8147  0.2729 
   00007    0.5056   -5882.6769  0.2795 
   00008    0.5000   -6014.9516  0.2768 
   00009    0.5108   -6148.1431  0.2788 
   00010    0.4764   -6270.7357  0.2818 
   00011    0.4676   -6392.9084  0.2837 
   00012    0.4744   -6440.1513  0.2794 
   00013    0.4520   -6455.6638  0.2705 
   00014    0.4576   -6522.8573  0.2612 
   00015    0.4660   -6506.0753  0.2576 
   00016    0.4748   -6605.6536  0.2676 
   00017    0.4756   -6667.2861  0.2642 
   00018    0.4708   -6743.6352  0.2615 
   00019    0.4548   -6794.7194  0.2651 
   00020    0.4588   -6753.9745  0.2658 
   00021    0.4520   -6784.3056  0.2640 
   00022    0.4680   -6840.7394  0.2615 
   00023    0.4616   -6855.4856  0.2716 
   00024    0.4512   -6867.6295  0.2750 
   00025    0.4428   -6873.3364  0.2740 
   00026    0.4408   -6869.5632  0.2719 
   00027    0.4408   -6884.4319  0.2736 
   00028    0.4504   -6866.0755  0.2753 
   00029    0.4560   -6897.4904  0.2721 
   00030    0.4240   -6974.3443  0.2687 
   00031    0.4528   -6986.9207  0.2732 
   00032    0.4408   -7022.2678  0.2659 
   00033    0.4240   -7034.9931  0.2617 
   00034    0.4432   -6964.2974  0.2586 
   00035    0.4580   -7038.2705  0.2656 
   00036    0.4464   -7038.5366  0.2748 
   00037    0.4292   -7060.7217  0.2729 
   00038    0.4452   -7020.2657  0.2636 
   00039    0.4420   -7083.8617  0.2598 
   00040    0.4192   -7144.7651  0.2728 
   00041    0.4404   -7140.6069  0.2794 
   00042    0.4456   -7166.1399  0.2870 
   00043    0.4476   -7184.9803  0.2929 
   00044    0.4232   -7208.2953  0.2933 
   00045    0.4236   -7185.8767  0.2981 
   00046    0.4228   -7187.6089  0.2959 
   00047    0.4364   -7128.6259  0.2897 
   00048    0.4476   -7191.0235  0.2858 
   00049    0.4244   -7223.7724  0.2903 
   00050    0.4284   -7199.0902  0.2949 
   00051    0.4164   -7249.2221  0.2982 
   00052    0.4340   -7215.3136  0.2991 
   00053    0.4324   -7244.8618  0.2975 
   00054    0.4180   -7311.9598  0.3021 
   00055    0.4344   -7295.6963  0.2966 
   00056    0.4180   -7287.9009  0.2963 
   00057    0.4224   -7288.3907  0.3056 
   00058    0.4380   -7242.6498  0.3027 
   00059    0.4156   -7251.7224  0.3023 
   00060    0.4112   -7283.9425  0.3043 
   00061    0.4240   -7260.9497  0.3035 
   00062    0.4216   -7340.0261  0.3028 
   00063    0.4328   -7330.2584  0.3143 
   00064    0.4452   -7324.3500  0.3110 
   00065    0.4404   -7290.1201  0.3109 
   00066    0.4200   -7311.9262  0.3120 
   00067    0.4352   -7281.0929  0.3137 
   00068    0.4372   -7335.7485  0.3137 
   00069    0.4168   -7414.9857  0.3185 
   00070    0.4188   -7416.5896  0.3147 
   00071    0.4248   -7412.6576  0.3064 
   00072    0.4140   -7433.3275  0.3139 
   00073    0.4088   -7366.5880  0.3070 
   00074    0.4156   -7387.6688  0.3114 
   00075    0.4300   -7369.2796  0.3143 
   00076    0.4240   -7393.1542  0.3120 
   00077    0.4260   -7393.8142  0.3127 
   00078    0.4200   -7436.6923  0.3124 
   00079    0.4216   -7347.5713  0.3141 
   00080    0.4184   -7379.0880  0.3158 
   00081    0.4180   -7378.9399  0.3120 
   00082    0.4296   -7363.2525  0.3170 
   00083    0.4180   -7390.1577  0.3171 
   00084    0.4232   -7362.9482  0.3180 
   00085    0.4208   -7402.1600  0.3190 
   00086    0.4264   -7408.5981  0.3266 
   00087    0.4244   -7407.6427  0.3169 
   00088    0.4324   -7406.6748  0.3157 
   00089    0.4132   -7365.4983  0.3242 
   00090    0.4292   -7357.6414  0.3281 
   00091    0.4324   -7376.6140  0.3296 
   00092    0.4224   -7417.6931  0.3240 
   00093    0.4288   -7457.5360  0.3307 
   00094    0.4176   -7471.1519  0.3327 
   00095    0.4164   -7388.3183  0.3300 
   00096    0.4092   -7415.2873  0.3276 
   00097    0.4196   -7406.1376  0.3250 
   00098    0.4228   -7427.4455  0.3248 
   00099    0.4296   -7401.2655  0.3288 
   00100    0.4268   -7409.9782  0.3267 
   00101    0.4200   -7432.3364  0.3339 
   00102    0.4284   -7410.2088  0.3305 
   00103    0.4272   -7453.2025  0.3285 
   00104    0.4144   -7462.0160  0.3286 
   00105    0.3984   -7408.0964  0.3301 
   00106    0.4248   -7421.3104  0.3302 
   00107    0.4292   -7419.2458  0.3249 
   00108    0.4232   -7381.4737  0.3318 
   00109    0.4236   -7404.1215  0.3253 
   00110    0.4316   -7404.3720  0.3151 
   00111    0.4304   -7408.3654  0.3205 
   00112    0.4208   -7456.8421  0.3193 
   00113    0.4216   -7360.5278  0.3159 
   00114    0.4228   -7401.4462  0.3163 
   00115    0.4068   -7387.2215  0.3169 
   00116    0.4160   -7347.3730  0.3247 
   00117    0.4200   -7371.1738  0.3154 
   00118    0.4172   -7442.5158  0.3212 
   00119    0.4112   -7492.4903  0.3271 
   00120    0.4380   -7529.5833  0.3272 
   00121    0.4188   -7530.3927  0.3397 
   00122    0.4244   -7484.4622  0.3392 
   00123    0.4424   -7537.0229  0.3334 
   00124    0.4148   -7493.7628  0.3248 
   00125    0.4184   -7522.1950  0.3249 
   00126    0.4156   -7553.1145  0.3303 
   00127    0.4320   -7561.3258  0.3363 
   00128    0.4248   -7476.0999  0.3317 
   00129    0.4208   -7503.4827  0.3325 
   00130    0.4028   -7516.4238  0.3308 
   00131    0.4252   -7624.6461  0.3320 
   00132    0.4140   -7589.3878  0.3309 
   00133    0.4172   -7553.8428  0.3253 
   00134    0.4312   -7524.6301  0.3224 
   00135    0.4024   -7529.2065  0.3262 
   00136    0.4332   -7494.8175  0.3287 
   00137    0.4108   -7526.9245  0.3287 
   00138    0.4076   -7528.2781  0.3319 
   00139    0.4236   -7488.6897  0.3355 
   00140    0.4204   -7464.5486  0.3342 
   00141    0.4092   -7530.6915  0.3329 
   00142    0.4072   -7526.3284  0.3356 
   00143    0.3908   -7536.2173  0.3416 
   00144    0.4152   -7549.5281  0.3393 
   00145    0.4080   -7537.8595  0.3398 
   00146    0.4204   -7549.9916  0.3444 
   00147    0.4140   -7535.9331  0.3430 
   00148    0.4148   -7523.7176  0.3415 
   00149    0.4164   -7549.1532  0.3364 
   00150    0.4136   -7499.1230  0.3340 
   00151    0.4208   -7487.2478  0.3369 
   00152    0.4148   -7492.8984  0.3432 
   00153    0.4164   -7472.4236  0.3452 
   00154    0.4168   -7526.1589  0.3541 
   00155    0.4224   -7531.2635  0.3575 
   00156    0.4220   -7550.1931  0.3620 
   00157    0.4224   -7570.4674  0.3607 
   00158    0.4032   -7576.8545  0.3621 
   00159    0.4052   -7564.9595  0.3629 
   00160    0.3952   -7564.7166  0.3581 
   00161    0.4136   -7599.2692  0.3538 
   00162    0.4176   -7541.9500  0.3582 
   00163    0.4064   -7513.1740  0.3586 
   00164    0.4228   -7523.6750  0.3556 
   00165    0.4100   -7541.6274  0.3611 
   00166    0.4152   -7544.7126  0.3603 
   00167    0.4056   -7567.0481  0.3602 
   00168    0.4104   -7634.6017  0.3585 
   00169    0.4120   -7609.5888  0.3520 
   00170    0.4024   -7606.6639  0.3530 
   00171    0.4000   -7538.4262  0.3573 
   00172    0.4148   -7522.2744  0.3579 
   00173    0.4244   -7549.9998  0.3602 
   00174    0.3976   -7547.6237  0.3567 
   00175    0.4076   -7470.0720  0.3517 
   00176    0.4272   -7432.6806  0.3542 
   00177    0.4120   -7393.8439  0.3573 
   00178    0.4108   -7469.6172  0.3672 
   00179    0.4320   -7429.7313  0.3609 
   00180    0.4060   -7471.5679  0.3656 
   00181    0.4100   -7432.4650  0.3669 
   00182    0.4164   -7527.1074  0.3641 
   00183    0.4024   -7532.2177  0.3612 
   00184    0.4156   -7487.1507  0.3672 
   00185    0.4152   -7494.0917  0.3669 
   00186    0.3992   -7571.2660  0.3714 
   00187    0.4012   -7573.2192  0.3784 
   00188    0.4152   -7524.0334  0.3732 
   00189    0.4264   -7523.4910  0.3754 
   00190    0.4072   -7563.9791  0.3694 
   00191    0.4164   -7513.1678  0.3679 
   00192    0.4196   -7529.3812  0.3618 
   00193    0.4000   -7559.7917  0.3585 
   00194    0.4136   -7526.4071  0.3569 
   00195    0.4056   -7517.0820  0.3583 
   00196    0.4076   -7575.1779  0.3548 
   00197    0.4284   -7586.7172  0.3545 
   00198    0.4152   -7516.8217  0.3516 
   00199    0.4072   -7518.8473  0.3599 
   00200    0.4168   -7475.8685  0.3595 
   00201    0.4276   -7475.5407  0.3567 
   00202    0.4200   -7533.1214  0.3678 
   00203    0.4328   -7494.8953  0.3748 
   00204    0.4164   -7523.1371  0.3738 
   00205    0.4168   -7494.9665  0.3710 
   00206    0.4092   -7447.6704  0.3702 
   00207    0.4336   -7478.7784  0.3701 
   00208    0.4312   -7469.9509  0.3650 
   00209    0.4228   -7554.2475  0.3644 
   00210    0.4148   -7530.3013  0.3585 
   00211    0.4072   -7639.8503  0.3544 
   00212    0.4284   -7626.0953  0.3526 
   00213    0.4192   -7612.9081  0.3583 
   00214    0.4176   -7579.7594  0.3627 
   00215    0.4084   -7454.5807  0.3646 
   00216    0.4224   -7447.5650  0.3653 
   00217    0.4180   -7454.7654  0.3667 
   00218    0.4360   -7527.7270  0.3643 
   00219    0.4364   -7505.3028  0.3665 
   00220    0.4184   -7549.4664  0.3725 
   00221    0.3992   -7579.2276  0.3692 
   00222    0.4132   -7524.7065  0.3727 
   00223    0.4044   -7578.9933  0.3699 
   00224    0.4092   -7554.0852  0.3650 
   00225    0.4144   -7503.3053  0.3637 
   00226    0.4104   -7512.8755  0.3673 
   00227    0.4244   -7546.1879  0.3763 
   00228    0.4180   -7557.3500  0.3778 
   00229    0.4196   -7566.4557  0.3825 
   00230    0.4004   -7626.8358  0.3782 
   00231    0.4152   -7646.7155  0.3760 
   00232    0.4072   -7554.0685  0.3726 
   00233    0.4184   -7549.5683  0.3712 
   00234    0.4344   -7503.6724  0.3615 
   00235    0.4168   -7531.3379  0.3633 
   00236    0.4212   -7504.0055  0.3697 
   00237    0.4136   -7466.5738  0.3727 
   00238    0.4144   -7474.7427  0.3727 
   00239    0.4224   -7496.4118  0.3722 
   00240    0.4120   -7519.6567  0.3813 
   00241    0.4176   -7577.9611  0.3863 
   00242    0.4148   -7567.0034  0.3928 
   00243    0.4004   -7560.7521  0.3908 
   00244    0.4116   -7560.9570  0.3898 
   00245    0.4120   -7641.0146  0.3885 
   00246    0.4120   -7612.9297  0.3909 
   00247    0.4080   -7549.7993  0.3891 
   00248    0.4120   -7593.7604  0.3899 
   00249    0.4036   -7634.0965  0.3909 
   00250    0.4092   -7596.0288  0.3968 
   00251    0.4176   -7679.1986  0.3898 
   00252    0.4124   -7706.6441  0.3952 
   00253    0.4240   -7652.6569  0.3985 
   00254    0.4060   -7679.0696  0.4012 
   00255    0.4132   -7588.1683  0.3959 
   00256    0.4292   -7580.2193  0.3984 
   00257    0.4108   -7648.3717  0.3968 
   00258    0.4100   -7738.1166  0.3972 
   00259    0.4032   -7698.5156  0.3959 
   00260    0.4032   -7664.0135  0.3965 
   00261    0.4184   -7704.8338  0.3979 
   00262    0.3952   -7678.2287  0.3978 
   00263    0.4048   -7699.6040  0.3968 
   00264    0.4108   -7706.8973  0.3926 
   00265    0.4200   -7658.3948  0.3936 
   00266    0.4284   -7700.1714  0.3835 
   00267    0.4228   -7657.7714  0.3863 
   00268    0.4156   -7581.7236  0.3883 
   00269    0.4188   -7575.5566  0.3798 
   00270    0.4188   -7532.3327  0.3791 
   00271    0.4256   -7466.7917  0.3833 
   00272    0.4268   -7439.3625  0.3814 
   00273    0.4192   -7480.7621  0.3826 
   00274    0.4200   -7462.1949  0.3921 
   00275    0.4148   -7510.1307  0.3877 
   00276    0.4136   -7519.5793  0.3888 
   00277    0.4236   -7567.2303  0.3832 
   00278    0.4148   -7570.1199  0.3830 
   00279    0.4188   -7549.5290  0.3788 
   00280    0.4216   -7559.7380  0.3694 
   00281    0.4248   -7564.7455  0.3692 
   00282    0.4096   -7515.1130  0.3708 
   00283    0.4064   -7523.0219  0.3744 
   00284    0.4160   -7510.4126  0.3705 
   00285    0.4088   -7569.3531  0.3723 
   00286    0.4216   -7621.2177  0.3803 
   00287    0.4300   -7593.3409  0.3773 
   00288    0.4140   -7583.8458  0.3747 
   00289    0.4340   -7533.8190  0.3728 
   00290    0.4200   -7583.5332  0.3687 
   00291    0.3944   -7582.1359  0.3684 
   00292    0.4076   -7559.5846  0.3712 
   00293    0.4340   -7606.1345  0.3670 
   00294    0.4084   -7595.0756  0.3630 
   00295    0.4288   -7645.4898  0.3590 
   00296    0.4180   -7630.1940  0.3608 
   00297    0.4056   -7599.3594  0.3705 
   00298    0.4212   -7566.8676  0.3674 
   00299    0.4024   -7574.3051  0.3633 
   00300    0.4092   -7676.9336  0.3629 
   00301    0.3972   -7674.1323  0.3585 
   00302    0.4148   -7626.2077  0.3608 
   00303    0.4056   -7634.8044  0.3709 
   00304    0.4072   -7704.8930  0.3674 
   00305    0.4216   -7669.1448  0.3668 
   00306    0.4092   -7604.9324  0.3642 
   00307    0.4200   -7520.8182  0.3682 
   00308    0.4044   -7510.9271  0.3674 
   00309    0.4348   -7487.6319  0.3672 
   00310    0.4168   -7520.8628  0.3701 
   00311    0.4068   -7498.6831  0.3634 
   00312    0.4216   -7525.9447  0.3628 
   00313    0.4204   -7515.7722  0.3712 
   00314    0.4228   -7505.0145  0.3701 
   00315    0.4148   -7564.5196  0.3703 
   00316    0.4172   -7560.0074  0.3734 
   00317    0.4168   -7622.0467  0.3699 
   00318    0.4160   -7585.8639  0.3705 
   00319    0.4300   -7593.2534  0.3721 
   00320    0.4024   -7614.8915  0.3669 
   00321    0.4092   -7562.5433  0.3668 
   00322    0.4144   -7581.5916  0.3657 
   00323    0.4060   -7655.8218  0.3783 
   00324    0.4176   -7614.0881  0.3741 
   00325    0.4060   -7616.1756  0.3705 
   00326    0.4096   -7585.3707  0.3656 
   00327    0.4304   -7609.0238  0.3676 
   00328    0.4144   -7578.6853  0.3676 
   00329    0.4032   -7594.3866  0.3720 
   00330    0.4076   -7527.5730  0.3618 
   00331    0.4236   -7499.8277  0.3668 
   00332    0.4260   -7551.1262  0.3638 
   00333    0.3956   -7569.1846  0.3637 
   00334    0.4072   -7644.5425  0.3713 
   00335    0.4188   -7656.5065  0.3690 
   00336    0.4116   -7648.5770  0.3780 
   00337    0.4088   -7671.6258  0.3831 
   00338    0.4112   -7629.8495  0.3775 
   00339    0.4192   -7551.4825  0.3758 
   00340    0.4308   -7542.0310  0.3717 
   00341    0.4076   -7500.0305  0.3743 
   00342    0.4072   -7485.9768  0.3803 
   00343    0.4152   -7512.9734  0.3812 
   00344    0.4068   -7525.4796  0.3804 
   00345    0.4092   -7468.2182  0.3828 
   00346    0.4200   -7461.6861  0.3802 
   00347    0.4016   -7495.9150  0.3817 
   00348    0.4196   -7510.1761  0.3891 
   00349    0.4160   -7483.2227  0.3852 
   00350    0.4080   -7486.4442  0.3879 
   00351    0.4304   -7482.4434  0.3930 
   00352    0.4140   -7545.3935  0.3902 
   00353    0.4176   -7509.3516  0.3903 
   00354    0.4168   -7490.8700  0.3864 
   00355    0.4108   -7541.9308  0.3788 
   00356    0.4156   -7506.1605  0.3908 
   00357    0.4280   -7503.0413  0.3904 
   00358    0.4256   -7565.5014  0.3904 
   00359    0.4168   -7550.1040  0.3866 
   00360    0.4172   -7510.0914  0.3813 
   00361    0.4168   -7561.8996  0.3903 
   00362    0.4176   -7580.1598  0.3865 
   00363    0.4080   -7604.7965  0.3844 
   00364    0.4224   -7649.1164  0.3875 
   00365    0.4220   -7666.4318  0.3926 
   00366    0.4020   -7685.2253  0.3845 
   00367    0.3988   -7671.5614  0.3929 
   00368    0.4064   -7671.1660  0.3995 
   00369    0.4324   -7626.8897  0.3927 
   00370    0.4188   -7610.0811  0.3847 
   00371    0.4020   -7629.4055  0.3785 
   00372    0.4116   -7686.9384  0.3811 
   00373    0.4032   -7700.3979  0.3836 
   00374    0.4104   -7661.0596  0.3935 
   00375    0.4188   -7634.2892  0.3858 
   00376    0.4116   -7630.5843  0.3818 
   00377    0.3972   -7655.1233  0.3897 
   00378    0.4168   -7712.3559  0.3938 
   00379    0.4036   -7700.1418  0.3961 
   00380    0.4156   -7718.9180  0.4042 
   00381    0.3908   -7697.0431  0.4035 
   00382    0.4200   -7681.3862  0.4075 
   00383    0.4124   -7673.9017  0.4057 
   00384    0.4156   -7653.1850  0.4032 
   00385    0.4196   -7609.8842  0.4012 
   00386    0.4252   -7592.0118  0.3961 
   00387    0.4204   -7559.9392  0.4028 
   00388    0.4144   -7521.1193  0.4026 
   00389    0.4096   -7560.1747  0.4016 
   00390    0.4172   -7546.7188  0.4044 
   00391    0.4212   -7593.6217  0.3972 
   00392    0.4060   -7521.5908  0.4027 
   00393    0.4108   -7564.8329  0.3939 
   00394    0.4012   -7577.6458  0.3977 
   00395    0.4124   -7588.0400  0.4019 
   00396    0.4224   -7652.3522  0.3974 
   00397    0.4108   -7612.8532  0.3947 
   00398    0.4036   -7562.5587  0.3892 
   00399    0.4232   -7562.4461  0.3912 
   00400    0.4256   -7619.3242  0.3887 
   00401    0.3988   -7670.8221  0.3936 
   00402    0.4000   -7616.1030  0.3939 
   00403    0.4088   -7582.0757  0.4004 
   00404    0.4184   -7550.2052  0.3909 
   00405    0.4248   -7540.2006  0.3925 
   00406    0.4216   -7512.2440  0.3898 
   00407    0.4144   -7550.7704  0.3890 
   00408    0.4260   -7523.5812  0.3870 
   00409    0.4144   -7586.9009  0.3806 
   00410    0.4092   -7605.7796  0.3820 
   00411    0.4204   -7522.9372  0.3866 
   00412    0.4188   -7500.1279  0.3927 
   00413    0.4260   -7535.4820  0.3931 
   00414    0.4132   -7621.9179  0.3995 
   00415    0.4168   -7588.4389  0.3989 
   00416    0.4104   -7489.3596  0.3955 
   00417    0.4108   -7574.4108  0.3930 
   00418    0.4204   -7573.5751  0.3960 
   00419    0.4192   -7602.5220  0.3931 
   00420    0.4324   -7607.1166  0.3914 
   00421    0.4140   -7568.5670  0.3808 
   00422    0.4084   -7566.3256  0.3834 
   00423    0.4164   -7599.2515  0.3828 
   00424    0.4280   -7603.7131  0.3857 
   00425    0.4244   -7590.3764  0.3856 
   00426    0.4056   -7574.3499  0.3783 
   00427    0.4112   -7550.5112  0.3788 
   00428    0.4200   -7583.9230  0.3843 
   00429    0.4232   -7560.4181  0.3825 
   00430    0.4268   -7544.0845  0.3820 
   00431    0.4180   -7557.6334  0.3726 
   00432    0.4100   -7649.2146  0.3687 
   00433    0.4112   -7636.0434  0.3692 
   00434    0.4116   -7635.5375  0.3630 
   00435    0.4140   -7613.7759  0.3699 
   00436    0.4040   -7675.2844  0.3791 
   00437    0.4060   -7686.2987  0.3805 
   00438    0.3996   -7664.6450  0.3788 
   00439    0.4140   -7614.6291  0.3708 
   00440    0.4188   -7587.9797  0.3781 
   00441    0.4132   -7567.6053  0.3778 
   00442    0.4144   -7553.3719  0.3903 
   00443    0.4120   -7508.6747  0.3932 
   00444    0.4284   -7560.4249  0.3995 
   00445    0.4096   -7589.0183  0.4052 
   00446    0.4176   -7600.0220  0.3981 
   00447    0.4076   -7520.7271  0.3935 
   00448    0.4184   -7544.9326  0.3912 
   00449    0.4252   -7575.2961  0.3931 
   00450    0.3992   -7645.4577  0.3889 
   00451    0.4124   -7659.8184  0.3887 
   00452    0.4116   -7611.0323  0.3838 
   00453    0.4104   -7615.9773  0.3863 
   00454    0.4060   -7635.1471  0.3917 
   00455    0.4292   -7616.4105  0.3884 
   00456    0.4228   -7655.1377  0.3890 
   00457    0.3988   -7630.8471  0.3877 
   00458    0.4200   -7636.1994  0.3859 
   00459    0.4240   -7641.1635  0.3803 
   00460    0.4204   -7626.7712  0.3687 
   00461    0.4152   -7644.1856  0.3664 
   00462    0.4164   -7633.1785  0.3615 
   00463    0.3980   -7604.0952  0.3675 
   00464    0.4120   -7599.0885  0.3677 
   00465    0.4304   -7569.5179  0.3718 
   00466    0.4020   -7594.7221  0.3707 
   00467    0.4348   -7607.6621  0.3689 
   00468    0.4212   -7599.4807  0.3737 
   00469    0.4076   -7614.6050  0.3670 
   00470    0.4068   -7615.6516  0.3643 
   00471    0.4080   -7653.7207  0.3682 
   00472    0.4140   -7619.7330  0.3733 
   00473    0.4112   -7562.7045  0.3721 
   00474    0.4104   -7575.4342  0.3754 
   00475    0.4092   -7583.0450  0.3749 
   00476    0.4112   -7591.9448  0.3726 
   00477    0.4256   -7573.4637  0.3785 
   00478    0.4060   -7511.1786  0.3670 
   00479    0.4300   -7615.6960  0.3753 
   00480    0.4104   -7601.6909  0.3861 
   00481    0.4152   -7640.6882  0.3827 
   00482    0.4188   -7668.9112  0.3859 
   00483    0.4056   -7665.2351  0.3784 
   00484    0.4172   -7641.9892  0.3758 
   00485    0.4116   -7676.4079  0.3774 
   00486    0.4088   -7666.4747  0.3792 
   00487    0.4204   -7623.3165  0.3748 
   00488    0.4092   -7693.7963  0.3700 
   00489    0.4168   -7703.6023  0.3703 
   00490    0.4132   -7735.6147  0.3691 
   00491    0.4056   -7698.0795  0.3675 
   00492    0.4236   -7647.6308  0.3703 
   00493    0.4172   -7626.8668  0.3664 
   00494    0.4160   -7644.4946  0.3740 
   00495    0.4184   -7645.4012  0.3804 
   00496    0.3920   -7705.0796  0.3828 
   00497    0.4056   -7705.6390  0.3796 
   00498    0.3988   -7702.5674  0.3828 
   00499    0.4108   -7704.8177  0.3860 
   00500    0.4252   -7641.7848  0.3858 
   00501    0.4264   -7660.9845  0.3775 
   00502    0.4112   -7571.5919  0.3738 
   00503    0.4160   -7560.1735  0.3767 
   00504    0.4112   -7559.3299  0.3819 
   00505    0.4080   -7553.8481  0.3798 
   00506    0.4120   -7537.9800  0.3783 
   00507    0.4020   -7617.7459  0.3784 
   00508    0.4320   -7594.5949  0.3719 
   00509    0.4016   -7584.6433  0.3758 
   00510    0.4252   -7640.9735  0.3733 
   00511    0.4032   -7666.3112  0.3723 
   00512    0.3972   -7656.0452  0.3682 
   00513    0.4064   -7667.5777  0.3670 
   00514    0.4104   -7668.6548  0.3680 
   00515    0.4108   -7617.4034  0.3691 
   00516    0.4192   -7657.8189  0.3687 
   00517    0.4148   -7679.6463  0.3751 
   00518    0.4308   -7646.6131  0.3708 
   00519    0.4208   -7672.9684  0.3686 
   00520    0.4208   -7631.3066  0.3748 
   00521    0.4196   -7639.3823  0.3706 
   00522    0.4164   -7640.5185  0.3796 
   00523    0.4132   -7623.3925  0.3792 
   00524    0.4224   -7643.5114  0.3865 
   00525    0.4092   -7663.0898  0.3799 
   00526    0.4068   -7650.4346  0.3763 
   00527    0.4112   -7567.7052  0.3754 
   00528    0.4088   -7561.0651  0.3707 
   00529    0.4144   -7626.0559  0.3684 
   00530    0.4204   -7622.4736  0.3778 
   00531    0.4028   -7642.3732  0.3802 
   00532    0.4196   -7552.1043  0.3808 
   00533    0.4216   -7552.0131  0.3855 
   00534    0.4136   -7495.8730  0.3804 
   00535    0.4244   -7549.7371  0.3837 
   00536    0.4144   -7607.1754  0.3961 
   00537    0.4140   -7606.0814  0.3886 
   00538    0.4152   -7599.3056  0.3851 
   00539    0.4040   -7650.0931  0.3836 
   00540    0.4156   -7606.4669  0.3802 
   00541    0.4244   -7556.7020  0.3798 
   00542    0.4068   -7554.2866  0.3786 
   00543    0.4244   -7628.2663  0.3831 
   00544    0.4104   -7652.3027  0.3783 
   00545    0.3936   -7588.9425  0.3771 
   00546    0.4028   -7597.9971  0.3847 
   00547    0.4164   -7538.5630  0.3826 
   00548    0.4060   -7579.1497  0.3954 
   00549    0.4088   -7587.0289  0.3965 
   00550    0.4260   -7614.1671  0.3977 
   00551    0.4136   -7564.5906  0.3947 
   00552    0.4236   -7522.0647  0.3929 
   00553    0.4208   -7598.9754  0.3928 
   00554    0.4160   -7541.4450  0.3950 
   00555    0.4156   -7571.3173  0.3869 
   00556    0.4320   -7541.1308  0.3928 
   00557    0.4072   -7550.4056  0.3985 
   00558    0.4164   -7526.8743  0.3950 
   00559    0.4076   -7540.4082  0.3977 
   00560    0.4144   -7569.0227  0.4046 
   00561    0.4172   -7571.5320  0.4104 
   00562    0.4060   -7484.9401  0.4080 
   00563    0.4112   -7540.1098  0.4092 
   00564    0.4184   -7595.9487  0.4037 
   00565    0.4208   -7603.7485  0.4114 
   00566    0.4172   -7595.9235  0.4121 
   00567    0.3976   -7567.8262  0.4160 
   00568    0.4136   -7573.0465  0.4113 
   00569    0.4168   -7525.5094  0.4072 
   00570    0.4292   -7520.0027  0.4054 
   00571    0.3972   -7593.1999  0.4108 
   00572    0.4212   -7534.7405  0.4115 
   00573    0.4104   -7559.9752  0.4136 
   00574    0.4232   -7618.5127  0.4200 
   00575    0.4192   -7592.5053  0.4243 
   00576    0.4196   -7545.9457  0.4159 
   00577    0.4100   -7570.9694  0.4213 
   00578    0.4140   -7518.1441  0.4216 
   00579    0.4168   -7552.4632  0.4242 
   00580    0.4064   -7593.7433  0.4187 
   00581    0.4096   -7680.9230  0.4247 
   00582    0.3996   -7634.3779  0.4308 
   00583    0.3996   -7664.9944  0.4325 
   00584    0.4032   -7633.4781  0.4337 
   00585    0.4064   -7616.1264  0.4376 
   00586    0.4092   -7598.7578  0.4378 
   00587    0.4172   -7592.8116  0.4426 
   00588    0.4180   -7559.5987  0.4408 
   00589    0.4204   -7592.7229  0.4359 
   00590    0.4216   -7627.8554  0.4429 
   00591    0.4072   -7592.9430  0.4474 
   00592    0.4096   -7623.4884  0.4435 
   00593    0.4136   -7656.1349  0.4410 
   00594    0.4028   -7629.4186  0.4410 
   00595    0.4236   -7594.6059  0.4404 
   00596    0.3892   -7585.5642  0.4394 
   00597    0.4116   -7587.2952  0.4433 
   00598    0.4280   -7583.1291  0.4370 
   00599    0.4220   -7646.4060  0.4463 
   00600    0.4212   -7629.8165  0.4386 
   00601    0.4276   -7625.8497  0.4375 
   00602    0.4044   -7686.8955  0.4360 
   00603    0.4012   -7584.0129  0.4295 
   00604    0.4184   -7570.7744  0.4414 
   00605    0.4152   -7541.6328  0.4453 
   00606    0.4164   -7534.3357  0.4454 
   00607    0.4136   -7543.1391  0.4431 
   00608    0.4016   -7577.6601  0.4426 
   00609    0.4144   -7578.1847  0.4533 
   00610    0.4172   -7569.8181  0.4596 
   00611    0.4228   -7595.9279  0.4558 
   00612    0.4104   -7505.5278  0.4571 
   00613    0.4176   -7506.8269  0.4576 
   00614    0.4084   -7543.5782  0.4600 
   00615    0.4124   -7543.9320  0.4564 
   00616    0.4252   -7560.8768  0.4507 
   00617    0.4252   -7611.7139  0.4560 
   00618    0.4120   -7593.0753  0.4612 
   00619    0.4088   -7599.9765  0.4621 
   00620    0.4136   -7556.3111  0.4577 
   00621    0.4040   -7587.7199  0.4560 
   00622    0.4180   -7592.5266  0.4611 
   00623    0.4236   -7618.9882  0.4634 
   00624    0.3988   -7626.9404  0.4722 
   00625    0.4208   -7605.1741  0.4789 
   00626    0.4072   -7639.1517  0.4885 
   00627    0.4020   -7678.3149  0.4891 
   00628    0.4068   -7682.4154  0.4945 
   00629    0.3992   -7736.5441  0.4971 
   00630    0.3896   -7723.0795  0.4920 
   00631    0.4016   -7725.2965  0.4969 
   00632    0.4080   -7792.9594  0.4977 
   00633    0.4084   -7776.7037  0.4939 
   00634    0.3984   -7773.5215  0.4975 
   00635    0.4048   -7766.0810  0.5038 
   00636    0.4216   -7727.1771  0.5092 
   00637    0.3988   -7683.3806  0.5018 
   00638    0.4132   -7711.8284  0.4995 
   00639    0.4016   -7754.1927  0.5002 
   00640    0.3940   -7813.2555  0.5038 
   00641    0.3964   -7785.0595  0.5070 
   00642    0.4032   -7755.9470  0.5126 
   00643    0.4104   -7738.4204  0.5158 
   00644    0.4204   -7732.5565  0.5092 
   00645    0.4080   -7770.5169  0.5073 
   00646    0.4104   -7764.8310  0.5004 
   00647    0.4008   -7753.7291  0.4983 
   00648    0.4300   -7702.8278  0.4926 
   00649    0.4124   -7660.5369  0.4864 
   00650    0.4184   -7677.2393  0.4932 
   00651    0.4096   -7702.8748  0.5005 
   00652    0.4056   -7705.0150  0.5063 
   00653    0.3900   -7763.5726  0.5001 
   00654    0.4276   -7799.0926  0.5052 
   00655    0.3928   -7855.1648  0.5053 
   00656    0.3952   -7804.6245  0.5107 
   00657    0.4064   -7778.6413  0.5133 
   00658    0.4024   -7811.3719  0.5144 
   00659    0.3992   -7748.7329  0.5187 
   00660    0.4144   -7695.3595  0.5230 
   00661    0.4000   -7728.1324  0.5179 
   00662    0.4020   -7722.8819  0.5178 
   00663    0.4064   -7709.3024  0.5193 
   00664    0.4068   -7648.6647  0.5116 
   00665    0.4344   -7676.0502  0.5077 
   00666    0.4268   -7684.6440  0.5184 
   00667    0.4164   -7717.3760  0.5240 
   00668    0.4060   -7701.3382  0.5220 
   00669    0.4160   -7784.5304  0.5254 
   00670    0.3948   -7825.9676  0.5307 
   00671    0.4072   -7773.2208  0.5301 
   00672    0.4144   -7821.2585  0.5298 
   00673    0.4016   -7846.1595  0.5316 
   00674    0.4116   -7843.5040  0.5289 
   00675    0.4024   -7854.8426  0.5257 
   00676    0.3964   -7928.0426  0.5306 
   00677    0.4176   -7860.5921  0.5253 
   00678    0.4036   -7869.3843  0.5287 
   00679    0.4112   -7800.6086  0.5237 
   00680    0.4056   -7816.1052  0.5229 
   00681    0.4068   -7865.7532  0.5279 
   00682    0.4080   -7840.8969  0.5252 
   00683    0.3892   -7811.5053  0.5225 
   00684    0.4132   -7876.7395  0.5225 
   00685    0.3876   -7877.6091  0.5306 
   00686    0.4124   -7809.1806  0.5264 
   00687    0.4084   -7886.6760  0.5257 
   00688    0.4052   -7886.9670  0.5272 
   00689    0.3876   -7883.1733  0.5330 
   00690    0.3980   -7910.0206  0.5310 
   00691    0.3972   -7900.1964  0.5345 
   00692    0.4148   -7855.3972  0.5299 
   00693    0.4052   -7890.9205  0.5261 
   00694    0.3976   -7866.7477  0.5278 
   00695    0.4248   -7808.2232  0.5313 
   00696    0.4028   -7734.9398  0.5353 
   00697    0.4012   -7789.2414  0.5345 
   00698    0.3996   -7775.7088  0.5338 
   00699    0.4032   -7775.7182  0.5299 
   00700    0.4220   -7826.6139  0.5344 
   00701    0.4120   -7827.4748  0.5368 
   00702    0.4092   -7815.2431  0.5381 
   00703    0.4180   -7824.4440  0.5315 
   00704    0.3868   -7841.9590  0.5296 
   00705    0.4072   -7855.1422  0.5300 
   00706    0.4068   -7894.6353  0.5244 
   00707    0.3940   -7896.6004  0.5251 
   00708    0.3992   -7896.6060  0.5250 
   00709    0.3856   -7889.5800  0.5249 
   00710    0.4048   -7848.6947  0.5260 
   00711    0.4020   -7832.3822  0.5268 
   00712    0.3988   -7843.2334  0.5308 
   00713    0.3960   -7763.8236  0.5339 
   00714    0.4148   -7832.2350  0.5354 
   00715    0.4108   -7845.4410  0.5386 
   00716    0.3988   -7814.5548  0.5300 
   00717    0.4000   -7852.1109  0.5240 
   00718    0.3968   -7840.7049  0.5223 
   00719    0.4128   -7853.1709  0.5281 
   00720    0.4016   -7919.3977  0.5395 
   00721    0.3824   -7867.7099  0.5336 
   00722    0.4012   -7803.6643  0.5278 
   00723    0.4044   -7817.1824  0.5276 
   00724    0.4172   -7801.1703  0.5182 
   00725    0.4056   -7842.1430  0.5175 
   00726    0.4172   -7918.6180  0.5144 
   00727    0.3960   -7955.4787  0.5205 
   00728    0.3940   -7905.1965  0.5220 
   00729    0.4040   -7903.8604  0.5160 
   00730    0.4056   -7900.4143  0.5134 
   00731    0.3780   -7878.2263  0.5123 
   00732    0.4008   -7857.1285  0.5080 
   00733    0.4108   -7885.6943  0.5150 
   00734    0.4024   -7873.8774  0.5148 
   00735    0.4124   -7873.5641  0.5181 
   00736    0.4016   -7877.7492  0.5210 
   00737    0.3936   -7854.8987  0.5216 
   00738    0.3956   -7848.5757  0.5209 
   00739    0.3796   -7863.2904  0.5210 
   00740    0.4028   -7888.0996  0.5280 
   00741    0.4060   -7872.7667  0.5247 
   00742    0.4004   -7915.8504  0.5300 
   00743    0.4076   -7886.1242  0.5290 
   00744    0.4068   -7904.4103  0.5309 
   00745    0.3896   -7852.5722  0.5273 
   00746    0.4060   -7842.1727  0.5299 
   00747    0.4048   -7806.3577  0.5347 
   00748    0.4204   -7850.9051  0.5341 
   00749    0.3888   -7793.8239  0.5275 
   00750    0.3980   -7704.4803  0.5295 
   00751    0.4140   -7697.7400  0.5261 
   00752    0.4092   -7756.4131  0.5355 
   00753    0.4148   -7772.8260  0.5394 
   00754    0.4096   -7812.6121  0.5378 
   00755    0.4008   -7764.9749  0.5368 
   00756    0.4236   -7804.5368  0.5366 
   00757    0.3964   -7835.0025  0.5377 
   00758    0.4120   -7817.7115  0.5418 
   00759    0.4044   -7838.6140  0.5457 
   00760    0.4020   -7877.4034  0.5537 
   00761    0.4004   -7850.3948  0.5540 
   00762    0.3992   -7869.4580  0.5567 
   00763    0.3952   -7854.9664  0.5527 
   00764    0.4032   -7864.1236  0.5511 
   00765    0.4152   -7890.7039  0.5454 
   00766    0.4172   -7879.9487  0.5438 
   00767    0.3984   -7879.5537  0.5466 
   00768    0.4132   -7882.0628  0.5490 
   00769    0.3904   -7898.7443  0.5461 
   00770    0.4100   -7906.5928  0.5401 
   00771    0.4004   -7897.1791  0.5456 
   00772    0.4084   -7888.2535  0.5471 
   00773    0.3900   -7913.8646  0.5463 
   00774    0.3940   -7863.9667  0.5484 
   00775    0.4028   -7939.6104  0.5551 
   00776    0.3788   -7901.0921  0.5495 
   00777    0.3976   -7890.9925  0.5473 
   00778    0.4084   -7863.2742  0.5459 
   00779    0.3952   -7906.6455  0.5415 
   00780    0.4052   -7932.4448  0.5431 
   00781    0.3996   -7918.0656  0.5348 
   00782    0.4040   -7898.7976  0.5339 
   00783    0.3976   -7930.3531  0.5342 
   00784    0.3936   -7930.4892  0.5419 
   00785    0.3912   -7928.3663  0.5456 
   00786    0.4044   -7872.9389  0.5414 
   00787    0.4084   -7886.7014  0.5468 
   00788    0.3864   -7911.3266  0.5480 
   00789    0.4112   -7875.2224  0.5452 
   00790    0.4092   -7876.1364  0.5504 
   00791    0.3960   -7861.4146  0.5419 
   00792    0.4052   -7847.3414  0.5451 
   00793    0.4164   -7807.1989  0.5446 
   00794    0.4176   -7844.3239  0.5473 
   00795    0.3992   -7866.3767  0.5509 
   00796    0.4160   -7847.3325  0.5487 
   00797    0.4004   -7767.3180  0.5458 
   00798    0.4128   -7855.3329  0.5526 
   00799    0.4024   -7850.4978  0.5540 
   00800    0.4140   -7822.9603  0.5511 
   00801    0.4116   -7879.6860  0.5522 
   00802    0.3932   -7888.5340  0.5556 
   00803    0.4000   -7859.5025  0.5554 
   00804    0.4136   -7898.9718  0.5462 
   00805    0.4052   -7874.5070  0.5419 
   00806    0.4012   -7874.4273  0.5443 
   00807    0.4104   -7842.0645  0.5370 
   00808    0.3844   -7888.6375  0.5430 
   00809    0.4036   -7893.5423  0.5386 
   00810    0.4108   -7881.8650  0.5422 
   00811    0.3916   -7828.8504  0.5372 
   00812    0.4128   -7827.6567  0.5466 
   00813    0.4060   -7893.4927  0.5530 
   00814    0.3980   -7898.9842  0.5624 
   00815    0.4108   -7883.2538  0.5618 
   00816    0.3948   -7884.5471  0.5589 
   00817    0.3936   -7908.9339  0.5516 
   00818    0.3824   -7885.8402  0.5479 
   00819    0.3828   -7892.3731  0.5485 
   00820    0.4068   -7911.7506  0.5477 
   00821    0.4020   -8007.3835  0.5477 
   00822    0.4020   -7940.5500  0.5412 
   00823    0.3988   -7954.9327  0.5412 
   00824    0.4000   -7939.5910  0.5449 
   00825    0.3864   -7987.7746  0.5392 
   00826    0.4028   -7935.3029  0.5406 
   00827    0.3880   -7925.6453  0.5363 
   00828    0.4032   -7937.0400  0.5359 
   00829    0.4064   -7896.3549  0.5421 
   00830    0.4056   -7902.5390  0.5393 
   00831    0.4240   -7876.5757  0.5403 
   00832    0.3972   -7894.5745  0.5373 
   00833    0.3940   -7915.9320  0.5390 
   00834    0.3820   -7920.9235  0.5350 
   00835    0.3988   -7878.5068  0.5350 
   00836    0.3980   -7875.3816  0.5345 
   00837    0.4120   -7847.1471  0.5301 
   00838    0.4056   -7859.1492  0.5253 
   00839    0.4044   -7916.3033  0.5310 
   00840    0.3900   -7892.9055  0.5342 
   00841    0.4200   -7885.7736  0.5251 
   00842    0.3980   -7868.3882  0.5231 
   00843    0.4004   -7921.8075  0.5279 
   00844    0.4144   -7857.8093  0.5252 
   00845    0.3840   -7848.8744  0.5292 
   00846    0.3940   -7901.4932  0.5327 
   00847    0.3908   -7919.7285  0.5295 
   00848    0.3948   -7916.6548  0.5329 
   00849    0.3940   -7905.0327  0.5318 
   00850    0.4084   -7917.3992  0.5342 
   00851    0.4000   -7901.3353  0.5348 
   00852    0.3956   -7891.3128  0.5381 
   00853    0.4084   -7863.2818  0.5367 
   00854    0.4144   -7802.0539  0.5444 
   00855    0.3992   -7783.7431  0.5436 
   00856    0.3964   -7787.8216  0.5455 
   00857    0.4116   -7793.8084  0.5446 
   00858    0.4008   -7789.4893  0.5423 
   00859    0.4132   -7780.0433  0.5400 
   00860    0.4152   -7820.4711  0.5375 
   00861    0.4068   -7824.7754  0.5343 
   00862    0.3956   -7839.4916  0.5352 
   00863    0.4108   -7955.3815  0.5408 
   00864    0.3980   -7932.5937  0.5471 
   00865    0.4092   -7971.1836  0.5572 
   00866    0.4032   -7957.8906  0.5516 
   00867    0.3908   -7961.1109  0.5490 
   00868    0.3920   -7952.8808  0.5432 
   00869    0.3956   -7975.3555  0.5424 
   00870    0.3936   -7955.0460  0.5431 
   00871    0.3948   -7923.4456  0.5405 
   00872    0.4192   -7929.7953  0.5298 
   00873    0.4092   -7925.5339  0.5298 
   00874    0.3976   -7952.2906  0.5330 
   00875    0.3876   -7927.3931  0.5295 
   00876    0.4060   -7886.6734  0.5296 
   00877    0.4008   -7908.4588  0.5327 
   00878    0.4040   -7959.9319  0.5346 
   00879    0.4012   -7957.7220  0.5401 
   00880    0.3916   -7968.0026  0.5391 
   00881    0.4140   -7964.2304  0.5482 
   00882    0.3992   -7937.6833  0.5503 
   00883    0.4092   -7874.2292  0.5468 
   00884    0.4024   -7878.1213  0.5470 
   00885    0.4028   -7901.8032  0.5518 
   00886    0.3992   -7900.0231  0.5491 
   00887    0.3964   -7824.8512  0.5517 
   00888    0.4180   -7836.2587  0.5436 
   00889    0.3920   -7881.5160  0.5541 
   00890    0.3952   -7880.2494  0.5499 
   00891    0.3888   -7900.2161  0.5571 
   00892    0.4036   -7822.3533  0.5579 
   00893    0.3936   -7851.8967  0.5589 
   00894    0.4164   -7899.9449  0.5571 
   00895    0.4024   -7821.9861  0.5505 
   00896    0.4176   -7845.2004  0.5519 
   00897    0.4088   -7873.9474  0.5500 
   00898    0.4048   -7903.1026  0.5533 
   00899    0.3996   -7894.5196  0.5506 
   00900    0.3832   -7844.0422  0.5439 
   00901    0.3888   -7887.5822  0.5456 
   00902    0.4088   -7862.2444  0.5377 
   00903    0.3968   -7865.4235  0.5401 
   00904    0.4180   -7869.8725  0.5414 
   00905    0.3948   -7867.5491  0.5340 
   00906    0.3828   -7902.8742  0.5361 
   00907    0.4128   -7899.1447  0.5393 
   00908    0.4104   -7851.2946  0.5376 
   00909    0.4176   -7929.2862  0.5415 
   00910    0.4000   -7928.6875  0.5422 
   00911    0.3980   -7905.7363  0.5450 
   00912    0.4128   -7895.5104  0.5532 
   00913    0.4036   -7937.8290  0.5582 
   00914    0.3888   -7944.7638  0.5553 
   00915    0.3920   -7907.2593  0.5611 
   00916    0.4028   -7915.3839  0.5590 
   00917    0.3852   -7943.0479  0.5563 
   00918    0.4004   -7885.7388  0.5533 
   00919    0.4092   -7899.3560  0.5538 
   00920    0.3932   -7883.0294  0.5489 
   00921    0.4128   -7829.2273  0.5506 
   00922    0.4020   -7880.0782  0.5532 
   00923    0.4004   -7853.7206  0.5601 
   00924    0.3948   -7839.4929  0.5587 
   00925    0.3884   -7830.4207  0.5613 
   00926    0.3952   -7854.9279  0.5639 
   00927    0.3872   -7828.6736  0.5631 
   00928    0.3996   -7918.1678  0.5674 
   00929    0.3984   -7909.5954  0.5646 
   00930    0.4060   -7885.5450  0.5602 
   00931    0.4040   -7913.3566  0.5545 
   00932    0.3928   -7880.3651  0.5467 
   00933    0.3840   -7873.5451  0.5476 
   00934    0.4028   -7838.8466  0.5439 
   00935    0.4056   -7828.3592  0.5506 
   00936    0.4052   -7824.7833  0.5478 
   00937    0.4200   -7869.0326  0.5480 
   00938    0.4124   -7882.4542  0.5493 
   00939    0.4016   -7887.9573  0.5433 
   00940    0.4064   -7880.3057  0.5428 
   00941    0.3988   -7829.4516  0.5456 
   00942    0.4132   -7836.1462  0.5509 
   00943    0.4236   -7895.5570  0.5533 
   00944    0.3952   -7909.1633  0.5562 
   00945    0.3824   -7925.9319  0.5587 
   00946    0.4020   -7902.7798  0.5613 
   00947    0.4056   -7872.4518  0.5677 
   00948    0.4096   -7855.5931  0.5635 
   00949    0.4176   -7797.7889  0.5601 
   00950    0.4128   -7758.1119  0.5536 
   00951    0.4136   -7750.2170  0.5507 
   00952    0.3960   -7809.1598  0.5519 
   00953    0.4012   -7791.5464  0.5551 
   00954    0.4136   -7823.1465  0.5479 
   00955    0.4044   -7863.4136  0.5447 
   00956    0.4076   -7870.9172  0.5493 
   00957    0.3904   -7872.5180  0.5543 
   00958    0.3928   -7890.7231  0.5518 
   00959    0.4008   -7894.0144  0.5526 
   00960    0.4028   -7836.1871  0.5460 
   00961    0.4032   -7888.3849  0.5472 
   00962    0.4064   -7904.0064  0.5494 
   00963    0.4020   -7937.8067  0.5416 
   00964    0.3872   -7897.1196  0.5418 
   00965    0.3896   -7884.6887  0.5480 
   00966    0.4080   -7897.3706  0.5503 
   00967    0.3912   -7883.1963  0.5498 
   00968    0.4064   -7928.0598  0.5469 
   00969    0.4096   -7919.7024  0.5488 
   00970    0.3924   -7907.2179  0.5510 
   00971    0.3956   -7892.0598  0.5487 
   00972    0.4072   -7899.1767  0.5498 
   00973    0.3964   -7852.3640  0.5444 
   00974    0.4096   -7859.6401  0.5487 
   00975    0.4124   -7813.8055  0.5542 
   00976    0.4060   -7768.6549  0.5469 
   00977    0.4144   -7836.8817  0.5443 
   00978    0.4188   -7829.6734  0.5456 
   00979    0.3932   -7818.2991  0.5491 
   00980    0.4020   -7849.5580  0.5446 
   00981    0.4136   -7861.1465  0.5422 
   00982    0.4032   -7821.7167  0.5418 
   00983    0.3892   -7814.9613  0.5469 
   00984    0.3940   -7798.9227  0.5416 
   00985    0.4128   -7738.3193  0.5426 
   00986    0.4128   -7744.9256  0.5402 
   00987    0.3968   -7753.4417  0.5375 
   00988    0.4044   -7828.2497  0.5470 
   00989    0.4076   -7803.7197  0.5412 
   00990    0.4072   -7781.5069  0.5357 
   00991    0.4072   -7795.2583  0.5370 
   00992    0.4088   -7798.4191  0.5349 
   00993    0.4128   -7757.0867  0.5295 
   00994    0.3996   -7845.1559  0.5362 
   00995    0.3988   -7888.5626  0.5360 
   00996    0.3884   -7875.8851  0.5285 
   00997    0.3876   -7832.2902  0.5381 
   00998    0.4072   -7842.1781  0.5379 
   00999    0.4116   -7825.2630  0.5353 
   01000    0.4164   -7830.3043  0.5287 
