#=====================================================
# File created:        Tue-12-Mar-2024-at-06-50-56AM
# Size of lattice:     50x50
# Number of MC steps:  1000
# Reduced temperature: 0.650
# Run time (s):        1.312142
#=====================================================
# MC step:  Ratio:     Energy:   Order:
#=====================================================
   00000    0.5000   -2552.6243  0.2703 
   00001    0.6804   -3813.0889  0.2746 
   00002    0.6184   -4522.9604  0.2816 
   00003    0.5596   -5005.5821  0.2690 
   00004    0.5540   -5284.5175  0.2696 
   00005    0.5248   -5529.0881  0.2631 
   00006    0.5028   -5636.3018  0.2752 
   00007    0.4948   -5839.3009  0.2781 
   00008    0.5072   -5997.9541  0.2879 
   00009    0.4796   -6162.6385  0.2986 
   00010    0.4752   -6244.9290  0.2939 
   00011    0.4824   -6366.3283  0.2953 
   00012    0.4632   -6321.2462  0.2892 
   00013    0.4708   -6394.2971  0.2830 
   00014    0.4536   -6432.8648  0.2889 
   00015    0.4628   -6532.3098  0.2798 
   00016    0.4412   -6625.3512  0.2782 
   00017    0.4600   -6632.8604  0.2859 
   00018    0.4652   -6644.0043  0.2838 
   00019    0.4564   -6701.5646  0.2883 
   00020    0.4512   -6769.0854  0.2872 
   00021    0.4412   -6813.1653  0.2902 
   00022    0.4592   -6860.9308  0.2965 
   00023    0.4420   -6937.9065  0.2914 
   00024    0.4340   -7000.3233  0.2954 
   00025    0.4288   -6952.6351  0.2963 
   00026    0.4496   -6979.1034  0.2888 
   00027    0.4264   -6979.2308  0.2801 
   00028    0.4376   -7017.6429  0.2848 
   00029    0.4400   -7037.5644  0.2796 
   00030    0.4332   -6964.5766  0.2797 
   00031    0.4424   -6980.2083  0.2767 
   00032    0.4436   -7035.7670  0.2739 
   00033    0.4168   -7009.5113  0.2815 
   00034    0.4308   -7026.6171  0.2785 
   00035    0.4404   -7075.4879  0.2746 
   00036    0.4344   -7118.9659  0.2751 
   00037    0.4236   -7075.4368  0.2829 
   00038    0.4412   -7097.1950  0.2851 
   00039    0.4240   -7148.9387  0.2998 
   00040    0.4344   -7180.9530  0.2969 
   00041    0.4448   -7154.7337  0.2996 
   00042    0.4388   -7127.0717  0.3111 
   00043    0.4340   -7201.8467  0.3125 
   00044    0.4288   -7232.9212  0.3126 
   00045    0.4068   -7216.7884  0.3107 
   00046    0.4344   -7161.1101  0.3087 
   00047    0.4360   -7220.9032  0.3036 
   00048    0.4240   -7277.3512  0.3104 
   00049    0.4432   -7322.6889  0.3136 
   00050    0.4408   -7261.2735  0.3208 
   00051    0.4256   -7245.7530  0.3249 
   00052    0.4296   -7244.3861  0.3194 
   00053    0.4276   -7228.3135  0.3094 
   00054    0.4224   -7257.7575  0.3092 
   00055    0.4172   -7255.4209  0.3075 
   00056    0.4344   -7286.1727  0.3185 
   00057    0.4332   -7203.8865  0.3139 
   00058    0.4276   -7246.2612  0.3196 
   00059    0.4224   -7259.8831  0.3255 
   00060    0.4176   -7320.3532  0.3323 
   00061    0.4224   -7323.0194  0.3335 
   00062    0.4276   -7303.6618  0.3356 
   00063    0.4256   -7330.1275  0.3405 
   00064    0.4248   -7231.8127  0.3394 
   00065    0.4444   -7277.9671  0.3456 
   00066    0.4316   -7347.5395  0.3416 
   00067    0.4224   -7312.8334  0.3398 
   00068    0.4252   -7286.8526  0.3315 
   00069    0.4336   -7246.4321  0.3333 
   00070    0.4332   -7272.7426  0.3348 
   00071    0.4236   -7281.6570  0.3375 
   00072    0.4268   -7357.6418  0.3413 
   00073    0.4184   -7358.3320  0.3468 
   00074    0.3992   -7340.0523  0.3486 
   00075    0.4232   -7360.7022  0.3421 
   00076    0.4288   -7368.8935  0.3436 
   00077    0.4188   -7366.2258  0.3437 
   00078    0.4160   -7346.1970  0.3454 
   00079    0.4232   -7368.8871  0.3479 
   00080    0.4168   -7401.8393  0.3489 
   00081    0.4340   -7394.1222  0.3503 
   00082    0.4276   -7418.8568  0.3481 
   00083    0.4168   -7393.2262  0.3410 
   00084    0.4124   -7448.8937  0.3433 
   00085    0.4196   -7368.4126  0.3440 
   00086    0.4192   -7412.5959  0.3495 
   00087    0.4096   -7455.1154  0.3492 
   00088    0.4048   -7443.2886  0.3493 
   00089    0.4300   -7420.5854  0.3415 
   00090    0.4308   -7407.4606  0.3403 
   00091    0.4100   -7411.4381  0.3346 
   00092    0.4148   -7410.3921  0.3390 
   00093    0.4264   -7440.4897  0.3337 
   00094    0.4072   -7417.9969  0.3324 
   00095    0.4276   -7392.4710  0.3388 
   00096    0.4132   -7425.6818  0.3369 
   00097    0.4164   -7439.0249  0.3353 
   00098    0.4076   -7417.4492  0.3313 
   00099    0.4256   -7429.4858  0.3336 
   00100    0.4080   -7405.2793  0.3332 
   00101    0.4280   -7417.0531  0.3326 
   00102    0.4312   -7441.9379  0.3308 
   00103    0.4296   -7443.5411  0.3310 
   00104    0.4220   -7416.7152  0.3290 
   00105    0.4216   -7432.6920  0.3342 
   00106    0.4220   -7422.2642  0.3347 
   00107    0.4192   -7363.5008  0.3226 
   00108    0.4324   -7408.0164  0.3265 
   00109    0.3956   -7390.3390  0.3287 
   00110    0.4336   -7406.8915  0.3207 
   00111    0.4112   -7430.2374  0.3152 
   00112    0.4336   -7385.8922  0.3124 
   00113    0.4312   -7433.1904  0.3111 
   00114    0.4060   -7431.0348  0.3059 
   00115    0.4108   -7445.0455  0.3024 
   00116    0.4400   -7454.0751  0.3014 
   00117    0.4280   -7457.4357  0.2997 
   00118    0.4384   -7481.9584  0.3019 
   00119    0.4156   -7444.7471  0.3009 
   00120    0.4192   -7480.2933  0.2866 
   00121    0.4276   -7491.9071  0.2815 
   00122    0.4156   -7466.1172  0.2823 
   00123    0.4152   -7476.8681  0.2861 
   00124    0.4088   -7438.7787  0.2883 
   00125    0.4348   -7468.4940  0.2833 
   00126    0.4168   -7384.9984  0.2817 
   00127    0.4336   -7401.2758  0.2769 
   00128    0.4272   -7392.7273  0.2822 
   00129    0.4176   -7428.6553  0.2785 
   00130    0.3880   -7436.0444  0.2778 
   00131    0.4088   -7417.0237  0.2808 
   00132    0.4316   -7442.6907  0.2854 
   00133    0.4332   -7385.1152  0.2827 
   00134    0.4332   -7424.8841  0.2782 
   00135    0.4148   -7451.5367  0.2817 
   00136    0.4332   -7425.2236  0.2840 
   00137    0.4228   -7422.5196  0.2847 
   00138    0.4288   -7462.5585  0.2828 
   00139    0.4008   -7457.6632  0.2778 
   00140    0.4288   -7419.5577  0.2813 
   00141    0.4372   -7458.2387  0.2849 
   00142    0.4108   -7448.5844  0.2803 
   00143    0.4360   -7483.6436  0.2892 
   00144    0.4360   -7522.0201  0.2862 
   00145    0.4252   -7544.7079  0.2858 
   00146    0.4332   -7530.1448  0.2843 
   00147    0.4104   -7439.8368  0.2844 
   00148    0.4108   -7496.3210  0.2919 
   00149    0.3988   -7577.0867  0.2917 
   00150    0.4192   -7562.3903  0.2894 
   00151    0.4160   -7525.2135  0.2901 
   00152    0.4160   -7456.0926  0.2940 
   00153    0.4248   -7439.9308  0.2931 
   00154    0.3960   -7502.1236  0.3002 
   00155    0.4204   -7573.2332  0.3010 
   00156    0.4180   -7516.2274  0.2963 
   00157    0.4120   -7519.1024  0.3006 
   00158    0.4280   -7546.6995  0.2936 
   00159    0.4184   -7504.3742  0.2986 
   00160    0.4060   -7474.6440  0.2951 
   00161    0.4152   -7462.5222  0.3019 
   00162    0.4176   -7482.6791  0.3024 
   00163    0.4236   -7496.1449  0.3051 
   00164    0.4220   -7517.9193  0.2965 
   00165    0.4324   -7543.1170  0.2915 
   00166    0.4192   -7563.5656  0.2913 
   00167    0.4220   -7582.2866  0.2927 
   00168    0.4172   -7520.2808  0.2830 
   00169    0.4184   -7486.5968  0.2807 
   00170    0.4288   -7501.1696  0.2823 
   00171    0.4240   -7534.8197  0.2850 
   00172    0.4136   -7535.7133  0.2706 
   00173    0.4124   -7606.8908  0.2712 
   00174    0.4120   -7625.5508  0.2806 
   00175    0.4164   -7574.2958  0.2801 
   00176    0.4084   -7557.0193  0.2845 
   00177    0.4000   -7538.6387  0.2830 
   00178    0.4088   -7546.4370  0.2795 
   00179    0.4028   -7523.6861  0.2787 
   00180    0.4232   -7435.2424  0.2773 
   00181    0.4140   -7524.4943  0.2703 
   00182    0.4256   -7504.0177  0.2795 
   00183    0.4136   -7474.4032  0.2900 
   00184    0.4096   -7524.2580  0.2940 
   00185    0.4112   -7529.5302  0.3013 
   00186    0.4196   -7435.1591  0.2963 
   00187    0.4308   -7475.7456  0.2938 
   00188    0.3944   -7457.1872  0.2980 
   00189    0.4200   -7496.3150  0.2923 
   00190    0.4212   -7475.8145  0.2883 
   00191    0.4100   -7418.8713  0.2877 
   00192    0.4208   -7468.1211  0.2925 
   00193    0.4124   -7484.3877  0.2958 
   00194    0.4088   -7495.1479  0.2916 
   00195    0.4268   -7540.5837  0.3017 
   00196    0.4172   -7510.9898  0.2943 
   00197    0.4164   -7476.3007  0.2905 
   00198    0.3840   -7466.3287  0.2973 
   00199    0.4188   -7501.5018  0.2865 
   00200    0.4096   -7434.4741  0.2912 
   00201    0.4160   -7446.2219  0.2948 
   00202    0.4360   -7445.5315  0.2954 
   00203    0.4244   -7459.4982  0.2951 
   00204    0.4148   -7473.4438  0.3014 
   00205    0.4076   -7539.1087  0.3012 
   00206    0.4152   -7508.0240  0.3097 
   00207    0.4360   -7511.8810  0.3117 
   00208    0.4268   -7463.2950  0.3106 
   00209    0.4184   -7453.6670  0.2998 
   00210    0.4088   -7496.9167  0.2991 
   00211    0.4212   -7446.5622  0.2977 
   00212    0.4124   -7425.4953  0.2882 
   00213    0.4036   -7492.7046  0.2898 
   00214    0.4220   -7498.0129  0.2930 
   00215    0.4064   -7496.2891  0.3013 
   00216    0.4284   -7452.5633  0.3025 
   00217    0.4256   -7467.3762  0.2870 
   00218    0.4316   -7452.6775  0.2866 
   00219    0.4272   -7433.9890  0.2943 
   00220    0.4168   -7459.1955  0.2950 
   00221    0.4300   -7433.4173  0.3007 
   00222    0.4160   -7414.2562  0.3029 
   00223    0.4152   -7449.4335  0.2917 
   00224    0.4280   -7459.0816  0.2839 
   00225    0.4280   -7415.4873  0.2825 
   00226    0.4464   -7456.8480  0.2834 
   00227    0.4092   -7492.6984  0.2870 
   00228    0.4256   -7503.2997  0.2885 
   00229    0.4232   -7487.5103  0.2997 
   00230    0.4128   -7472.7565  0.2935 
   00231    0.4220   -7507.2038  0.3040 
   00232    0.4260   -7495.4338  0.3032 
   00233    0.4224   -7483.7858  0.3098 
   00234    0.4224   -7508.0316  0.3039 
   00235    0.4324   -7514.4015  0.3085 
   00236    0.4344   -7522.2503  0.3187 
   00237    0.4268   -7530.1609  0.3174 
   00238    0.4140   -7532.2877  0.3139 
   00239    0.4316   -7537.6680  0.3179 
   00240    0.4176   -7546.6663  0.3179 
   00241    0.4160   -7524.9732  0.3189 
   00242    0.4160   -7451.1656  0.3179 
   00243    0.4072   -7431.2415  0.3217 
   00244    0.4132   -7453.9090  0.3161 
   00245    0.4220   -7453.7920  0.3152 
   00246    0.4216   -7414.6293  0.3157 
   00247    0.4408   -7407.0048  0.3105 
   00248    0.4272   -7444.5237  0.3142 
   00249    0.4240   -7484.9281  0.3159 
   00250    0.4276   -7571.3755  0.3186 
   00251    0.3932   -7565.0137  0.3235 
   00252    0.4172   -7555.2152  0.3183 
   00253    0.4136   -7505.3442  0.3146 
   00254    0.4188   -7556.6618  0.3146 
   00255    0.4296   -7570.7751  0.3090 
   00256    0.4072   -7582.6069  0.3187 
   00257    0.4300   -7622.1315  0.3189 
   00258    0.4028   -7639.7682  0.3077 
   00259    0.4328   -7607.2955  0.3069 
   00260    0.4260   -7590.1278  0.3061 
   00261    0.4132   -7537.1775  0.3049 
   00262    0.4004   -7513.7533  0.3075 
   00263    0.4244   -7530.8435  0.3123 
   00264    0.4216   -7493.2467  0.3212 
   00265    0.4288   -7559.2365  0.3253 
   00266    0.4216   -7502.8971  0.3196 
   00267    0.4312   -7567.0878  0.3175 
   00268    0.4152   -7546.5904  0.3086 
   00269    0.4252   -7513.2446  0.3098 
   00270    0.4128   -7544.1928  0.3116 
   00271    0.4120   -7491.4236  0.3026 
   00272    0.4116   -7473.4463  0.3085 
   00273    0.4216   -7562.1771  0.3035 
   00274    0.4232   -7603.2328  0.3084 
   00275    0.4080   -7586.8917  0.3138 
   00276    0.4008   -7624.1535  0.3167 
   00277    0.4108   -7583.4350  0.3095 
   00278    0.4296   -7592.9396  0.3068 
   00279    0.4056   -7575.9471  0.3053 
   00280    0.4096   -7577.1575  0.2974 
   00281    0.4196   -7579.3388  0.3016 
   00282    0.3988   -7568.4117  0.3020 
   00283    0.4184   -7572.6799  0.3000 
   00284    0.4252   -7544.8851  0.2960 
   00285    0.4216   -7534.5088  0.3019 
   00286    0.4232   -7482.4841  0.2979 
   00287    0.4208   -7477.3305  0.3043 
   00288    0.4164   -7418.5361  0.3050 
   00289    0.4324   -7548.5963  0.3098 
   00290    0.4164   -7603.2272  0.3081 
   00291    0.4108   -7545.7375  0.3129 
   00292    0.4144   -7589.9890  0.3174 
   00293    0.4160   -7560.3108  0.3213 
   00294    0.4188   -7583.8095  0.3163 
   00295    0.4064   -7570.5561  0.3127 
   00296    0.4012   -7582.1080  0.3142 
   00297    0.4116   -7613.7153  0.3080 
   00298    0.4108   -7577.7287  0.3085 
   00299    0.4152   -7587.8954  0.3121 
   00300    0.4052   -7534.2432  0.3165 
   00301    0.4184   -7536.9506  0.3200 
   00302    0.4156   -7592.9914  0.3207 
   00303    0.4128   -7539.9959  0.3154 
   00304    0.4120   -7544.5588  0.3201 
   00305    0.4184   -7583.7335  0.3174 
   00306    0.4112   -7535.0274  0.3120 
   00307    0.4132   -7543.4029  0.3132 
   00308    0.4152   -7574.0350  0.3123 
   00309    0.4104   -7518.5851  0.3121 
   00310    0.4160   -7524.0674  0.3161 
   00311    0.4120   -7538.8576  0.3092 
   00312    0.4152   -7570.9156  0.3080 
   00313    0.4268   -7561.4453  0.3024 
   00314    0.4088   -7545.0872  0.3073 
   00315    0.4044   -7535.4782  0.3110 
   00316    0.4252   -7559.8643  0.3086 
   00317    0.3968   -7536.8695  0.3023 
   00318    0.4200   -7536.1936  0.2968 
   00319    0.4180   -7500.0437  0.2987 
   00320    0.4284   -7502.8135  0.3002 
   00321    0.4184   -7498.5733  0.3000 
   00322    0.4240   -7470.2056  0.3036 
   00323    0.4116   -7531.7373  0.3130 
   00324    0.4316   -7561.4629  0.3072 
   00325    0.4260   -7541.0501  0.3055 
   00326    0.4012   -7576.2132  0.3034 
   00327    0.4076   -7570.9572  0.3040 
   00328    0.4224   -7574.1620  0.3035 
   00329    0.4260   -7546.9813  0.3124 
   00330    0.4212   -7497.0378  0.3087 
   00331    0.4112   -7510.8959  0.3090 
   00332    0.4228   -7540.0074  0.3040 
   00333    0.4196   -7481.4513  0.2994 
   00334    0.4208   -7526.2110  0.2949 
   00335    0.4240   -7487.4917  0.2868 
   00336    0.4396   -7561.1381  0.2935 
   00337    0.4180   -7544.9304  0.2890 
   00338    0.4160   -7537.7699  0.2989 
   00339    0.4060   -7543.7103  0.3012 
   00340    0.4160   -7447.4183  0.3018 
   00341    0.4268   -7472.6724  0.3053 
   00342    0.4204   -7385.4166  0.3103 
   00343    0.4332   -7367.2611  0.3083 
   00344    0.4288   -7356.3700  0.2973 
   00345    0.4284   -7356.7723  0.2993 
   00346    0.4328   -7407.3140  0.3059 
   00347    0.4244   -7405.2224  0.3064 
   00348    0.4136   -7445.2612  0.2981 
   00349    0.4084   -7416.6146  0.3047 
   00350    0.4160   -7438.8685  0.3037 
   00351    0.4092   -7451.8915  0.3022 
   00352    0.4232   -7416.5516  0.3011 
   00353    0.4196   -7444.7095  0.2903 
   00354    0.4056   -7452.1438  0.3003 
   00355    0.4304   -7459.2300  0.2990 
   00356    0.4096   -7410.9006  0.3078 
   00357    0.4312   -7368.3466  0.3070 
   00358    0.4284   -7397.8261  0.3054 
   00359    0.4196   -7434.9379  0.3075 
   00360    0.4108   -7463.2135  0.3054 
   00361    0.4108   -7491.3527  0.2970 
   00362    0.4208   -7478.4343  0.2987 
   00363    0.4136   -7492.4965  0.2963 
   00364    0.4116   -7528.8720  0.2997 
   00365    0.4260   -7499.5200  0.3012 
   00366    0.4248   -7542.8680  0.3010 
   00367    0.4120   -7501.0753  0.2983 
   00368    0.4388   -7461.7118  0.2941 
   00369    0.4056   -7475.3310  0.2973 
   00370    0.4192   -7455.6831  0.3055 
   00371    0.4180   -7478.1867  0.3034 
   00372    0.4216   -7456.4852  0.3032 
   00373    0.4220   -7485.6805  0.2988 
   00374    0.4148   -7455.7724  0.2951 
   00375    0.4140   -7479.6757  0.2825 
   00376    0.4184   -7486.4051  0.2856 
   00377    0.4204   -7453.1308  0.2773 
   00378    0.4144   -7454.9153  0.2726 
   00379    0.4188   -7433.4596  0.2816 
   00380    0.4312   -7475.9963  0.2831 
   00381    0.4140   -7491.8888  0.2813 
   00382    0.4216   -7522.5516  0.2743 
   00383    0.4184   -7567.8031  0.2685 
   00384    0.4212   -7484.8915  0.2711 
   00385    0.4064   -7505.3345  0.2650 
   00386    0.4252   -7533.1028  0.2660 
   00387    0.4068   -7523.3871  0.2598 
   00388    0.4088   -7560.6234  0.2638 
   00389    0.4140   -7549.5034  0.2647 
   00390    0.4012   -7483.4535  0.2624 
   00391    0.4216   -7511.4360  0.2626 
   00392    0.3940   -7533.9699  0.2593 
   00393    0.4184   -7497.5753  0.2629 
   00394    0.4240   -7499.5529  0.2641 
   00395    0.4232   -7525.5762  0.2597 
   00396    0.4164   -7533.2060  0.2576 
   00397    0.4052   -7529.1234  0.2621 
   00398    0.4212   -7553.0929  0.2632 
   00399    0.4120   -7548.4973  0.2668 
   00400    0.4016   -7522.6660  0.2668 
   00401    0.4176   -7541.4483  0.2654 
   00402    0.4208   -7508.8167  0.2690 
   00403    0.4460   -7498.4230  0.2685 
   00404    0.4128   -7504.8873  0.2711 
   00405    0.4112   -7527.1566  0.2728 
   00406    0.4352   -7555.5170  0.2664 
   00407    0.4112   -7513.9217  0.2730 
   00408    0.4336   -7511.2184  0.2749 
   00409    0.4360   -7495.0809  0.2824 
   00410    0.4164   -7457.6607  0.2865 
   00411    0.4012   -7472.4154  0.2875 
   00412    0.4308   -7464.4064  0.2893 
   00413    0.4244   -7454.8983  0.2840 
   00414    0.4124   -7459.8200  0.2849 
   00415    0.4152   -7412.1151  0.2851 
   00416    0.4232   -7434.7646  0.2894 
   00417    0.4216   -7458.2389  0.2957 
   00418    0.4176   -7416.7435  0.3030 
   00419    0.4188   -7483.1476  0.3053 
   00420    0.4012   -7558.6831  0.3087 
   00421    0.3908   -7597.7997  0.3108 
   00422    0.4232   -7530.3632  0.3083 
   00423    0.4232   -7499.6311  0.3107 
   00424    0.4128   -7506.9364  0.3138 
   00425    0.4112   -7499.5658  0.2966 
   00426    0.4136   -7526.4430  0.2941 
   00427    0.4184   -7554.3359  0.2861 
   00428    0.4280   -7554.0474  0.2888 
   00429    0.4204   -7549.1808  0.2937 
   00430    0.4092   -7567.0290  0.2898 
   00431    0.4272   -7545.6582  0.2887 
   00432    0.4040   -7544.0410  0.2859 
   00433    0.4260   -7608.5701  0.2824 
   00434    0.4140   -7593.1138  0.2856 
   00435    0.3996   -7567.2171  0.2865 
   00436    0.4084   -7623.7918  0.2941 
   00437    0.4244   -7637.4319  0.2943 
   00438    0.3940   -7648.7868  0.3011 
   00439    0.4092   -7613.0862  0.2981 
   00440    0.4124   -7580.8399  0.2941 
   00441    0.4164   -7546.1328  0.2787 
   00442    0.4168   -7602.3840  0.2762 
   00443    0.4104   -7589.9128  0.2774 
   00444    0.4004   -7524.4695  0.2796 
   00445    0.4164   -7531.3165  0.2833 
   00446    0.3952   -7542.4338  0.2841 
   00447    0.4128   -7488.4941  0.2769 
   00448    0.4388   -7489.3739  0.2725 
   00449    0.4236   -7493.5426  0.2740 
   00450    0.4260   -7542.4938  0.2837 
   00451    0.4092   -7526.9561  0.2804 
   00452    0.4156   -7548.4740  0.2926 
   00453    0.4372   -7607.2654  0.2958 
   00454    0.4112   -7633.3870  0.2998 
   00455    0.4200   -7594.1423  0.3014 
   00456    0.4112   -7635.1052  0.3026 
   00457    0.4136   -7591.6817  0.3030 
   00458    0.4092   -7600.4041  0.3062 
   00459    0.4024   -7617.5721  0.3114 
   00460    0.4224   -7648.4524  0.3134 
   00461    0.4032   -7699.8441  0.3157 
   00462    0.4136   -7637.4803  0.3072 
   00463    0.4080   -7591.5177  0.3099 
   00464    0.4172   -7587.5282  0.3148 
   00465    0.4148   -7629.8531  0.3162 
   00466    0.4200   -7636.6370  0.3145 
   00467    0.4116   -7658.8925  0.3191 
   00468    0.4084   -7592.2565  0.3149 
   00469    0.4144   -7612.5539  0.3130 
   00470    0.4240   -7555.3834  0.3144 
   00471    0.4172   -7528.0452  0.3117 
   00472    0.3992   -7580.8024  0.3158 
   00473    0.4172   -7566.6270  0.3224 
   00474    0.4064   -7617.9511  0.3179 
   00475    0.4100   -7608.0709  0.3128 
   00476    0.4196   -7535.4723  0.3058 
   00477    0.4272   -7526.3863  0.3116 
   00478    0.4004   -7509.1754  0.3151 
   00479    0.4196   -7520.1940  0.3149 
   00480    0.4068   -7490.6728  0.3135 
   00481    0.4216   -7466.8178  0.3108 
   00482    0.4356   -7454.7948  0.3113 
   00483    0.4212   -7462.7963  0.3058 
   00484    0.4148   -7466.4217  0.3004 
   00485    0.4168   -7589.8135  0.2974 
   00486    0.3996   -7519.0888  0.3035 
   00487    0.4008   -7502.3783  0.3004 
   00488    0.4256   -7481.3933  0.2930 
   00489    0.4240   -7462.3978  0.2980 
   00490    0.4116   -7428.3030  0.3011 
   00491    0.4224   -7483.6511  0.2982 
   00492    0.4176   -7527.2561  0.2908 
   00493    0.4156   -7483.3862  0.3008 
   00494    0.4292   -7447.2240  0.2987 
   00495    0.4148   -7452.6093  0.2997 
   00496    0.4204   -7364.1512  0.3030 
   00497    0.4200   -7481.2869  0.3064 
   00498    0.4284   -7491.6174  0.3042 
   00499    0.4348   -7509.1227  0.3137 
   00500    0.4232   -7562.9125  0.3142 
   00501    0.3916   -7575.5266  0.3007 
   00502    0.4096   -7607.6799  0.2964 
   00503    0.4080   -7608.6421  0.2953 
   00504    0.4240   -7604.5808  0.2879 
   00505    0.4048   -7610.5685  0.2917 
   00506    0.4056   -7586.7806  0.2968 
   00507    0.4072   -7581.5385  0.2994 
   00508    0.4040   -7563.0296  0.2942 
   00509    0.4092   -7553.8428  0.2918 
   00510    0.4200   -7562.1832  0.2908 
   00511    0.4236   -7537.2671  0.3026 
   00512    0.4208   -7557.4722  0.2945 
   00513    0.3996   -7584.1379  0.3060 
   00514    0.4316   -7579.5854  0.3056 
   00515    0.4184   -7651.5988  0.2945 
   00516    0.4172   -7622.7419  0.2986 
   00517    0.4040   -7608.9449  0.2921 
   00518    0.4288   -7641.3378  0.2983 
   00519    0.4000   -7619.1753  0.3026 
   00520    0.4220   -7573.5896  0.3039 
   00521    0.4184   -7557.6597  0.3047 
   00522    0.4164   -7591.7819  0.3088 
   00523    0.4172   -7607.2891  0.3055 
   00524    0.4080   -7570.4701  0.3011 
   00525    0.4172   -7582.6809  0.2971 
   00526    0.4180   -7564.7690  0.2945 
   00527    0.4256   -7602.2954  0.2994 
   00528    0.4156   -7614.0761  0.2969 
   00529    0.4248   -7546.3668  0.2936 
   00530    0.4220   -7537.5846  0.2933 
   00531    0.4048   -7520.6157  0.2943 
   00532    0.4280   -7498.0497  0.2989 
   00533    0.4148   -7450.7663  0.3121 
   00534    0.4140   -7461.2945  0.3101 
   00535    0.4180   -7542.0803  0.3184 
   00536    0.4200   -7473.7329  0.3184 
   00537    0.4168   -7498.2928  0.3142 
   00538    0.4292   -7551.1060  0.3162 
   00539    0.4004   -7560.0065  0.3110 
   00540    0.4144   -7575.8446  0.3094 
   00541    0.4124   -7565.4048  0.3024 
   00542    0.4092   -7545.5921  0.3034 
   00543    0.4104   -7571.6603  0.3022 
   00544    0.4048   -7579.1164  0.3105 
   00545    0.4060   -7539.5435  0.3103 
   00546    0.4128   -7522.5562  0.3112 
   00547    0.4344   -7455.8876  0.3115 
   00548    0.4220   -7485.1385  0.3119 
   00549    0.4192   -7487.6710  0.3105 
   00550    0.4188   -7521.4741  0.3090 
   00551    0.4080   -7561.8152  0.3150 
   00552    0.4324   -7524.2035  0.3214 
   00553    0.4100   -7502.7423  0.3225 
   00554    0.4292   -7569.8319  0.3255 
   00555    0.4272   -7562.9486  0.3224 
   00556    0.4088   -7543.7921  0.3171 
   00557    0.4068   -7568.5122  0.3188 
   00558    0.4168   -7609.2700  0.3141 
   00559    0.4056   -7591.4878  0.3211 
   00560    0.3980   -7591.4571  0.3280 
   00561    0.4160   -7542.5924  0.3382 
   00562    0.4244   -7535.0724  0.3329 
   00563    0.4192   -7535.3776  0.3334 
   00564    0.4216   -7542.7870  0.3274 
   00565    0.4280   -7567.4090  0.3233 
   00566    0.3920   -7543.0717  0.3233 
   00567    0.4144   -7545.8437  0.3239 
   00568    0.4144   -7522.2081  0.3257 
   00569    0.4164   -7561.5525  0.3174 
   00570    0.4036   -7520.1600  0.3180 
   00571    0.4208   -7483.8333  0.3175 
   00572    0.4224   -7461.7975  0.3241 
   00573    0.4136   -7468.8953  0.3258 
   00574    0.4048   -7539.0513  0.3150 
   00575    0.3944   -7546.2195  0.3180 
   00576    0.4156   -7516.2599  0.3257 
   00577    0.4284   -7578.5371  0.3305 
   00578    0.4112   -7612.1242  0.3272 
   00579    0.4204   -7628.2149  0.3246 
   00580    0.4100   -7625.0541  0.3239 
   00581    0.4316   -7569.5628  0.3113 
   00582    0.4124   -7534.1926  0.3103 
   00583    0.4244   -7544.7554  0.3119 
   00584    0.4212   -7530.1005  0.3155 
   00585    0.3984   -7506.7737  0.3132 
   00586    0.4252   -7459.5019  0.3163 
   00587    0.4320   -7481.5359  0.3182 
   00588    0.4152   -7514.5208  0.3140 
   00589    0.4444   -7461.8368  0.3132 
   00590    0.4404   -7500.0907  0.3204 
   00591    0.4172   -7504.9458  0.3267 
   00592    0.4352   -7472.2907  0.3282 
   00593    0.4064   -7572.2517  0.3244 
   00594    0.3968   -7538.2039  0.3309 
   00595    0.4220   -7507.3764  0.3301 
   00596    0.4308   -7482.8148  0.3354 
   00597    0.4156   -7483.7055  0.3393 
   00598    0.4124   -7505.6031  0.3402 
   00599    0.4104   -7449.1310  0.3325 
   00600    0.4256   -7480.4257  0.3236 
   00601    0.4296   -7487.7117  0.3330 
   00602    0.4368   -7524.5944  0.3325 
   00603    0.4196   -7520.2684  0.3313 
   00604    0.4148   -7529.9559  0.3253 
   00605    0.4080   -7528.3812  0.3203 
   00606    0.4084   -7508.0925  0.3179 
   00607    0.4248   -7496.0542  0.3212 
   00608    0.4112   -7499.0191  0.3300 
   00609    0.4148   -7459.5202  0.3238 
   00610    0.4180   -7446.6316  0.3345 
   00611    0.4244   -7431.7147  0.3268 
   00612    0.4136   -7408.4748  0.3273 
   00613    0.4056   -7482.4905  0.3289 
   00614    0.4028   -7511.3094  0.3257 
   00615    0.4108   -7483.0797  0.3249 
   00616    0.4248   -7515.3414  0.3266 
   00617    0.4160   -7543.3993  0.3258 
   00618    0.4036   -7654.7436  0.3213 
   00619    0.4176   -7589.1140  0.3159 
   00620    0.4156   -7573.6490  0.3040 
   00621    0.4216   -7545.8541  0.3060 
   00622    0.4168   -7506.0808  0.2982 
   00623    0.4108   -7539.0749  0.2996 
   00624    0.4052   -7533.4885  0.3070 
   00625    0.4156   -7524.2557  0.3138 
   00626    0.4364   -7614.3249  0.3100 
   00627    0.4284   -7600.8863  0.3220 
   00628    0.4156   -7548.4197  0.3361 
   00629    0.4220   -7525.9539  0.3322 
   00630    0.4152   -7472.5098  0.3327 
   00631    0.4188   -7504.2929  0.3336 
   00632    0.4196   -7507.3465  0.3353 
   00633    0.4232   -7496.8354  0.3329 
   00634    0.4264   -7533.4427  0.3338 
   00635    0.4224   -7502.7687  0.3359 
   00636    0.4240   -7485.1878  0.3325 
   00637    0.4332   -7529.0570  0.3320 
   00638    0.3904   -7503.6912  0.3322 
   00639    0.4156   -7502.3494  0.3337 
   00640    0.4144   -7425.3841  0.3336 
   00641    0.4164   -7449.4598  0.3302 
   00642    0.4244   -7471.0576  0.3343 
   00643    0.4184   -7396.6231  0.3360 
   00644    0.4192   -7439.2045  0.3338 
   00645    0.4184   -7453.8479  0.3301 
   00646    0.4272   -7467.3603  0.3311 
   00647    0.4316   -7436.5378  0.3287 
   00648    0.4304   -7432.9625  0.3381 
   00649    0.4348   -7406.8200  0.3422 
   00650    0.4440   -7425.7001  0.3462 
   00651    0.4164   -7392.6414  0.3450 
   00652    0.4144   -7456.3344  0.3415 
   00653    0.4276   -7537.1396  0.3462 
   00654    0.4136   -7514.5289  0.3415 
   00655    0.4300   -7506.7426  0.3460 
   00656    0.4132   -7480.9101  0.3423 
   00657    0.4260   -7530.9534  0.3440 
   00658    0.4168   -7489.8477  0.3369 
   00659    0.4276   -7504.4740  0.3408 
   00660    0.4388   -7488.8235  0.3429 
   00661    0.4020   -7523.2698  0.3401 
   00662    0.4160   -7428.6888  0.3325 
   00663    0.4112   -7427.3073  0.3366 
   00664    0.4264   -7475.6772  0.3336 
   00665    0.3992   -7476.7074  0.3269 
   00666    0.4320   -7557.9221  0.3353 
   00667    0.4112   -7490.8823  0.3318 
   00668    0.4156   -7538.2397  0.3203 
   00669    0.4052   -7517.1333  0.3210 
   00670    0.4140   -7513.4184  0.3202 
   00671    0.4160   -7545.5115  0.3192 
   00672    0.4076   -7569.4589  0.3178 
   00673    0.4120   -7539.9432  0.3199 
   00674    0.4224   -7547.3599  0.3176 
   00675    0.4292   -7580.7287  0.3190 
   00676    0.4068   -7587.0854  0.3170 
   00677    0.4144   -7536.1302  0.3183 
   00678    0.4336   -7459.2938  0.3139 
   00679    0.4292   -7448.4141  0.3147 
   00680    0.4064   -7501.3577  0.3101 
   00681    0.4372   -7471.2783  0.3109 
   00682    0.4252   -7463.9609  0.3173 
   00683    0.4120   -7525.6943  0.3185 
   00684    0.4152   -7526.1123  0.3235 
   00685    0.4312   -7505.8624  0.3269 
   00686    0.4340   -7544.1172  0.3249 
   00687    0.4064   -7542.8298  0.3267 
   00688    0.4120   -7526.2854  0.3188 
   00689    0.4028   -7528.6577  0.3232 
   00690    0.4116   -7517.0563  0.3305 
   00691    0.4052   -7519.1105  0.3375 
   00692    0.3928   -7536.9938  0.3406 
   00693    0.4100   -7522.6531  0.3410 
   00694    0.4016   -7586.0134  0.3369 
   00695    0.4100   -7590.3844  0.3303 
   00696    0.4208   -7619.5417  0.3320 
   00697    0.4048   -7574.3884  0.3287 
   00698    0.4184   -7564.7978  0.3297 
   00699    0.4244   -7548.9679  0.3292 
   00700    0.4220   -7559.7792  0.3293 
   00701    0.4340   -7566.5760  0.3369 
   00702    0.4068   -7505.4275  0.3385 
   00703    0.3996   -7499.1191  0.3390 
   00704    0.4436   -7492.1227  0.3404 
   00705    0.4364   -7492.3302  0.3374 
   00706    0.4288   -7484.2131  0.3320 
   00707    0.4296   -7503.1114  0.3391 
   00708    0.4096   -7516.4859  0.3398 
   00709    0.4004   -7550.0756  0.3376 
   00710    0.4100   -7554.7108  0.3394 
   00711    0.4332   -7583.9098  0.3470 
   00712    0.4104   -7553.4491  0.3492 
   00713    0.4044   -7560.6305  0.3447 
   00714    0.4160   -7478.6183  0.3409 
   00715    0.4100   -7537.7675  0.3413 
   00716    0.4144   -7513.9860  0.3476 
   00717    0.4092   -7528.3886  0.3481 
   00718    0.4248   -7567.5823  0.3495 
   00719    0.4108   -7570.3395  0.3503 
   00720    0.4144   -7608.5720  0.3509 
   00721    0.4140   -7622.3218  0.3507 
   00722    0.4156   -7639.0426  0.3509 
   00723    0.4104   -7643.3375  0.3462 
   00724    0.4264   -7666.4676  0.3481 
   00725    0.4108   -7663.5358  0.3527 
   00726    0.4044   -7636.4239  0.3561 
   00727    0.4084   -7640.3574  0.3631 
   00728    0.4236   -7621.1454  0.3628 
   00729    0.4016   -7665.6042  0.3713 
   00730    0.4036   -7738.6725  0.3658 
   00731    0.4016   -7656.1941  0.3688 
   00732    0.4092   -7693.4035  0.3663 
   00733    0.4072   -7685.1377  0.3647 
   00734    0.4040   -7682.3013  0.3569 
   00735    0.4148   -7633.1370  0.3668 
   00736    0.4356   -7677.5115  0.3657 
   00737    0.4068   -7638.0411  0.3703 
   00738    0.4160   -7678.4138  0.3625 
   00739    0.4192   -7632.6828  0.3576 
   00740    0.3976   -7644.0016  0.3624 
   00741    0.4004   -7632.4270  0.3589 
   00742    0.4052   -7689.1575  0.3584 
   00743    0.3956   -7724.3051  0.3571 
   00744    0.3912   -7651.7145  0.3494 
   00745    0.4092   -7700.4810  0.3538 
   00746    0.4196   -7722.1649  0.3611 
   00747    0.4220   -7776.5440  0.3595 
   00748    0.3904   -7820.0074  0.3609 
   00749    0.3972   -7780.4571  0.3570 
   00750    0.3960   -7723.2768  0.3530 
   00751    0.4148   -7763.1736  0.3543 
   00752    0.4048   -7715.2724  0.3522 
   00753    0.4084   -7690.6758  0.3426 
   00754    0.4088   -7734.9223  0.3441 
   00755    0.3920   -7660.7922  0.3367 
   00756    0.4152   -7662.5335  0.3409 
   00757    0.4132   -7676.1972  0.3435 
   00758    0.4220   -7703.0243  0.3410 
   00759    0.4036   -7700.3033  0.3411 
   00760    0.4208   -7679.0902  0.3386 
   00761    0.4256   -7722.1861  0.3328 
   00762    0.3848   -7800.4548  0.3304 
   00763    0.4036   -7742.5420  0.3291 
   00764    0.4120   -7705.6778  0.3368 
   00765    0.4024   -7753.0710  0.3346 
   00766    0.3876   -7725.8035  0.3347 
   00767    0.4136   -7739.4800  0.3445 
   00768    0.4276   -7704.3862  0.3378 
   00769    0.3916   -7729.8497  0.3372 
   00770    0.3788   -7753.8504  0.3385 
   00771    0.4128   -7733.0064  0.3422 
   00772    0.4140   -7806.5140  0.3445 
   00773    0.4156   -7767.3487  0.3430 
   00774    0.4036   -7715.8670  0.3414 
   00775    0.3996   -7736.1450  0.3355 
   00776    0.4168   -7739.4008  0.3344 
   00777    0.4096   -7806.1723  0.3352 
   00778    0.4092   -7839.6753  0.3433 
   00779    0.4004   -7821.3553  0.3426 
   00780    0.4172   -7758.2737  0.3400 
   00781    0.4068   -7766.5879  0.3445 
   00782    0.4004   -7735.1066  0.3419 
   00783    0.3964   -7771.5048  0.3450 
   00784    0.3896   -7782.7427  0.3505 
   00785    0.4084   -7756.5992  0.3519 
   00786    0.4208   -7764.3485  0.3594 
   00787    0.4072   -7774.7667  0.3515 
   00788    0.4092   -7812.3718  0.3551 
   00789    0.3956   -7817.8728  0.3462 
   00790    0.4076   -7844.7828  0.3506 
   00791    0.4144   -7848.1504  0.3527 
   00792    0.4216   -7849.7231  0.3531 
   00793    0.4292   -7791.5391  0.3514 
   00794    0.4012   -7744.1273  0.3467 
   00795    0.4036   -7806.8998  0.3561 
   00796    0.4036   -7793.4032  0.3606 
   00797    0.4076   -7790.7769  0.3606 
   00798    0.4116   -7831.6267  0.3686 
   00799    0.3868   -7824.2468  0.3624 
   00800    0.4004   -7799.2402  0.3584 
   00801    0.4100   -7746.2664  0.3586 
   00802    0.3912   -7700.8142  0.3506 
   00803    0.4036   -7774.1329  0.3531 
   00804    0.3952   -7814.6390  0.3527 
   00805    0.4068   -7795.6923  0.3437 
   00806    0.4136   -7713.1399  0.3345 
   00807    0.3928   -7816.6595  0.3382 
   00808    0.4064   -7864.1279  0.3359 
   00809    0.3996   -7821.4929  0.3276 
   00810    0.4024   -7809.3604  0.3316 
   00811    0.3992   -7729.8498  0.3346 
   00812    0.3976   -7758.6088  0.3518 
   00813    0.4416   -7729.1533  0.3533 
   00814    0.3956   -7762.0967  0.3570 
   00815    0.3944   -7771.7693  0.3567 
   00816    0.3988   -7744.4572  0.3540 
   00817    0.3904   -7785.2764  0.3507 
   00818    0.3884   -7771.6159  0.3555 
   00819    0.4068   -7770.0992  0.3488 
   00820    0.3872   -7800.7946  0.3490 
   00821    0.4052   -7785.0548  0.3555 
   00822    0.3992   -7762.4202  0.3431 
   00823    0.4252   -7749.6268  0.3395 
   00824    0.3900   -7750.0767  0.3432 
   00825    0.3844   -7684.7870  0.3463 
   00826    0.4132   -7673.0295  0.3561 
   00827    0.4232   -7736.5163  0.3638 
   00828    0.4100   -7732.6747  0.3595 
   00829    0.3832   -7746.9834  0.3542 
   00830    0.4148   -7757.2344  0.3538 
   00831    0.4048   -7762.9915  0.3558 
   00832    0.3960   -7789.0183  0.3555 
   00833    0.3872   -7790.8286  0.3513 
   00834    0.4076   -7775.8078  0.3492 
   00835    0.4060   -7791.0208  0.3507 
   00836    0.3892   -7809.3758  0.3503 
   00837    0.4040   -7802.4521  0.3532 
   00838    0.4156   -7745.6188  0.3539 
   00839    0.4080   -7827.5420  0.3585 
   00840    0.4060   -7848.5444  0.3541 
   00841    0.3996   -7809.4816  0.3505 
   00842    0.4024   -7764.0356  0.3436 
   00843    0.4124   -7743.0164  0.3408 
   00844    0.3988   -7703.1885  0.3377 
   00845    0.4108   -7725.5352  0.3440 
   00846    0.4280   -7759.7722  0.3503 
   00847    0.4004   -7772.9843  0.3465 
   00848    0.3840   -7748.7717  0.3482 
   00849    0.3980   -7725.7157  0.3494 
   00850    0.4068   -7786.7606  0.3547 
   00851    0.3980   -7781.8711  0.3517 
   00852    0.4148   -7772.2456  0.3493 
   00853    0.4056   -7781.5105  0.3479 
   00854    0.4184   -7782.5954  0.3494 
   00855    0.3980   -7782.6483  0.3513 
   00856    0.4060   -7756.6536  0.3547 
   00857    0.3920   -7714.3939  0.3498 
   00858    0.4008   -7730.0518  0.3510 
   00859    0.4096   -7669.1833  0.3499 
   00860    0.4100   -7719.7476  0.3520 
   00861    0.4228   -7697.6170  0.3540 
   00862    0.4020   -7752.7587  0.3529 
   00863    0.3932   -7806.9490  0.3490 
   00864    0.4076   -7783.5536  0.3486 
   00865    0.4080   -7825.3529  0.3416 
   00866    0.4008   -7868.8083  0.3376 
   00867    0.4008   -7856.9140  0.3369 
   00868    0.3952   -7818.9772  0.3315 
   00869    0.3940   -7756.3980  0.3319 
   00870    0.4136   -7755.3293  0.3395 
   00871    0.3908   -7790.1362  0.3448 
   00872    0.4064   -7819.8926  0.3504 
   00873    0.3992   -7799.7483  0.3421 
   00874    0.4000   -7812.4403  0.3389 
   00875    0.4252   -7794.4464  0.3482 
   00876    0.3964   -7844.2764  0.3473 
   00877    0.4032   -7834.2520  0.3490 
   00878    0.4104   -7855.0256  0.3500 
   00879    0.3968   -7866.0839  0.3620 
   00880    0.3848   -7848.3617  0.3717 
   00881    0.3832   -7806.6081  0.3720 
   00882    0.4056   -7818.8531  0.3674 
   00883    0.3888   -7822.6431  0.3718 
   00884    0.4024   -7798.8830  0.3615 
   00885    0.4124   -7820.5952  0.3590 
   00886    0.4016   -7800.9774  0.3517 
   00887    0.4132   -7839.6121  0.3562 
   00888    0.3992   -7858.6144  0.3567 
   00889    0.3976   -7804.5050  0.3572 
   00890    0.4116   -7787.7578  0.3534 
   00891    0.3912   -7802.0090  0.3652 
   00892    0.4212   -7771.0707  0.3651 
   00893    0.3972   -7787.6989  0.3562 
   00894    0.4168   -7811.9205  0.3632 
   00895    0.3992   -7796.9278  0.3576 
   00896    0.4192   -7795.0422  0.3574 
   00897    0.4104   -7757.0376  0.3616 
   00898    0.4124   -7825.9952  0.3629 
   00899    0.3944   -7859.1821  0.3654 
   00900    0.3928   -7801.3408  0.3666 
   00901    0.3996   -7805.6240  0.3636 
   00902    0.4120   -7842.5977  0.3634 
   00903    0.3824   -7818.1856  0.3638 
   00904    0.3944   -7768.0277  0.3573 
   00905    0.3908   -7778.7881  0.3644 
   00906    0.4244   -7798.6402  0.3612 
   00907    0.4000   -7853.7468  0.3628 
   00908    0.4056   -7794.9282  0.3518 
   00909    0.3984   -7746.3858  0.3530 
   00910    0.3972   -7697.8897  0.3574 
   00911    0.4016   -7720.3090  0.3599 
   00912    0.4128   -7742.8565  0.3598 
   00913    0.4256   -7738.3147  0.3650 
   00914    0.4212   -7728.9690  0.3682 
   00915    0.4084   -7730.9914  0.3528 
   00916    0.4068   -7720.8349  0.3487 
   00917    0.4060   -7740.8867  0.3517 
   00918    0.4064   -7803.3413  0.3656 
   00919    0.3952   -7751.1561  0.3584 
   00920    0.4036   -7711.0258  0.3647 
   00921    0.4004   -7748.3702  0.3631 
   00922    0.4048   -7746.2247  0.3617 
   00923    0.4020   -7675.3128  0.3655 
   00924    0.4092   -7759.0038  0.3740 
   00925    0.3848   -7788.8646  0.3717 
   00926    0.4072   -7747.5749  0.3667 
   00927    0.3896   -7732.6405  0.3678 
   00928    0.4224   -7739.4547  0.3640 
   00929    0.3928   -7724.6257  0.3660 
   00930    0.4052   -7781.1019  0.3709 
   00931    0.4104   -7784.2558  0.3753 
   00932    0.4016   -7834.0530  0.3707 
   00933    0.4184   -7747.4130  0.3686 
   00934    0.3944   -7785.7734  0.3711 
   00935    0.3976   -7769.5579  0.3764 
   00936    0.3888   -7871.7191  0.3806 
   00937    0.3804   -7844.2108  0.3820 
   00938    0.3912   -7802.2694  0.3777 
   00939    0.3916   -7773.1848  0.3780 
   00940    0.3996   -7836.5022  0.3703 
   00941    0.4084   -7888.0419  0.3698 
   00942    0.3984   -7927.5216  0.3737 
   00943    0.3936   -7887.0987  0.3661 
   00944    0.3976   -7860.6731  0.3614 
   00945    0.4032   -7875.4143  0.3659 
   00946    0.3968   -7855.4047  0.3668 
   00947    0.4024   -7842.4428  0.3697 
   00948    0.4056   -7840.3288  0.3622 
   00949    0.4168   -7846.0138  0.3612 
   00950    0.4056   -7849.1275  0.3718 
   00951    0.3924   -7819.9709  0.3719 
   00952    0.4108   -7883.0309  0.3729 
   00953    0.3904   -7864.4619  0.3717 
   00954    0.3980   -7857.6343  0.3698 
   00955    0.4120   -7900.8046  0.3649 
   00956    0.4028   -7885.5960  0.3687 
   00957    0.4020   -7854.9457  0.3769 
   00958    0.4300   -7822.9308  0.3781 
   00959    0.3928   -7837.8035  0.3647 
   00960    0.3932   -7845.6639  0.3588 
   00961    0.3972   -7815.3586  0.3624 
   00962    0.3908   -7756.1310  0.3542 
   00963    0.4100   -7751.4763  0.3546 
   00964    0.3972   -7722.4891  0.3505 
   00965    0.3984   -7739.2144  0.3448 
   00966    0.3976   -7787.6929  0.3445 
   00967    0.4040   -7829.1842  0.3468 
   00968    0.4128   -7846.7828  0.3531 
   00969    0.3944   -7872.9560  0.3544 
   00970    0.4128   -7833.3823  0.3529 
   00971    0.4128   -7845.3061  0.3547 
   00972    0.4056   -7860.9887  0.3560 
   00973    0.3988   -7873.1400  0.3544 
   00974    0.3928   -7855.6153  0.3546 
   00975    0.4144   -7846.7728  0.3530 
   00976    0.4152   -7861.8873  0.3599 
   00977    0.4088   -7821.6008  0.3519 
   00978    0.4124   -7854.7408  0.3487 
   00979    0.4048   -7871.4234  0.3497 
   00980    0.3848   -7837.6845  0.3550 
   00981    0.4072   -7831.5165  0.3521 
   00982    0.4072   -7827.8394  0.3491 
   00983    0.4008   -7837.9851  0.3434 
   00984    0.4156   -7826.1470  0.3470 
   00985    0.4060   -7873.0460  0.3459 
   00986    0.4052   -7914.1660  0.3350 
   00987    0.4076   -7898.5568  0.3298 
   00988    0.4132   -7862.1834  0.3317 
   00989    0.4072   -7856.6655  0.3380 
   00990    0.3800   -7885.2841  0.3365 
   00991    0.3888   -7857.7828  0.3392 
   00992    0.4036   -7879.2215  0.3445 
   00993    0.4044   -7886.2156  0.3341 
   00994    0.4056   -7852.7439  0.3435 
   00995    0.4148   -7880.3830  0.3437 
   00996    0.3880   -7830.0699  0.3490 
   00997    0.4120   -7796.0255  0.3396 
   00998    0.4128   -7846.7994  0.3430 
   00999    0.3840   -7851.2561  0.3453 
   01000    0.4024   -7871.4408  0.3480 
