#=====================================================
# File created:        Tue-12-Mar-2024-at-06-51-10AM
# Size of lattice:     50x50
# Number of MC steps:  1000
# Reduced temperature: 0.650
# Run time (s):        1.326442
#=====================================================
# MC step:  Ratio:     Energy:   Order:
#=====================================================
   00000    0.5000   -2397.3026  0.2549 
   00001    0.6904   -3791.1552  0.2632 
   00002    0.6092   -4484.6057  0.2652 
   00003    0.5804   -4974.2172  0.2612 
   00004    0.5404   -5281.5218  0.2673 
   00005    0.5156   -5504.0778  0.2700 
   00006    0.5044   -5715.6530  0.2814 
   00007    0.5048   -5863.6891  0.2668 
   00008    0.4976   -5960.1555  0.2632 
   00009    0.4960   -6085.7041  0.2665 
   00010    0.4900   -6212.8117  0.2595 
   00011    0.4724   -6262.4913  0.2644 
   00012    0.4600   -6342.6868  0.2574 
   00013    0.4860   -6464.1265  0.2597 
   00014    0.4584   -6516.7185  0.2813 
   00015    0.4708   -6626.5705  0.2723 
   00016    0.4596   -6650.4386  0.2668 
   00017    0.4640   -6726.6185  0.2728 
   00018    0.4560   -6707.9220  0.2677 
   00019    0.4432   -6732.8859  0.2666 
   00020    0.4616   -6730.3331  0.2776 
   00021    0.4696   -6752.5223  0.2750 
   00022    0.4392   -6742.3767  0.2797 
   00023    0.4428   -6786.2208  0.2877 
   00024    0.4524   -6786.1658  0.2866 
   00025    0.4356   -6746.3586  0.2828 
   00026    0.4572   -6819.7024  0.2787 
   00027    0.4600   -6761.6999  0.2911 
   00028    0.4596   -6861.3340  0.2939 
   00029    0.4444   -6863.9752  0.2976 
   00030    0.4576   -6856.9249  0.2942 
   00031    0.4424   -6941.1618  0.2880 
   00032    0.4504   -6943.7390  0.2868 
   00033    0.4484   -6985.5893  0.2883 
   00034    0.4420   -7021.5260  0.2939 
   00035    0.4376   -6967.6216  0.2954 
   00036    0.4416   -7007.1279  0.3035 
   00037    0.4444   -7075.1437  0.3049 
   00038    0.4292   -7073.5927  0.3156 
   00039    0.4416   -7125.9134  0.3154 
   00040    0.4280   -7133.2474  0.3087 
   00041    0.4240   -7164.9309  0.3055 
   00042    0.4272   -7208.2815  0.3087 
   00043    0.4456   -7233.6448  0.3135 
   00044    0.4380   -7217.9662  0.3181 
   00045    0.4248   -7208.6715  0.3152 
   00046    0.4268   -7201.9020  0.3175 
   00047    0.4396   -7192.1396  0.3184 
   00048    0.4320   -7243.1350  0.3158 
   00049    0.4260   -7224.0953  0.3117 
   00050    0.4264   -7210.6056  0.3032 
   00051    0.4156   -7210.1621  0.3050 
   00052    0.4288   -7243.8484  0.3150 
   00053    0.4192   -7314.7229  0.3225 
   00054    0.3996   -7374.6372  0.3287 
   00055    0.4156   -7363.9274  0.3283 
   00056    0.4164   -7323.3128  0.3294 
   00057    0.4496   -7350.1018  0.3251 
   00058    0.4224   -7316.7347  0.3339 
   00059    0.4208   -7333.5367  0.3387 
   00060    0.4200   -7387.6162  0.3388 
   00061    0.4228   -7365.6906  0.3406 
   00062    0.4220   -7386.8580  0.3388 
   00063    0.4296   -7367.3194  0.3363 
   00064    0.4068   -7396.2793  0.3398 
   00065    0.4136   -7359.3285  0.3355 
   00066    0.4088   -7338.0500  0.3334 
   00067    0.4108   -7313.6231  0.3243 
   00068    0.4112   -7333.4143  0.3261 
   00069    0.4204   -7394.5400  0.3344 
   00070    0.3868   -7367.3214  0.3274 
   00071    0.4364   -7417.7383  0.3424 
   00072    0.4188   -7317.2539  0.3375 
   00073    0.4292   -7379.6436  0.3412 
   00074    0.4160   -7314.6003  0.3356 
   00075    0.4248   -7299.2918  0.3269 
   00076    0.4380   -7327.6013  0.3347 
   00077    0.4340   -7281.7566  0.3378 
   00078    0.4124   -7353.8763  0.3526 
   00079    0.4188   -7345.0263  0.3551 
   00080    0.4276   -7348.7521  0.3557 
   00081    0.4248   -7333.5251  0.3670 
   00082    0.4124   -7309.8898  0.3774 
   00083    0.4312   -7366.8159  0.3781 
   00084    0.4340   -7381.6502  0.3805 
   00085    0.4280   -7323.1215  0.3794 
   00086    0.4180   -7293.4946  0.3789 
   00087    0.4320   -7352.7076  0.3847 
   00088    0.4108   -7433.9443  0.3872 
   00089    0.4316   -7420.6489  0.3857 
   00090    0.4368   -7434.7773  0.3863 
   00091    0.4272   -7393.8848  0.3699 
   00092    0.4224   -7416.3156  0.3675 
   00093    0.4172   -7410.6281  0.3656 
   00094    0.4044   -7388.9999  0.3716 
   00095    0.4308   -7378.0375  0.3735 
   00096    0.4288   -7389.6869  0.3680 
   00097    0.4156   -7402.7910  0.3674 
   00098    0.4192   -7421.6018  0.3629 
   00099    0.4212   -7440.0809  0.3583 
   00100    0.4068   -7464.4434  0.3560 
   00101    0.4168   -7445.8721  0.3591 
   00102    0.4204   -7454.2176  0.3594 
   00103    0.4188   -7463.8455  0.3625 
   00104    0.4116   -7494.6580  0.3610 
   00105    0.4144   -7463.7846  0.3580 
   00106    0.4024   -7491.2315  0.3576 
   00107    0.4344   -7463.0027  0.3585 
   00108    0.4180   -7525.6678  0.3536 
   00109    0.4068   -7508.8546  0.3641 
   00110    0.4260   -7479.3330  0.3656 
   00111    0.4188   -7445.8148  0.3711 
   00112    0.4316   -7511.6144  0.3700 
   00113    0.4232   -7538.6808  0.3743 
   00114    0.3972   -7503.8512  0.3734 
   00115    0.4220   -7489.5351  0.3784 
   00116    0.4008   -7488.2765  0.3782 
   00117    0.4128   -7496.5385  0.3847 
   00118    0.4172   -7473.2098  0.3760 
   00119    0.4288   -7435.3440  0.3808 
   00120    0.4328   -7417.3499  0.3903 
   00121    0.4172   -7522.0032  0.3858 
   00122    0.4148   -7518.0448  0.3750 
   00123    0.4280   -7464.8833  0.3820 
   00124    0.4252   -7457.3315  0.3814 
   00125    0.4036   -7452.7566  0.3832 
   00126    0.4164   -7421.1923  0.3728 
   00127    0.4272   -7414.9306  0.3794 
   00128    0.4136   -7486.8701  0.3812 
   00129    0.4296   -7462.7034  0.3769 
   00130    0.4316   -7456.4503  0.3876 
   00131    0.4056   -7441.5785  0.3969 
   00132    0.4192   -7488.9828  0.3934 
   00133    0.4104   -7413.6128  0.3879 
   00134    0.4212   -7478.1874  0.3885 
   00135    0.4280   -7509.3500  0.3941 
   00136    0.4040   -7499.3543  0.3965 
   00137    0.4072   -7495.1536  0.3968 
   00138    0.4220   -7446.7204  0.3998 
   00139    0.4008   -7497.8618  0.3973 
   00140    0.4232   -7513.1294  0.3963 
   00141    0.4152   -7458.1429  0.3951 
   00142    0.4056   -7489.3657  0.3954 
   00143    0.4168   -7446.0257  0.4028 
   00144    0.4188   -7464.0344  0.4008 
   00145    0.4028   -7457.9609  0.3969 
   00146    0.4176   -7501.2054  0.3970 
   00147    0.4204   -7500.3793  0.3923 
   00148    0.4280   -7477.0595  0.3877 
   00149    0.3904   -7458.7265  0.3908 
   00150    0.4192   -7435.1050  0.3909 
   00151    0.4272   -7462.0246  0.3937 
   00152    0.4304   -7450.8948  0.3889 
   00153    0.4088   -7548.9205  0.3839 
   00154    0.4088   -7511.4156  0.3843 
   00155    0.4112   -7489.4065  0.3956 
   00156    0.4288   -7544.2411  0.3901 
   00157    0.4236   -7552.8552  0.3944 
   00158    0.4064   -7503.5601  0.3930 
   00159    0.4108   -7507.0693  0.3917 
   00160    0.4228   -7510.8659  0.3879 
   00161    0.4436   -7450.8108  0.3899 
   00162    0.4184   -7464.8887  0.3899 
   00163    0.4112   -7517.3988  0.3891 
   00164    0.4244   -7528.8875  0.3867 
   00165    0.4128   -7553.3174  0.3894 
   00166    0.4256   -7566.1972  0.3933 
   00167    0.4104   -7558.8452  0.3873 
   00168    0.4300   -7537.9592  0.3899 
   00169    0.4308   -7506.5399  0.3848 
   00170    0.4148   -7552.1205  0.3916 
   00171    0.4164   -7530.9086  0.3904 
   00172    0.4252   -7589.3706  0.3915 
   00173    0.4228   -7560.0419  0.3850 
   00174    0.4088   -7550.9834  0.3790 
   00175    0.4104   -7501.2830  0.3784 
   00176    0.4292   -7477.9214  0.3752 
   00177    0.4260   -7499.9635  0.3756 
   00178    0.4156   -7512.0868  0.3766 
   00179    0.4180   -7478.2513  0.3720 
   00180    0.4168   -7518.7476  0.3635 
   00181    0.4016   -7479.8695  0.3684 
   00182    0.4300   -7543.3058  0.3717 
   00183    0.4140   -7542.9984  0.3774 
   00184    0.4200   -7552.9463  0.3788 
   00185    0.4208   -7548.9895  0.3869 
   00186    0.4184   -7548.3364  0.3870 
   00187    0.4040   -7494.8889  0.3855 
   00188    0.4228   -7487.3611  0.3775 
   00189    0.4100   -7530.1991  0.3774 
   00190    0.4268   -7556.5718  0.3779 
   00191    0.4148   -7518.5599  0.3857 
   00192    0.4084   -7520.0275  0.3882 
   00193    0.4004   -7564.6415  0.3901 
   00194    0.4232   -7517.8942  0.3917 
   00195    0.4088   -7562.8071  0.3853 
   00196    0.4032   -7573.7661  0.3891 
   00197    0.4216   -7564.9927  0.3922 
   00198    0.4092   -7592.3743  0.3951 
   00199    0.4212   -7546.3312  0.3983 
   00200    0.4080   -7506.0627  0.3945 
   00201    0.4084   -7506.8167  0.3985 
   00202    0.4156   -7486.8171  0.3834 
   00203    0.4144   -7533.7119  0.3863 
   00204    0.4140   -7541.3540  0.3874 
   00205    0.3932   -7509.6991  0.3901 
   00206    0.4056   -7580.5634  0.3926 
   00207    0.4196   -7595.2286  0.3984 
   00208    0.4132   -7572.5193  0.3995 
   00209    0.4068   -7520.6208  0.3974 
   00210    0.4448   -7449.7489  0.3949 
   00211    0.4108   -7416.7799  0.3887 
   00212    0.4272   -7466.4988  0.3902 
   00213    0.4280   -7475.7147  0.3964 
   00214    0.4172   -7503.2300  0.3895 
   00215    0.4224   -7507.0798  0.3944 
   00216    0.4056   -7462.0427  0.3864 
   00217    0.4072   -7490.5144  0.3838 
   00218    0.4152   -7511.7572  0.3890 
   00219    0.4140   -7563.5936  0.3976 
   00220    0.4064   -7578.2971  0.3968 
   00221    0.3920   -7574.5418  0.4010 
   00222    0.4224   -7517.4326  0.4142 
   00223    0.4248   -7554.4104  0.4143 
   00224    0.4156   -7594.2846  0.4050 
   00225    0.4140   -7538.3913  0.4085 
   00226    0.4232   -7530.0976  0.4132 
   00227    0.4104   -7523.8715  0.4114 
   00228    0.4284   -7510.8104  0.4111 
   00229    0.4092   -7494.2111  0.4127 
   00230    0.4144   -7515.5135  0.4095 
   00231    0.4300   -7505.1530  0.4045 
   00232    0.4180   -7464.9004  0.4010 
   00233    0.4156   -7487.5167  0.3957 
   00234    0.4252   -7492.4225  0.3859 
   00235    0.4332   -7482.3315  0.3806 
   00236    0.4200   -7508.0107  0.3877 
   00237    0.4148   -7478.6508  0.3870 
   00238    0.4144   -7544.1128  0.3838 
   00239    0.4224   -7480.8514  0.3833 
   00240    0.4272   -7543.9823  0.3881 
   00241    0.4312   -7563.6028  0.3948 
   00242    0.4300   -7529.1079  0.3944 
   00243    0.4080   -7504.0163  0.3918 
   00244    0.4224   -7516.7312  0.3922 
   00245    0.4120   -7581.8193  0.3948 
   00246    0.4108   -7546.8618  0.3967 
   00247    0.4120   -7501.4845  0.4039 
   00248    0.4052   -7490.7406  0.4089 
   00249    0.4132   -7475.9896  0.4101 
   00250    0.4348   -7476.3175  0.4094 
   00251    0.4248   -7477.5700  0.4071 
   00252    0.4024   -7508.9628  0.4011 
   00253    0.4224   -7425.9486  0.4102 
   00254    0.3984   -7472.8430  0.4139 
   00255    0.4232   -7511.3747  0.4141 
   00256    0.4168   -7510.3039  0.4157 
   00257    0.4152   -7527.4224  0.4218 
   00258    0.4216   -7558.2901  0.4202 
   00259    0.4128   -7582.0730  0.4139 
   00260    0.4020   -7597.2925  0.4165 
   00261    0.4088   -7585.5253  0.4171 
   00262    0.4168   -7604.1956  0.4287 
   00263    0.4156   -7543.3809  0.4188 
   00264    0.4136   -7595.6278  0.4170 
   00265    0.4200   -7577.0646  0.4243 
   00266    0.4276   -7551.5176  0.4207 
   00267    0.4192   -7527.8547  0.4146 
   00268    0.4332   -7550.1581  0.4180 
   00269    0.4260   -7553.8378  0.4155 
   00270    0.4100   -7570.6679  0.4110 
   00271    0.3892   -7573.8637  0.4037 
   00272    0.4216   -7584.3088  0.4023 
   00273    0.4060   -7586.8713  0.4085 
   00274    0.4044   -7549.5976  0.4043 
   00275    0.4212   -7529.8767  0.4025 
   00276    0.4156   -7503.2993  0.4029 
   00277    0.4224   -7481.9712  0.4027 
   00278    0.4292   -7536.3061  0.3974 
   00279    0.4124   -7504.2611  0.4024 
   00280    0.4300   -7455.2073  0.4020 
   00281    0.4300   -7502.8108  0.3969 
   00282    0.4084   -7474.4288  0.4065 
   00283    0.4344   -7527.7016  0.4052 
   00284    0.4220   -7449.3528  0.4049 
   00285    0.4172   -7474.4615  0.4098 
   00286    0.4308   -7392.4649  0.3996 
   00287    0.4184   -7438.6505  0.3957 
   00288    0.4200   -7404.0456  0.4002 
   00289    0.4152   -7404.7941  0.4057 
   00290    0.4264   -7435.5504  0.4091 
   00291    0.4204   -7484.7579  0.4141 
   00292    0.3988   -7470.6592  0.4183 
   00293    0.4240   -7466.6818  0.4115 
   00294    0.4156   -7483.6587  0.4125 
   00295    0.4228   -7521.7818  0.4080 
   00296    0.4156   -7620.7151  0.4051 
   00297    0.4172   -7600.2095  0.4085 
   00298    0.4160   -7537.7639  0.3996 
   00299    0.4268   -7550.5491  0.3961 
   00300    0.4120   -7566.4318  0.4016 
   00301    0.4192   -7515.5643  0.4035 
   00302    0.3996   -7547.7397  0.3979 
   00303    0.4192   -7494.9450  0.4057 
   00304    0.4160   -7508.8928  0.3976 
   00305    0.4196   -7513.5241  0.3982 
   00306    0.4328   -7498.4326  0.3937 
   00307    0.4180   -7550.2886  0.3983 
   00308    0.4052   -7516.8672  0.3881 
   00309    0.4288   -7526.0274  0.3944 
   00310    0.4024   -7505.5538  0.3990 
   00311    0.4068   -7518.7252  0.3983 
   00312    0.4352   -7491.2445  0.3981 
   00313    0.4252   -7518.6931  0.3989 
   00314    0.4340   -7535.6534  0.4040 
   00315    0.4244   -7573.9593  0.4090 
   00316    0.4052   -7547.3087  0.4034 
   00317    0.4100   -7563.1093  0.3981 
   00318    0.4080   -7456.6935  0.3947 
   00319    0.4076   -7485.3377  0.4031 
   00320    0.4096   -7449.4093  0.4093 
   00321    0.4196   -7478.7438  0.4051 
   00322    0.4124   -7538.3825  0.4106 
   00323    0.4156   -7509.0508  0.3987 
   00324    0.4360   -7494.5405  0.4016 
   00325    0.4212   -7585.1038  0.3988 
   00326    0.4276   -7606.2703  0.4031 
   00327    0.4272   -7579.3191  0.3984 
   00328    0.4228   -7549.6718  0.4051 
   00329    0.4156   -7483.7989  0.3971 
   00330    0.4048   -7512.8470  0.4052 
   00331    0.4168   -7496.8188  0.4021 
   00332    0.4144   -7461.8566  0.3994 
   00333    0.4076   -7533.4464  0.4000 
   00334    0.4316   -7521.3885  0.3999 
   00335    0.4196   -7478.5426  0.4038 
   00336    0.3976   -7478.4490  0.4081 
   00337    0.4056   -7502.8747  0.4152 
   00338    0.4160   -7577.8826  0.4150 
   00339    0.4164   -7567.7074  0.4214 
   00340    0.4108   -7588.1914  0.4265 
   00341    0.4064   -7612.1282  0.4301 
   00342    0.4136   -7623.2859  0.4245 
   00343    0.4052   -7568.3861  0.4307 
   00344    0.4168   -7599.6755  0.4312 
   00345    0.4084   -7618.9530  0.4348 
   00346    0.3952   -7599.3046  0.4368 
   00347    0.4220   -7522.4291  0.4394 
   00348    0.4044   -7558.4017  0.4334 
   00349    0.4252   -7500.4663  0.4222 
   00350    0.4412   -7539.6050  0.4272 
   00351    0.3940   -7552.9104  0.4336 
   00352    0.3896   -7485.3615  0.4249 
   00353    0.4224   -7528.7471  0.4336 
   00354    0.4116   -7544.6630  0.4408 
   00355    0.4024   -7603.1569  0.4420 
   00356    0.4296   -7608.3471  0.4374 
   00357    0.3900   -7621.5849  0.4382 
   00358    0.4120   -7615.2034  0.4334 
   00359    0.4292   -7618.2432  0.4331 
   00360    0.4040   -7571.2722  0.4327 
   00361    0.4064   -7513.2260  0.4336 
   00362    0.4088   -7524.8551  0.4359 
   00363    0.4380   -7503.8256  0.4318 
   00364    0.4152   -7548.6890  0.4355 
   00365    0.4112   -7551.7520  0.4325 
   00366    0.4188   -7566.1987  0.4253 
   00367    0.4180   -7532.2835  0.4188 
   00368    0.4148   -7554.6498  0.4174 
   00369    0.4248   -7609.8215  0.4128 
   00370    0.3964   -7601.1093  0.4130 
   00371    0.4208   -7605.7513  0.4097 
   00372    0.4032   -7573.8100  0.4133 
   00373    0.4176   -7566.9724  0.4097 
   00374    0.4052   -7576.1713  0.4144 
   00375    0.4212   -7580.2810  0.4047 
   00376    0.4116   -7539.4917  0.4068 
   00377    0.3992   -7512.8967  0.4091 
   00378    0.4224   -7455.6808  0.4083 
   00379    0.4116   -7467.3947  0.4116 
   00380    0.4004   -7537.2784  0.4085 
   00381    0.4184   -7500.4348  0.4067 
   00382    0.4108   -7539.7536  0.4066 
   00383    0.4264   -7469.1762  0.4072 
   00384    0.4212   -7491.4260  0.4131 
   00385    0.4080   -7530.8469  0.4080 
   00386    0.4032   -7527.0486  0.4093 
   00387    0.4144   -7538.0168  0.4143 
   00388    0.4280   -7549.8232  0.4198 
   00389    0.4132   -7547.8533  0.4101 
   00390    0.4168   -7565.7837  0.4155 
   00391    0.4112   -7589.9398  0.4220 
   00392    0.4228   -7674.9968  0.4319 
   00393    0.3952   -7720.5005  0.4274 
   00394    0.4088   -7643.9769  0.4278 
   00395    0.4184   -7613.1873  0.4288 
   00396    0.4052   -7635.4751  0.4216 
   00397    0.4212   -7600.4447  0.4185 
   00398    0.4052   -7573.3244  0.4230 
   00399    0.3976   -7510.0424  0.4227 
   00400    0.4212   -7534.0285  0.4287 
   00401    0.4140   -7545.0002  0.4351 
   00402    0.4196   -7578.7919  0.4284 
   00403    0.4120   -7569.9663  0.4375 
   00404    0.3972   -7561.7907  0.4411 
   00405    0.4164   -7594.8714  0.4420 
   00406    0.4184   -7562.9614  0.4427 
   00407    0.4172   -7543.0823  0.4421 
   00408    0.4260   -7505.7022  0.4374 
   00409    0.4072   -7528.1669  0.4377 
   00410    0.4128   -7533.8558  0.4408 
   00411    0.4192   -7505.4211  0.4303 
   00412    0.4288   -7557.8206  0.4310 
   00413    0.4128   -7598.0259  0.4234 
   00414    0.4152   -7549.3681  0.4220 
   00415    0.4080   -7551.9439  0.4196 
   00416    0.4348   -7516.2736  0.4101 
   00417    0.4296   -7486.7550  0.4127 
   00418    0.4216   -7485.2770  0.4142 
   00419    0.4240   -7538.6124  0.4112 
   00420    0.4272   -7557.5291  0.4097 
   00421    0.4084   -7476.6080  0.4075 
   00422    0.4156   -7486.2321  0.4054 
   00423    0.4280   -7516.4047  0.4104 
   00424    0.4064   -7529.3072  0.4140 
   00425    0.4212   -7546.4603  0.4205 
   00426    0.4176   -7512.8225  0.4177 
   00427    0.4100   -7537.6544  0.4102 
   00428    0.4000   -7505.5272  0.4066 
   00429    0.4076   -7486.3219  0.4016 
   00430    0.4316   -7538.9680  0.3943 
   00431    0.4184   -7510.1236  0.3914 
   00432    0.4212   -7481.5113  0.3882 
   00433    0.4144   -7441.6063  0.3945 
   00434    0.4176   -7492.5686  0.3937 
   00435    0.4208   -7506.9525  0.3992 
   00436    0.4212   -7536.0936  0.3928 
   00437    0.4060   -7520.8106  0.3980 
   00438    0.4120   -7551.5721  0.3986 
   00439    0.4092   -7595.1784  0.3978 
   00440    0.4060   -7614.8849  0.4018 
   00441    0.4124   -7592.3028  0.3965 
   00442    0.3892   -7615.5309  0.4010 
   00443    0.3956   -7612.2938  0.3968 
   00444    0.4000   -7628.6737  0.3996 
   00445    0.4072   -7629.5389  0.4000 
   00446    0.4052   -7690.6718  0.4031 
   00447    0.4024   -7672.6561  0.3951 
   00448    0.4024   -7650.8995  0.3906 
   00449    0.4188   -7638.6803  0.3872 
   00450    0.3960   -7564.1429  0.3876 
   00451    0.4180   -7561.5751  0.3891 
   00452    0.4336   -7598.1438  0.3841 
   00453    0.4128   -7585.9833  0.3883 
   00454    0.4120   -7591.2564  0.3849 
   00455    0.4136   -7561.2432  0.3895 
   00456    0.4048   -7559.8087  0.3911 
   00457    0.3924   -7537.0655  0.3920 
   00458    0.3996   -7578.4097  0.3959 
   00459    0.4112   -7561.2854  0.3944 
   00460    0.4240   -7565.2848  0.3921 
   00461    0.4200   -7490.8413  0.3807 
   00462    0.4248   -7495.7110  0.3788 
   00463    0.4104   -7540.9288  0.3731 
   00464    0.4084   -7517.2084  0.3711 
   00465    0.4076   -7522.1079  0.3684 
   00466    0.4236   -7579.1697  0.3737 
   00467    0.4040   -7569.4338  0.3690 
   00468    0.4064   -7566.0112  0.3672 
   00469    0.4232   -7640.3798  0.3608 
   00470    0.4200   -7607.9978  0.3624 
   00471    0.4120   -7597.2974  0.3615 
   00472    0.4020   -7547.4252  0.3666 
   00473    0.4024   -7522.4674  0.3703 
   00474    0.4184   -7482.9778  0.3631 
   00475    0.4108   -7462.3718  0.3609 
   00476    0.4236   -7528.8320  0.3641 
   00477    0.4284   -7547.7738  0.3687 
   00478    0.4008   -7582.4518  0.3732 
   00479    0.4040   -7566.4157  0.3806 
   00480    0.4164   -7621.6785  0.3810 
   00481    0.4176   -7676.7193  0.3772 
   00482    0.4060   -7620.7401  0.3691 
   00483    0.4132   -7638.4982  0.3709 
   00484    0.3888   -7505.1749  0.3672 
   00485    0.4060   -7591.9202  0.3712 
   00486    0.4188   -7506.8574  0.3655 
   00487    0.4172   -7537.5474  0.3621 
   00488    0.4144   -7578.7693  0.3605 
   00489    0.4040   -7604.4834  0.3565 
   00490    0.4172   -7592.6905  0.3589 
   00491    0.4212   -7558.9762  0.3560 
   00492    0.4236   -7525.0073  0.3586 
   00493    0.4144   -7517.9095  0.3520 
   00494    0.4300   -7508.3817  0.3532 
   00495    0.4192   -7526.2599  0.3534 
   00496    0.4140   -7520.3593  0.3523 
   00497    0.3964   -7554.6566  0.3594 
   00498    0.4140   -7495.1274  0.3525 
   00499    0.4328   -7507.5649  0.3635 
   00500    0.4080   -7533.1203  0.3618 
   00501    0.4028   -7583.3495  0.3616 
   00502    0.4072   -7647.8020  0.3746 
   00503    0.4240   -7610.6022  0.3803 
   00504    0.4196   -7674.5707  0.3936 
   00505    0.4136   -7661.5287  0.3874 
   00506    0.4212   -7646.7676  0.3858 
   00507    0.3968   -7636.1935  0.3768 
   00508    0.4188   -7586.6339  0.3843 
   00509    0.4024   -7577.8464  0.3849 
   00510    0.4104   -7638.5278  0.3874 
   00511    0.4160   -7626.4062  0.3895 
   00512    0.4196   -7581.2045  0.3838 
   00513    0.4028   -7587.7852  0.3843 
   00514    0.3984   -7598.6032  0.3843 
   00515    0.4312   -7571.1631  0.3929 
   00516    0.4164   -7582.7704  0.3984 
   00517    0.4112   -7611.8905  0.3957 
   00518    0.3960   -7614.4598  0.4005 
   00519    0.4192   -7597.6655  0.3961 
   00520    0.4220   -7577.1968  0.3927 
   00521    0.4136   -7597.4006  0.3930 
   00522    0.4084   -7579.2906  0.3952 
   00523    0.4140   -7616.1121  0.3974 
   00524    0.4060   -7596.7501  0.3961 
   00525    0.4144   -7491.6530  0.3960 
   00526    0.4368   -7467.6044  0.3967 
   00527    0.4192   -7527.5476  0.4050 
   00528    0.4200   -7538.4343  0.4053 
   00529    0.4216   -7531.6584  0.4067 
   00530    0.4040   -7568.9120  0.4001 
   00531    0.3980   -7595.1651  0.3970 
   00532    0.4056   -7626.4189  0.4002 
   00533    0.4188   -7525.2417  0.4014 
   00534    0.4020   -7516.7682  0.4109 
   00535    0.4208   -7535.3320  0.4229 
   00536    0.4172   -7543.2040  0.4221 
   00537    0.4024   -7541.0043  0.4249 
   00538    0.4248   -7512.5950  0.4151 
   00539    0.4172   -7502.4571  0.4126 
   00540    0.4024   -7531.4477  0.4040 
   00541    0.4104   -7549.4659  0.4022 
   00542    0.4092   -7559.7325  0.3992 
   00543    0.4216   -7558.8227  0.3972 
   00544    0.4208   -7584.6512  0.3914 
   00545    0.4132   -7559.0969  0.3948 
   00546    0.4180   -7549.5315  0.4044 
   00547    0.4120   -7590.7319  0.4078 
   00548    0.4200   -7599.2117  0.4141 
   00549    0.4084   -7559.1696  0.4091 
   00550    0.4284   -7545.6087  0.4094 
   00551    0.4208   -7536.8786  0.4107 
   00552    0.4272   -7583.8452  0.4140 
   00553    0.4224   -7555.9152  0.4113 
   00554    0.4240   -7534.1750  0.4145 
   00555    0.4108   -7506.8378  0.4121 
   00556    0.3884   -7540.6081  0.4134 
   00557    0.4068   -7634.6418  0.4169 
   00558    0.4016   -7600.6822  0.4155 
   00559    0.4196   -7603.4685  0.4126 
   00560    0.4284   -7545.1565  0.4105 
   00561    0.4196   -7514.9519  0.4037 
   00562    0.4220   -7567.9557  0.4035 
   00563    0.4176   -7565.2276  0.3987 
   00564    0.4120   -7531.9759  0.3987 
   00565    0.4240   -7548.1768  0.3998 
   00566    0.4284   -7586.6613  0.3997 
   00567    0.4104   -7564.8659  0.3965 
   00568    0.4088   -7555.0250  0.3966 
   00569    0.4100   -7580.4111  0.4031 
   00570    0.3952   -7546.8754  0.4019 
   00571    0.4204   -7530.0980  0.4028 
   00572    0.4272   -7516.4574  0.4045 
   00573    0.4224   -7552.4830  0.4083 
   00574    0.4184   -7596.5371  0.4124 
   00575    0.4164   -7546.3481  0.4163 
   00576    0.4088   -7544.6404  0.4192 
   00577    0.4184   -7519.8890  0.4153 
   00578    0.4296   -7502.7054  0.4180 
   00579    0.4180   -7523.7650  0.4077 
   00580    0.4200   -7560.1119  0.4054 
   00581    0.4276   -7539.5846  0.4041 
   00582    0.4008   -7482.6637  0.4067 
   00583    0.4176   -7522.1361  0.3996 
   00584    0.4008   -7486.9657  0.3958 
   00585    0.4120   -7483.0446  0.3953 
   00586    0.4244   -7499.1203  0.3947 
   00587    0.4228   -7477.2956  0.3939 
   00588    0.4208   -7383.5692  0.3938 
   00589    0.4204   -7341.3792  0.3928 
   00590    0.4348   -7312.0779  0.3936 
   00591    0.4116   -7381.3336  0.4013 
   00592    0.4132   -7430.7029  0.3945 
   00593    0.4332   -7496.2244  0.3944 
   00594    0.4120   -7455.6085  0.3990 
   00595    0.4340   -7460.3611  0.4072 
   00596    0.4152   -7488.7451  0.4082 
   00597    0.4272   -7507.5099  0.4030 
   00598    0.4232   -7532.5327  0.4032 
   00599    0.4232   -7482.0675  0.4036 
   00600    0.4068   -7503.4439  0.3960 
   00601    0.4172   -7487.2750  0.4057 
   00602    0.4308   -7516.0827  0.3993 
   00603    0.4212   -7463.4052  0.3956 
   00604    0.4172   -7450.9911  0.3996 
   00605    0.4060   -7494.5968  0.3969 
   00606    0.4064   -7489.2512  0.3955 
   00607    0.4136   -7547.4500  0.4015 
   00608    0.4072   -7574.1267  0.3990 
   00609    0.4140   -7562.4565  0.3891 
   00610    0.4320   -7561.2217  0.3898 
   00611    0.3960   -7501.5719  0.3882 
   00612    0.4080   -7580.1288  0.3904 
   00613    0.4072   -7554.6396  0.3913 
   00614    0.4304   -7571.2589  0.3847 
   00615    0.4360   -7512.9999  0.3878 
   00616    0.4000   -7514.8261  0.3837 
   00617    0.4280   -7498.5437  0.3928 
   00618    0.4024   -7518.6656  0.3850 
   00619    0.4116   -7493.0364  0.3742 
   00620    0.4168   -7551.6709  0.3745 
   00621    0.4140   -7600.6413  0.3717 
   00622    0.4068   -7579.9966  0.3702 
   00623    0.4108   -7622.7637  0.3850 
   00624    0.4116   -7630.0200  0.3858 
   00625    0.4120   -7558.6748  0.3894 
   00626    0.4080   -7583.5948  0.3938 
   00627    0.4200   -7574.4777  0.3820 
   00628    0.3892   -7597.1279  0.3809 
   00629    0.4284   -7557.6097  0.3762 
   00630    0.4240   -7532.0143  0.3846 
   00631    0.4216   -7526.6036  0.3885 
   00632    0.4204   -7501.0202  0.3883 
   00633    0.4208   -7519.9745  0.3902 
   00634    0.4164   -7514.9934  0.3943 
   00635    0.4268   -7522.8555  0.3934 
   00636    0.4356   -7579.5776  0.3880 
   00637    0.4040   -7602.7970  0.3911 
   00638    0.4168   -7574.7247  0.3993 
   00639    0.3988   -7497.8900  0.3978 
   00640    0.4096   -7520.9592  0.3985 
   00641    0.4052   -7543.7692  0.3943 
   00642    0.4108   -7539.2986  0.3921 
   00643    0.4316   -7514.7256  0.3963 
   00644    0.4088   -7612.7513  0.4025 
   00645    0.4244   -7639.6869  0.4004 
   00646    0.4168   -7628.7926  0.4012 
   00647    0.4064   -7608.6083  0.3964 
   00648    0.4044   -7586.9868  0.3919 
   00649    0.4152   -7591.7600  0.3985 
   00650    0.3992   -7575.5511  0.3973 
   00651    0.4200   -7539.7787  0.4026 
   00652    0.4000   -7575.3086  0.4038 
   00653    0.4088   -7559.2823  0.4077 
   00654    0.4048   -7522.9260  0.4012 
   00655    0.4056   -7498.2774  0.4006 
   00656    0.4128   -7484.3699  0.4045 
   00657    0.4152   -7490.1786  0.4167 
   00658    0.4184   -7452.6838  0.4116 
   00659    0.4080   -7469.4330  0.4105 
   00660    0.4132   -7500.9274  0.4036 
   00661    0.4028   -7494.6052  0.4094 
   00662    0.4140   -7450.9174  0.4085 
   00663    0.4032   -7500.6364  0.4174 
   00664    0.4244   -7411.3811  0.4106 
   00665    0.3964   -7503.4911  0.4155 
   00666    0.4304   -7432.8314  0.4103 
   00667    0.4228   -7447.7223  0.4198 
   00668    0.4128   -7542.3044  0.4227 
   00669    0.4128   -7541.1438  0.4174 
   00670    0.4096   -7549.4594  0.4160 
   00671    0.4276   -7547.9152  0.4102 
   00672    0.4276   -7574.2651  0.4070 
   00673    0.3976   -7642.7456  0.4084 
   00674    0.4300   -7600.4404  0.4019 
   00675    0.4120   -7571.5581  0.3997 
   00676    0.4024   -7562.9479  0.4041 
   00677    0.4252   -7549.7265  0.4014 
   00678    0.4152   -7583.0403  0.4049 
   00679    0.4100   -7568.1888  0.3986 
   00680    0.4092   -7498.4702  0.4011 
   00681    0.4252   -7518.9798  0.3987 
   00682    0.4076   -7513.3794  0.3983 
   00683    0.4228   -7509.7065  0.3959 
   00684    0.4076   -7508.2040  0.4031 
   00685    0.4272   -7489.0612  0.3952 
   00686    0.4160   -7527.6051  0.3957 
   00687    0.4132   -7579.3035  0.4001 
   00688    0.4072   -7594.9996  0.4017 
   00689    0.4076   -7582.3251  0.4032 
   00690    0.3968   -7552.7739  0.3961 
   00691    0.4064   -7562.6443  0.3939 
   00692    0.4036   -7553.5575  0.3859 
   00693    0.4144   -7529.9150  0.3876 
   00694    0.3960   -7501.5120  0.3877 
   00695    0.4220   -7450.2059  0.3824 
   00696    0.4276   -7485.6648  0.3948 
   00697    0.4128   -7569.4527  0.3890 
   00698    0.4256   -7595.8208  0.3931 
   00699    0.3932   -7610.4395  0.3924 
   00700    0.4108   -7624.3476  0.3941 
   00701    0.4048   -7639.6810  0.3964 
   00702    0.4124   -7608.0899  0.3981 
   00703    0.4112   -7568.9368  0.4062 
   00704    0.3996   -7589.6146  0.4114 
   00705    0.4160   -7568.0160  0.4140 
   00706    0.4136   -7595.5677  0.4146 
   00707    0.4156   -7575.3429  0.4114 
   00708    0.4224   -7575.2448  0.4069 
   00709    0.4300   -7560.2051  0.4099 
   00710    0.4212   -7596.6697  0.4100 
   00711    0.4156   -7586.9095  0.4156 
   00712    0.3940   -7643.6480  0.4159 
   00713    0.4212   -7640.4149  0.4165 
   00714    0.4052   -7662.7167  0.4122 
   00715    0.4160   -7759.9469  0.4070 
   00716    0.3980   -7825.4206  0.4118 
   00717    0.4016   -7840.6098  0.4161 
   00718    0.3980   -7837.4936  0.4268 
   00719    0.4208   -7793.4141  0.4290 
   00720    0.4100   -7788.3914  0.4265 
   00721    0.3912   -7764.1468  0.4244 
   00722    0.4176   -7834.6091  0.4263 
   00723    0.4036   -7828.7817  0.4292 
   00724    0.4080   -7788.3229  0.4327 
   00725    0.4004   -7836.0964  0.4361 
   00726    0.4116   -7885.2870  0.4370 
   00727    0.3956   -7888.0444  0.4411 
   00728    0.4020   -7845.7095  0.4422 
   00729    0.4072   -7825.2870  0.4424 
   00730    0.3888   -7809.9236  0.4433 
   00731    0.4212   -7808.1058  0.4457 
   00732    0.4140   -7819.8422  0.4504 
   00733    0.4120   -7874.1316  0.4496 
   00734    0.3928   -7806.0173  0.4480 
   00735    0.3992   -7808.8768  0.4482 
   00736    0.3956   -7854.1713  0.4455 
   00737    0.4060   -7889.6885  0.4490 
   00738    0.4000   -7888.7501  0.4437 
   00739    0.4096   -7871.1277  0.4365 
   00740    0.4192   -7859.1705  0.4381 
   00741    0.4148   -7910.4093  0.4412 
   00742    0.3984   -7901.9646  0.4479 
   00743    0.4012   -7910.6898  0.4420 
   00744    0.4052   -7904.5260  0.4398 
   00745    0.3980   -7859.4075  0.4312 
   00746    0.3980   -7905.2584  0.4315 
   00747    0.3992   -7897.7075  0.4286 
   00748    0.4008   -7848.6541  0.4321 
   00749    0.4180   -7814.4947  0.4404 
   00750    0.4008   -7823.7929  0.4397 
   00751    0.4124   -7854.5431  0.4336 
   00752    0.4016   -7831.6091  0.4335 
   00753    0.4016   -7847.3848  0.4407 
   00754    0.4040   -7836.0093  0.4424 
   00755    0.4080   -7818.0238  0.4365 
   00756    0.4004   -7845.1087  0.4339 
   00757    0.4076   -7817.3791  0.4417 
   00758    0.3984   -7807.3342  0.4383 
   00759    0.4148   -7864.5958  0.4401 
   00760    0.4032   -7872.8496  0.4399 
   00761    0.3924   -7873.9430  0.4440 
   00762    0.4232   -7786.2209  0.4365 
   00763    0.4144   -7792.7137  0.4317 
   00764    0.4064   -7809.2820  0.4330 
   00765    0.3880   -7821.5807  0.4322 
   00766    0.4032   -7826.8441  0.4289 
   00767    0.4084   -7783.6719  0.4309 
   00768    0.3904   -7845.0505  0.4266 
   00769    0.4012   -7846.1833  0.4312 
   00770    0.4104   -7864.0470  0.4354 
   00771    0.3992   -7849.7088  0.4392 
   00772    0.4048   -7833.0226  0.4278 
   00773    0.4096   -7850.2847  0.4383 
   00774    0.4004   -7860.4000  0.4445 
   00775    0.4064   -7863.8838  0.4391 
   00776    0.3876   -7753.2753  0.4327 
   00777    0.4128   -7803.1245  0.4363 
   00778    0.3828   -7847.3862  0.4348 
   00779    0.3912   -7854.4271  0.4346 
   00780    0.4048   -7832.8940  0.4321 
   00781    0.4152   -7882.4521  0.4354 
   00782    0.4068   -7875.8117  0.4338 
   00783    0.3948   -7869.4518  0.4321 
   00784    0.3888   -7838.8281  0.4362 
   00785    0.3900   -7891.7863  0.4393 
   00786    0.4016   -7942.1982  0.4367 
   00787    0.4072   -7854.5045  0.4325 
   00788    0.4024   -7858.7441  0.4409 
   00789    0.4036   -7840.6227  0.4461 
   00790    0.4212   -7877.9986  0.4445 
   00791    0.4020   -7857.6041  0.4382 
   00792    0.3996   -7906.2164  0.4386 
   00793    0.3812   -7902.6053  0.4392 
   00794    0.4032   -7865.8309  0.4385 
   00795    0.4032   -7867.1653  0.4496 
   00796    0.4108   -7872.2634  0.4512 
   00797    0.3856   -7833.2556  0.4432 
   00798    0.4044   -7855.8377  0.4495 
   00799    0.4064   -7842.4398  0.4537 
   00800    0.4152   -7848.7291  0.4546 
   00801    0.3988   -7786.7724  0.4553 
   00802    0.3984   -7780.5021  0.4655 
   00803    0.4188   -7810.1027  0.4645 
   00804    0.3988   -7836.6018  0.4634 
   00805    0.4060   -7905.4736  0.4523 
   00806    0.4020   -7887.7401  0.4465 
   00807    0.3960   -7859.9515  0.4490 
   00808    0.3832   -7927.9777  0.4446 
   00809    0.3932   -7965.0196  0.4504 
   00810    0.4084   -7933.6033  0.4516 
   00811    0.4080   -7891.9173  0.4420 
   00812    0.4060   -7892.8664  0.4486 
   00813    0.4048   -7884.3979  0.4471 
   00814    0.4360   -7834.0655  0.4458 
   00815    0.4168   -7821.8745  0.4474 
   00816    0.3868   -7816.6457  0.4541 
   00817    0.4024   -7836.0791  0.4462 
   00818    0.4024   -7865.1829  0.4477 
   00819    0.3904   -7821.8876  0.4466 
   00820    0.4016   -7797.1794  0.4466 
   00821    0.4000   -7846.8543  0.4466 
   00822    0.3972   -7840.0073  0.4454 
   00823    0.4000   -7882.8526  0.4575 
   00824    0.3840   -7912.7355  0.4585 
   00825    0.3920   -7950.8220  0.4635 
   00826    0.3916   -7939.3872  0.4572 
   00827    0.4028   -7947.9211  0.4570 
   00828    0.4056   -7908.9207  0.4603 
   00829    0.4032   -7912.5241  0.4692 
   00830    0.4060   -7867.7929  0.4715 
   00831    0.3972   -7886.3692  0.4711 
   00832    0.4088   -7917.8556  0.4726 
   00833    0.3940   -7867.5295  0.4677 
   00834    0.4060   -7858.6595  0.4808 
   00835    0.4076   -7893.7000  0.4812 
   00836    0.4028   -7915.2336  0.4866 
   00837    0.4104   -7910.4422  0.4808 
   00838    0.3948   -7927.8561  0.4778 
   00839    0.3856   -7894.3449  0.4735 
   00840    0.3972   -7923.0566  0.4715 
   00841    0.4120   -7911.9151  0.4706 
   00842    0.4140   -7962.7141  0.4705 
   00843    0.4052   -8013.8361  0.4703 
   00844    0.3988   -8012.3561  0.4695 
   00845    0.3952   -7953.7508  0.4671 
   00846    0.4080   -7994.5290  0.4655 
   00847    0.3888   -7954.5048  0.4724 
   00848    0.4244   -8024.1983  0.4823 
   00849    0.3928   -8024.8567  0.4828 
   00850    0.3992   -8038.1260  0.4860 
   00851    0.3960   -7980.9834  0.4792 
   00852    0.3872   -8009.5668  0.4784 
   00853    0.4064   -8029.5463  0.4820 
   00854    0.4132   -7952.2892  0.4875 
   00855    0.3932   -8003.1039  0.4957 
   00856    0.4148   -7980.8949  0.4934 
   00857    0.4060   -7959.8422  0.4877 
   00858    0.4084   -7980.9386  0.4902 
   00859    0.4096   -7974.6258  0.4952 
   00860    0.4100   -7977.1086  0.4982 
   00861    0.3876   -7973.3133  0.5019 
   00862    0.4216   -7931.8553  0.4975 
   00863    0.4156   -7990.3125  0.5044 
   00864    0.3920   -7952.2841  0.5004 
   00865    0.3980   -7916.3287  0.4986 
   00866    0.3988   -7932.6938  0.5027 
   00867    0.4244   -7949.8958  0.4954 
   00868    0.3956   -8010.9035  0.4967 
   00869    0.3960   -7965.1414  0.4939 
   00870    0.3960   -7942.3189  0.4901 
   00871    0.3848   -7934.8853  0.4925 
   00872    0.3948   -8010.6701  0.4968 
   00873    0.4148   -7985.3652  0.5009 
   00874    0.4060   -7933.5698  0.4961 
   00875    0.3852   -7962.6695  0.4933 
   00876    0.3972   -7989.9887  0.4895 
   00877    0.3772   -7987.8989  0.4955 
   00878    0.3884   -8029.3795  0.4939 
   00879    0.4004   -7943.6534  0.4948 
   00880    0.3924   -7956.0213  0.4880 
   00881    0.3928   -7932.9889  0.4922 
   00882    0.4116   -7969.1376  0.4995 
   00883    0.4016   -7969.6672  0.4967 
   00884    0.3916   -7947.8978  0.5002 
   00885    0.4036   -7949.9902  0.4997 
   00886    0.3988   -7943.9384  0.4991 
   00887    0.3904   -7946.1469  0.4988 
   00888    0.3824   -7956.9429  0.4996 
   00889    0.4016   -7945.0104  0.5035 
   00890    0.4232   -7904.4054  0.5006 
   00891    0.3924   -7947.1528  0.4894 
   00892    0.3772   -7941.6428  0.4859 
   00893    0.3856   -7920.3496  0.4834 
   00894    0.4136   -7828.7924  0.4827 
   00895    0.4064   -7856.8115  0.4834 
   00896    0.3884   -7934.4616  0.4851 
   00897    0.3952   -7960.7523  0.4857 
   00898    0.4120   -8009.2457  0.4857 
   00899    0.3880   -7976.7350  0.4843 
   00900    0.3896   -7963.7936  0.4831 
   00901    0.4052   -7923.0236  0.4851 
   00902    0.4024   -7965.4559  0.4851 
   00903    0.3864   -7955.1090  0.4871 
   00904    0.3984   -7896.6710  0.4877 
   00905    0.4020   -7914.7780  0.4818 
   00906    0.3872   -7896.9488  0.4862 
   00907    0.4024   -7932.2110  0.4827 
   00908    0.4128   -7952.3334  0.4862 
   00909    0.3896   -8001.7710  0.4920 
   00910    0.4032   -7979.1000  0.4923 
   00911    0.3876   -7948.7845  0.4955 
   00912    0.4128   -7962.8337  0.4988 
   00913    0.4036   -8007.0646  0.5038 
   00914    0.4060   -7989.9430  0.5006 
   00915    0.4104   -7993.6536  0.5050 
   00916    0.4016   -8010.1294  0.5096 
   00917    0.4040   -7918.0359  0.5144 
   00918    0.4120   -7889.3687  0.5155 
   00919    0.3936   -7894.5071  0.5147 
   00920    0.3816   -7942.7748  0.5150 
   00921    0.3928   -7987.7303  0.5213 
   00922    0.3980   -8017.4645  0.5205 
   00923    0.4056   -7992.6279  0.5204 
   00924    0.3844   -7953.8994  0.5212 
   00925    0.4056   -7950.5395  0.5276 
   00926    0.3812   -7926.5094  0.5260 
   00927    0.4036   -7893.2610  0.5244 
   00928    0.3952   -7932.6697  0.5243 
   00929    0.3976   -8002.5367  0.5305 
   00930    0.3984   -7945.7739  0.5277 
   00931    0.3984   -7845.4538  0.5251 
   00932    0.4196   -7894.5919  0.5207 
   00933    0.3996   -7905.2488  0.5209 
   00934    0.3956   -7814.1049  0.5149 
   00935    0.4096   -7912.0299  0.5205 
   00936    0.3972   -7894.0805  0.5188 
   00937    0.4076   -7904.9943  0.5169 
   00938    0.3892   -7867.0608  0.5169 
   00939    0.4064   -7912.5480  0.5190 
   00940    0.4060   -7923.3672  0.5168 
   00941    0.3992   -7923.3813  0.5195 
   00942    0.4272   -7918.1705  0.5112 
   00943    0.3976   -7926.9417  0.4969 
   00944    0.3980   -7966.6674  0.4934 
   00945    0.3884   -7917.6012  0.4932 
   00946    0.4044   -7897.4901  0.4980 
   00947    0.4076   -7862.3420  0.4945 
   00948    0.4028   -7915.5476  0.4931 
   00949    0.3984   -7951.3627  0.4986 
   00950    0.4156   -7945.6781  0.4995 
   00951    0.3900   -7864.9957  0.5017 
   00952    0.3940   -7913.5038  0.5008 
   00953    0.4184   -7881.3208  0.4981 
   00954    0.4112   -7912.2771  0.5035 
   00955    0.3976   -7873.4180  0.4964 
   00956    0.3984   -7942.9555  0.5070 
   00957    0.3804   -7920.0784  0.5128 
   00958    0.4140   -7892.8238  0.5122 
   00959    0.3928   -7857.8483  0.5158 
   00960    0.4144   -7897.4374  0.5159 
   00961    0.3920   -7917.0704  0.5200 
   00962    0.3900   -7975.5849  0.5264 
   00963    0.4092   -7913.1466  0.5207 
   00964    0.4164   -7949.8382  0.5247 
   00965    0.3984   -7989.8557  0.5304 
   00966    0.3936   -8009.8305  0.5358 
   00967    0.3972   -8024.1600  0.5342 
   00968    0.3964   -8031.5438  0.5326 
   00969    0.3860   -8026.0550  0.5312 
   00970    0.4064   -8012.1752  0.5329 
   00971    0.3992   -8013.4099  0.5350 
   00972    0.3804   -7978.5193  0.5355 
   00973    0.3984   -7963.4283  0.5288 
   00974    0.4088   -8002.0081  0.5325 
   00975    0.3996   -8049.5606  0.5283 
   00976    0.4136   -8003.9144  0.5302 
   00977    0.3888   -7972.3022  0.5275 
   00978    0.3908   -7983.0021  0.5246 
   00979    0.3900   -7961.7159  0.5268 
   00980    0.4020   -7939.4659  0.5232 
   00981    0.4068   -7885.4663  0.5227 
   00982    0.4060   -7895.1286  0.5214 
   00983    0.4028   -7924.0134  0.5181 
   00984    0.4220   -7923.3910  0.5158 
   00985    0.4064   -7897.2357  0.5171 
   00986    0.4076   -7932.7827  0.5162 
   00987    0.3920   -7980.3235  0.5213 
   00988    0.3940   -7968.3615  0.5234 
   00989    0.3992   -7948.5793  0.5266 
   00990    0.4060   -8002.1767  0.5231 
   00991    0.3848   -7968.5055  0.5268 
   00992    0.4024   -7972.4305  0.5150 
   00993    0.3836   -7979.2600  0.5101 
   00994    0.3992   -8002.6776  0.5116 
   00995    0.4004   -8015.6623  0.5109 
   00996    0.4060   -8017.9984  0.5135 
   00997    0.3904   -7964.9569  0.5116 
   00998    0.3908   -7913.4958  0.5101 
   00999    0.3996   -7947.7356  0.5154 
   01000    0.3960   -7978.9010  0.5182 
