#=====================================================
# File created:        Tue-12-Mar-2024-at-06-52-03AM
# Size of lattice:     50x50
# Number of MC steps:  1000
# Reduced temperature: 0.650
# Run time (s):        1.323792
#=====================================================
# MC step:  Ratio:     Energy:   Order:
#=====================================================
   00000    0.5000   -2402.3734  0.2661 
   00001    0.6848   -3755.0972  0.2610 
   00002    0.6076   -4514.6193  0.2583 
   00003    0.5724   -4980.3955  0.2597 
   00004    0.5324   -5243.3008  0.2595 
   00005    0.5136   -5546.6468  0.2707 
   00006    0.4936   -5706.1563  0.2865 
   00007    0.4908   -5892.2367  0.2897 
   00008    0.4780   -6021.6274  0.2900 
   00009    0.4884   -6181.2637  0.2984 
   00010    0.4728   -6299.1581  0.2978 
   00011    0.4804   -6462.8881  0.2999 
   00012    0.4636   -6566.1107  0.2891 
   00013    0.4664   -6560.0632  0.2951 
   00014    0.4396   -6623.7145  0.2966 
   00015    0.4456   -6752.3347  0.2996 
   00016    0.4464   -6823.9826  0.3096 
   00017    0.4156   -6835.9306  0.3008 
   00018    0.4276   -6899.2303  0.3061 
   00019    0.4360   -6998.0009  0.3149 
   00020    0.4344   -7001.3611  0.3273 
   00021    0.4512   -6972.0875  0.3302 
   00022    0.4324   -7002.9837  0.3397 
   00023    0.4368   -7032.8024  0.3403 
   00024    0.4340   -7044.9297  0.3406 
   00025    0.4404   -7071.7195  0.3472 
   00026    0.4208   -7128.3306  0.3539 
   00027    0.4468   -7136.6939  0.3628 
   00028    0.4348   -7135.4038  0.3608 
   00029    0.4328   -7195.7448  0.3624 
   00030    0.4192   -7195.2102  0.3623 
   00031    0.4196   -7144.8494  0.3611 
   00032    0.4076   -7172.1329  0.3623 
   00033    0.4280   -7194.8738  0.3702 
   00034    0.4192   -7172.2322  0.3664 
   00035    0.4304   -7144.9529  0.3686 
   00036    0.4328   -7197.5740  0.3686 
   00037    0.4280   -7256.9165  0.3664 
   00038    0.4184   -7199.5701  0.3625 
   00039    0.4408   -7263.2555  0.3692 
   00040    0.4172   -7239.2021  0.3713 
   00041    0.4248   -7220.5036  0.3618 
   00042    0.4184   -7292.4550  0.3481 
   00043    0.4020   -7295.1993  0.3490 
   00044    0.4340   -7240.7837  0.3487 
   00045    0.4168   -7266.2512  0.3497 
   00046    0.4264   -7287.6694  0.3440 
   00047    0.4372   -7235.3244  0.3422 
   00048    0.4348   -7244.2129  0.3471 
   00049    0.4216   -7250.4024  0.3415 
   00050    0.4368   -7281.4180  0.3508 
   00051    0.4184   -7263.4185  0.3488 
   00052    0.4168   -7292.7564  0.3588 
   00053    0.4392   -7330.2010  0.3599 
   00054    0.4236   -7287.4466  0.3606 
   00055    0.4284   -7322.8717  0.3618 
   00056    0.4228   -7368.1370  0.3615 
   00057    0.4192   -7361.6216  0.3644 
   00058    0.4168   -7349.6578  0.3572 
   00059    0.4256   -7352.6254  0.3602 
   00060    0.4032   -7374.1408  0.3555 
   00061    0.4344   -7371.4098  0.3633 
   00062    0.4320   -7385.4792  0.3621 
   00063    0.4052   -7292.0014  0.3601 
   00064    0.4208   -7321.7472  0.3532 
   00065    0.4160   -7371.6939  0.3566 
   00066    0.4288   -7357.2305  0.3574 
   00067    0.4304   -7358.1698  0.3646 
   00068    0.4152   -7358.4983  0.3660 
   00069    0.4212   -7361.2402  0.3702 
   00070    0.3976   -7408.6265  0.3790 
   00071    0.4100   -7339.7772  0.3663 
   00072    0.4248   -7353.2338  0.3581 
   00073    0.4316   -7374.3691  0.3611 
   00074    0.4216   -7422.5382  0.3615 
   00075    0.4220   -7415.0108  0.3592 
   00076    0.4312   -7411.0448  0.3531 
   00077    0.4356   -7356.1284  0.3588 
   00078    0.4244   -7349.7343  0.3600 
   00079    0.4260   -7367.4529  0.3578 
   00080    0.4140   -7393.8769  0.3601 
   00081    0.4364   -7377.0218  0.3592 
   00082    0.4244   -7419.5987  0.3516 
   00083    0.4020   -7348.5563  0.3614 
   00084    0.4296   -7366.7756  0.3602 
   00085    0.4220   -7404.4254  0.3602 
   00086    0.4096   -7399.9396  0.3683 
   00087    0.4168   -7395.2687  0.3727 
   00088    0.4144   -7410.0264  0.3675 
   00089    0.4388   -7425.6403  0.3678 
   00090    0.4028   -7449.6706  0.3654 
   00091    0.4152   -7451.2225  0.3562 
   00092    0.4196   -7460.1253  0.3563 
   00093    0.4248   -7485.1841  0.3600 
   00094    0.4208   -7485.7183  0.3687 
   00095    0.4164   -7486.3037  0.3642 
   00096    0.3972   -7478.3198  0.3612 
   00097    0.4308   -7432.3796  0.3647 
   00098    0.4104   -7455.3082  0.3632 
   00099    0.4240   -7459.2533  0.3626 
   00100    0.4156   -7421.3958  0.3602 
   00101    0.4068   -7449.5143  0.3600 
   00102    0.4128   -7469.6062  0.3577 
   00103    0.4176   -7466.5894  0.3597 
   00104    0.4100   -7553.7738  0.3547 
   00105    0.4192   -7529.7902  0.3500 
   00106    0.4092   -7580.2380  0.3469 
   00107    0.4140   -7538.2023  0.3442 
   00108    0.4132   -7511.4881  0.3449 
   00109    0.4164   -7529.1332  0.3481 
   00110    0.4064   -7525.2626  0.3436 
   00111    0.4128   -7523.4126  0.3394 
   00112    0.4088   -7582.5207  0.3419 
   00113    0.4048   -7588.6287  0.3516 
   00114    0.4096   -7557.8160  0.3520 
   00115    0.4148   -7557.7522  0.3566 
   00116    0.3992   -7456.4182  0.3557 
   00117    0.4252   -7540.4904  0.3598 
   00118    0.4056   -7505.7581  0.3660 
   00119    0.3936   -7476.5308  0.3638 
   00120    0.4168   -7490.9449  0.3711 
   00121    0.4124   -7423.4738  0.3652 
   00122    0.4156   -7432.6286  0.3663 
   00123    0.4268   -7472.1412  0.3651 
   00124    0.4300   -7509.0965  0.3716 
   00125    0.4180   -7492.9618  0.3794 
   00126    0.4312   -7437.1304  0.3810 
   00127    0.4080   -7527.4370  0.3724 
   00128    0.4020   -7509.7352  0.3647 
   00129    0.3964   -7560.1005  0.3551 
   00130    0.4248   -7538.9961  0.3551 
   00131    0.4064   -7527.5508  0.3631 
   00132    0.4120   -7505.4375  0.3694 
   00133    0.4168   -7459.8457  0.3692 
   00134    0.4192   -7508.5513  0.3792 
   00135    0.4200   -7534.8524  0.3661 
   00136    0.4184   -7540.9007  0.3780 
   00137    0.4156   -7509.0138  0.3819 
   00138    0.4132   -7563.1433  0.3727 
   00139    0.4008   -7538.4002  0.3703 
   00140    0.4140   -7498.1191  0.3651 
   00141    0.4188   -7494.9059  0.3616 
   00142    0.4052   -7469.9663  0.3615 
   00143    0.4004   -7532.9295  0.3651 
   00144    0.4184   -7462.2877  0.3607 
   00145    0.4036   -7500.3177  0.3634 
   00146    0.4036   -7545.6602  0.3603 
   00147    0.4224   -7547.0413  0.3672 
   00148    0.4144   -7543.1846  0.3659 
   00149    0.4220   -7558.8972  0.3640 
   00150    0.4216   -7611.4331  0.3712 
   00151    0.4092   -7601.3540  0.3714 
   00152    0.4132   -7600.7647  0.3664 
   00153    0.4152   -7574.2940  0.3605 
   00154    0.3988   -7598.4440  0.3626 
   00155    0.4056   -7579.8306  0.3616 
   00156    0.4116   -7566.4088  0.3634 
   00157    0.4108   -7509.1316  0.3601 
   00158    0.4108   -7492.1306  0.3560 
   00159    0.4172   -7521.0557  0.3511 
   00160    0.4048   -7537.7241  0.3603 
   00161    0.4284   -7552.4579  0.3613 
   00162    0.4140   -7533.6386  0.3562 
   00163    0.4120   -7550.8697  0.3595 
   00164    0.4008   -7594.7820  0.3548 
   00165    0.3848   -7571.1896  0.3580 
   00166    0.4100   -7581.7018  0.3604 
   00167    0.4168   -7592.4913  0.3650 
   00168    0.4036   -7556.8191  0.3569 
   00169    0.4144   -7517.6114  0.3569 
   00170    0.4200   -7526.6767  0.3517 
   00171    0.4184   -7536.5375  0.3588 
   00172    0.4048   -7494.3531  0.3579 
   00173    0.4212   -7526.1411  0.3579 
   00174    0.4200   -7461.6097  0.3615 
   00175    0.4376   -7446.7861  0.3564 
   00176    0.4164   -7474.0445  0.3627 
   00177    0.4340   -7480.4997  0.3697 
   00178    0.4096   -7510.2419  0.3628 
   00179    0.4248   -7444.3839  0.3613 
   00180    0.4172   -7458.9810  0.3611 
   00181    0.4228   -7480.6813  0.3723 
   00182    0.4060   -7484.6984  0.3702 
   00183    0.4196   -7457.2297  0.3649 
   00184    0.4056   -7442.0135  0.3623 
   00185    0.4036   -7468.8060  0.3598 
   00186    0.4268   -7487.4885  0.3603 
   00187    0.4260   -7490.9299  0.3562 
   00188    0.4164   -7512.4312  0.3618 
   00189    0.4068   -7473.9936  0.3588 
   00190    0.4212   -7465.1776  0.3513 
   00191    0.4000   -7435.6486  0.3551 
   00192    0.4196   -7460.4740  0.3580 
   00193    0.4200   -7452.3795  0.3541 
   00194    0.4140   -7424.7815  0.3543 
   00195    0.4132   -7461.0597  0.3533 
   00196    0.4020   -7487.5867  0.3529 
   00197    0.3992   -7497.6519  0.3503 
   00198    0.4288   -7491.2015  0.3496 
   00199    0.4384   -7480.4737  0.3590 
   00200    0.4220   -7520.2355  0.3579 
   00201    0.4216   -7532.3593  0.3601 
   00202    0.4156   -7547.1416  0.3624 
   00203    0.4024   -7503.5767  0.3531 
   00204    0.4104   -7532.3931  0.3594 
   00205    0.4100   -7535.3642  0.3569 
   00206    0.4212   -7526.9305  0.3545 
   00207    0.4144   -7503.8370  0.3492 
   00208    0.3992   -7524.4259  0.3470 
   00209    0.4416   -7496.2125  0.3507 
   00210    0.4160   -7484.6777  0.3485 
   00211    0.4072   -7444.2805  0.3487 
   00212    0.4128   -7448.7263  0.3356 
   00213    0.4244   -7437.9052  0.3346 
   00214    0.4156   -7478.2225  0.3384 
   00215    0.4172   -7511.0454  0.3392 
   00216    0.4224   -7480.3839  0.3339 
   00217    0.4260   -7439.0809  0.3240 
   00218    0.4200   -7469.2208  0.3269 
   00219    0.4236   -7506.6924  0.3240 
   00220    0.4168   -7513.8370  0.3259 
   00221    0.4176   -7462.7160  0.3187 
   00222    0.4244   -7483.4285  0.3164 
   00223    0.4224   -7448.6961  0.3144 
   00224    0.4128   -7449.3784  0.3136 
   00225    0.4216   -7487.6842  0.3184 
   00226    0.4208   -7469.7401  0.3212 
   00227    0.4292   -7513.8375  0.3218 
   00228    0.4072   -7562.7924  0.3261 
   00229    0.4180   -7571.6288  0.3122 
   00230    0.4180   -7544.1480  0.3105 
   00231    0.4096   -7477.3965  0.3188 
   00232    0.4136   -7475.8014  0.3116 
   00233    0.4328   -7488.2836  0.3170 
   00234    0.4156   -7550.1775  0.3088 
   00235    0.4176   -7479.4611  0.3122 
   00236    0.4240   -7531.8438  0.3057 
   00237    0.4172   -7549.7719  0.3107 
   00238    0.4112   -7627.1495  0.3190 
   00239    0.4204   -7627.3063  0.3273 
   00240    0.4240   -7538.7156  0.3335 
   00241    0.4356   -7502.2877  0.3342 
   00242    0.4152   -7600.8879  0.3320 
   00243    0.3940   -7584.5837  0.3302 
   00244    0.3964   -7614.9823  0.3288 
   00245    0.4144   -7634.1844  0.3240 
   00246    0.4000   -7620.7768  0.3259 
   00247    0.4032   -7581.2868  0.3192 
   00248    0.4264   -7610.7365  0.3223 
   00249    0.4112   -7638.1604  0.3150 
   00250    0.4060   -7637.8085  0.3101 
   00251    0.4116   -7593.9220  0.3158 
   00252    0.4080   -7525.0833  0.3112 
   00253    0.4068   -7598.0015  0.3149 
   00254    0.4152   -7625.8216  0.3246 
   00255    0.4132   -7603.3218  0.3204 
   00256    0.4132   -7567.0921  0.3262 
   00257    0.4160   -7611.5544  0.3310 
   00258    0.4168   -7569.7202  0.3360 
   00259    0.4048   -7517.1726  0.3412 
   00260    0.4084   -7555.5719  0.3377 
   00261    0.4116   -7575.3846  0.3410 
   00262    0.4124   -7599.6950  0.3452 
   00263    0.4156   -7597.9249  0.3499 
   00264    0.4204   -7604.0569  0.3451 
   00265    0.4120   -7566.0420  0.3435 
   00266    0.4156   -7552.2965  0.3497 
   00267    0.4104   -7624.4700  0.3428 
   00268    0.3960   -7602.2990  0.3336 
   00269    0.3844   -7620.7641  0.3400 
   00270    0.3928   -7644.6490  0.3417 
   00271    0.3988   -7582.3613  0.3440 
   00272    0.4116   -7589.6577  0.3491 
   00273    0.4140   -7584.5380  0.3523 
   00274    0.4152   -7555.8154  0.3587 
   00275    0.4216   -7554.2492  0.3570 
   00276    0.4156   -7528.6930  0.3664 
   00277    0.4064   -7519.2418  0.3633 
   00278    0.4196   -7508.4477  0.3558 
   00279    0.4136   -7518.6213  0.3530 
   00280    0.4080   -7544.8301  0.3474 
   00281    0.3976   -7550.6669  0.3479 
   00282    0.4280   -7529.1076  0.3507 
   00283    0.4040   -7529.7795  0.3459 
   00284    0.4092   -7589.7096  0.3449 
   00285    0.3964   -7568.6875  0.3405 
   00286    0.4108   -7544.1290  0.3368 
   00287    0.4120   -7536.9257  0.3371 
   00288    0.4040   -7550.1747  0.3412 
   00289    0.4012   -7570.9662  0.3407 
   00290    0.4108   -7574.1825  0.3391 
   00291    0.4136   -7522.3442  0.3384 
   00292    0.4184   -7561.5463  0.3389 
   00293    0.4156   -7553.5046  0.3321 
   00294    0.4152   -7518.3511  0.3297 
   00295    0.4076   -7553.0600  0.3305 
   00296    0.4120   -7577.7537  0.3218 
   00297    0.4128   -7584.9510  0.3291 
   00298    0.4100   -7565.1031  0.3290 
   00299    0.4088   -7528.2262  0.3165 
   00300    0.4012   -7488.0891  0.3201 
   00301    0.4084   -7461.6443  0.3179 
   00302    0.4168   -7469.5437  0.3178 
   00303    0.4228   -7471.5356  0.3170 
   00304    0.4248   -7502.7616  0.3209 
   00305    0.4056   -7496.8324  0.3125 
   00306    0.4072   -7505.3730  0.3196 
   00307    0.3968   -7551.2602  0.3216 
   00308    0.4228   -7552.4073  0.3248 
   00309    0.4128   -7528.2726  0.3266 
   00310    0.4232   -7550.0660  0.3352 
   00311    0.4196   -7576.0471  0.3319 
   00312    0.3940   -7560.8532  0.3318 
   00313    0.4004   -7567.9733  0.3304 
   00314    0.4204   -7547.5754  0.3267 
   00315    0.4224   -7572.3845  0.3264 
   00316    0.4108   -7555.8025  0.3217 
   00317    0.4068   -7545.4993  0.3275 
   00318    0.4116   -7572.9295  0.3334 
   00319    0.4088   -7546.1575  0.3295 
   00320    0.4084   -7601.7367  0.3288 
   00321    0.4108   -7557.0292  0.3245 
   00322    0.4112   -7506.1901  0.3250 
   00323    0.4112   -7481.6435  0.3257 
   00324    0.4260   -7530.1592  0.3171 
   00325    0.4104   -7549.1540  0.3241 
   00326    0.4288   -7539.2605  0.3272 
   00327    0.4212   -7592.7515  0.3224 
   00328    0.4076   -7581.1139  0.3265 
   00329    0.4040   -7549.0236  0.3246 
   00330    0.4124   -7593.8876  0.3309 
   00331    0.4168   -7513.9457  0.3331 
   00332    0.4164   -7474.4782  0.3321 
   00333    0.4212   -7492.3814  0.3299 
   00334    0.4076   -7523.5656  0.3337 
   00335    0.4188   -7498.4772  0.3298 
   00336    0.4096   -7520.2586  0.3304 
   00337    0.4168   -7540.5700  0.3411 
   00338    0.4016   -7490.7470  0.3423 
   00339    0.4232   -7464.4102  0.3406 
   00340    0.4252   -7423.7757  0.3360 
   00341    0.4092   -7454.2811  0.3323 
   00342    0.4220   -7428.6128  0.3373 
   00343    0.4240   -7460.0384  0.3385 
   00344    0.4128   -7432.3507  0.3382 
   00345    0.4108   -7403.1403  0.3363 
   00346    0.4192   -7464.4315  0.3384 
   00347    0.4096   -7537.1996  0.3308 
   00348    0.4136   -7541.1558  0.3305 
   00349    0.4080   -7536.8528  0.3206 
   00350    0.4208   -7536.5325  0.3158 
   00351    0.4212   -7490.5789  0.3217 
   00352    0.4104   -7516.5686  0.3225 
   00353    0.4300   -7544.4115  0.3293 
   00354    0.4200   -7567.9915  0.3333 
   00355    0.4004   -7584.4427  0.3375 
   00356    0.4160   -7628.2105  0.3368 
   00357    0.4084   -7625.2196  0.3399 
   00358    0.4108   -7571.2065  0.3395 
   00359    0.4216   -7598.3312  0.3373 
   00360    0.4004   -7596.9023  0.3446 
   00361    0.4116   -7565.4358  0.3377 
   00362    0.4024   -7538.9990  0.3333 
   00363    0.4136   -7562.5766  0.3432 
   00364    0.4096   -7516.7584  0.3373 
   00365    0.4076   -7528.7194  0.3314 
   00366    0.4192   -7579.3243  0.3402 
   00367    0.4416   -7509.1419  0.3321 
   00368    0.4156   -7519.7981  0.3331 
   00369    0.4156   -7460.8430  0.3324 
   00370    0.4060   -7412.3823  0.3283 
   00371    0.4172   -7476.4424  0.3241 
   00372    0.4036   -7499.2787  0.3300 
   00373    0.4128   -7513.1444  0.3299 
   00374    0.4336   -7511.6682  0.3355 
   00375    0.4204   -7510.6632  0.3368 
   00376    0.4140   -7493.0017  0.3348 
   00377    0.4128   -7487.8929  0.3417 
   00378    0.4048   -7510.6876  0.3405 
   00379    0.4300   -7450.0158  0.3389 
   00380    0.4232   -7489.3383  0.3418 
   00381    0.4080   -7561.9434  0.3399 
   00382    0.3956   -7499.9935  0.3381 
   00383    0.4008   -7472.0851  0.3391 
   00384    0.4256   -7519.0141  0.3292 
   00385    0.4072   -7471.4990  0.3242 
   00386    0.4204   -7397.8610  0.3216 
   00387    0.4216   -7426.7293  0.3211 
   00388    0.4284   -7468.5294  0.3177 
   00389    0.4232   -7545.7662  0.3235 
   00390    0.4172   -7553.9173  0.3277 
   00391    0.4064   -7524.8495  0.3264 
   00392    0.4164   -7573.5944  0.3281 
   00393    0.4268   -7555.6827  0.3349 
   00394    0.4128   -7493.0189  0.3325 
   00395    0.4216   -7535.6780  0.3285 
   00396    0.4264   -7488.8516  0.3257 
   00397    0.4100   -7507.9870  0.3285 
   00398    0.4076   -7530.0073  0.3285 
   00399    0.4152   -7501.1724  0.3242 
   00400    0.4184   -7457.6343  0.3292 
   00401    0.4244   -7499.0342  0.3219 
   00402    0.4064   -7440.9088  0.3266 
   00403    0.4128   -7456.4365  0.3278 
   00404    0.4192   -7556.2019  0.3244 
   00405    0.4052   -7541.0290  0.3332 
   00406    0.4048   -7576.9757  0.3368 
   00407    0.4164   -7517.8421  0.3334 
   00408    0.4076   -7566.9485  0.3302 
   00409    0.4112   -7614.6413  0.3314 
   00410    0.4156   -7565.0365  0.3372 
   00411    0.4068   -7569.4376  0.3346 
   00412    0.4156   -7547.2442  0.3394 
   00413    0.4100   -7599.6774  0.3481 
   00414    0.4116   -7643.5176  0.3477 
   00415    0.3932   -7675.4989  0.3475 
   00416    0.4204   -7610.8284  0.3434 
   00417    0.4244   -7512.7975  0.3369 
   00418    0.4000   -7552.6154  0.3386 
   00419    0.4136   -7524.9925  0.3425 
   00420    0.4188   -7571.2160  0.3387 
   00421    0.4044   -7598.3577  0.3504 
   00422    0.4232   -7601.6091  0.3512 
   00423    0.4128   -7593.5207  0.3480 
   00424    0.4156   -7554.1070  0.3459 
   00425    0.3952   -7515.5512  0.3476 
   00426    0.4216   -7486.8532  0.3414 
   00427    0.4176   -7506.1080  0.3379 
   00428    0.4092   -7573.2972  0.3404 
   00429    0.4080   -7527.8907  0.3396 
   00430    0.4000   -7612.3471  0.3434 
   00431    0.4160   -7559.3349  0.3492 
   00432    0.4132   -7600.2106  0.3528 
   00433    0.4088   -7550.4965  0.3467 
   00434    0.4124   -7540.0215  0.3408 
   00435    0.4032   -7487.8434  0.3392 
   00436    0.4192   -7511.2135  0.3390 
   00437    0.4136   -7555.0335  0.3420 
   00438    0.4256   -7548.3311  0.3313 
   00439    0.4240   -7515.7371  0.3318 
   00440    0.4244   -7553.7278  0.3326 
   00441    0.4244   -7512.4130  0.3263 
   00442    0.4068   -7517.8712  0.3199 
   00443    0.4064   -7500.6662  0.3215 
   00444    0.3996   -7513.3403  0.3179 
   00445    0.4348   -7492.5968  0.3143 
   00446    0.3916   -7532.3464  0.3196 
   00447    0.4376   -7520.9583  0.3217 
   00448    0.4108   -7539.1842  0.3232 
   00449    0.4168   -7533.3385  0.3267 
   00450    0.4128   -7536.5930  0.3196 
   00451    0.4028   -7538.7540  0.3199 
   00452    0.4136   -7535.6986  0.3276 
   00453    0.4040   -7539.2602  0.3286 
   00454    0.4148   -7479.5599  0.3277 
   00455    0.4264   -7567.5237  0.3217 
   00456    0.4220   -7555.7234  0.3194 
   00457    0.3980   -7542.9409  0.3179 
   00458    0.4080   -7584.8752  0.3154 
   00459    0.4248   -7499.3750  0.3123 
   00460    0.4172   -7534.9940  0.3227 
   00461    0.4068   -7541.6590  0.3266 
   00462    0.4204   -7569.6053  0.3245 
   00463    0.4084   -7572.4810  0.3341 
   00464    0.4128   -7595.3716  0.3313 
   00465    0.4148   -7578.3833  0.3247 
   00466    0.3908   -7533.1008  0.3223 
   00467    0.4080   -7550.5158  0.3356 
   00468    0.3988   -7531.9351  0.3406 
   00469    0.4148   -7565.3878  0.3497 
   00470    0.4088   -7548.4451  0.3464 
   00471    0.4232   -7537.5338  0.3502 
   00472    0.4088   -7459.9321  0.3581 
   00473    0.4332   -7438.0696  0.3470 
   00474    0.4188   -7539.6045  0.3450 
   00475    0.4044   -7598.5009  0.3369 
   00476    0.4196   -7585.3242  0.3442 
   00477    0.4100   -7608.4512  0.3517 
   00478    0.4108   -7594.5902  0.3544 
   00479    0.4120   -7589.5297  0.3517 
   00480    0.4192   -7546.2782  0.3517 
   00481    0.4064   -7521.4964  0.3481 
   00482    0.4196   -7522.3233  0.3457 
   00483    0.3964   -7502.8295  0.3349 
   00484    0.4256   -7494.7707  0.3282 
   00485    0.4068   -7566.3687  0.3244 
   00486    0.4212   -7535.8484  0.3303 
   00487    0.4084   -7526.0075  0.3227 
   00488    0.4124   -7531.6998  0.3173 
   00489    0.4032   -7549.2469  0.3198 
   00490    0.4092   -7613.6844  0.3170 
   00491    0.4112   -7627.6778  0.3246 
   00492    0.4296   -7523.5397  0.3337 
   00493    0.4204   -7544.8619  0.3281 
   00494    0.4120   -7566.8623  0.3344 
   00495    0.3980   -7513.0604  0.3301 
   00496    0.4120   -7500.0423  0.3243 
   00497    0.4252   -7518.9309  0.3205 
   00498    0.4184   -7546.8585  0.3234 
   00499    0.4164   -7547.8441  0.3179 
   00500    0.4120   -7543.3914  0.3243 
   00501    0.3920   -7580.9274  0.3213 
   00502    0.4048   -7552.7201  0.3153 
   00503    0.4048   -7555.9739  0.3152 
   00504    0.4356   -7606.8361  0.3167 
   00505    0.4100   -7580.0723  0.3259 
   00506    0.3892   -7627.5648  0.3257 
   00507    0.4120   -7621.1436  0.3269 
   00508    0.4152   -7592.9580  0.3257 
   00509    0.4108   -7619.9492  0.3339 
   00510    0.4056   -7575.4795  0.3395 
   00511    0.4292   -7570.8899  0.3382 
   00512    0.4232   -7640.2381  0.3476 
   00513    0.3880   -7683.5352  0.3454 
   00514    0.4012   -7633.6141  0.3474 
   00515    0.4088   -7657.4194  0.3380 
   00516    0.4168   -7567.0806  0.3416 
   00517    0.3944   -7561.7421  0.3407 
   00518    0.4148   -7493.5404  0.3394 
   00519    0.4184   -7519.9871  0.3378 
   00520    0.4068   -7584.4306  0.3432 
   00521    0.4024   -7575.5838  0.3354 
   00522    0.4068   -7537.1797  0.3316 
   00523    0.4004   -7524.5967  0.3327 
   00524    0.4252   -7505.4333  0.3388 
   00525    0.4212   -7497.0464  0.3376 
   00526    0.4220   -7501.9198  0.3376 
   00527    0.4140   -7495.6577  0.3370 
   00528    0.4152   -7492.5464  0.3469 
   00529    0.4052   -7499.7206  0.3452 
   00530    0.4244   -7488.1938  0.3514 
   00531    0.4260   -7487.3873  0.3493 
   00532    0.4072   -7461.5192  0.3467 
   00533    0.4352   -7441.4953  0.3423 
   00534    0.4132   -7439.4101  0.3364 
   00535    0.4004   -7414.6816  0.3474 
   00536    0.4136   -7448.7340  0.3435 
   00537    0.4192   -7448.5893  0.3430 
   00538    0.4120   -7469.1165  0.3458 
   00539    0.4180   -7468.8714  0.3452 
   00540    0.4188   -7447.7974  0.3404 
   00541    0.4044   -7416.0573  0.3437 
   00542    0.4076   -7463.6763  0.3444 
   00543    0.4236   -7491.7319  0.3458 
   00544    0.4032   -7533.7505  0.3588 
   00545    0.3956   -7558.5136  0.3596 
   00546    0.4036   -7544.0293  0.3550 
   00547    0.4008   -7500.9447  0.3563 
   00548    0.4196   -7560.1893  0.3668 
   00549    0.4152   -7530.3062  0.3665 
   00550    0.4116   -7514.4516  0.3695 
   00551    0.4012   -7484.9109  0.3742 
   00552    0.4156   -7525.7996  0.3783 
   00553    0.4156   -7500.9938  0.3802 
   00554    0.4032   -7520.8136  0.3799 
   00555    0.4160   -7540.8708  0.3905 
   00556    0.3928   -7571.9123  0.3975 
   00557    0.3992   -7510.9559  0.3962 
   00558    0.4132   -7545.5582  0.3863 
   00559    0.4208   -7574.0978  0.3839 
   00560    0.4276   -7562.2343  0.3977 
   00561    0.4164   -7579.7248  0.3916 
   00562    0.4400   -7573.0622  0.3865 
   00563    0.3952   -7599.6363  0.3986 
   00564    0.4088   -7630.8292  0.3978 
   00565    0.4092   -7661.7476  0.4007 
   00566    0.3992   -7640.1657  0.4038 
   00567    0.3992   -7706.6052  0.4067 
   00568    0.4188   -7636.4497  0.4014 
   00569    0.4060   -7597.5926  0.3966 
   00570    0.4104   -7579.9993  0.4030 
   00571    0.4120   -7557.3324  0.4059 
   00572    0.4100   -7551.3817  0.4075 
   00573    0.4100   -7598.1422  0.4104 
   00574    0.4060   -7611.5852  0.4134 
   00575    0.3924   -7642.3735  0.4079 
   00576    0.4148   -7649.1040  0.4077 
   00577    0.4124   -7570.3116  0.4115 
   00578    0.4128   -7573.3495  0.4162 
   00579    0.4276   -7568.3927  0.4248 
   00580    0.4196   -7571.0854  0.4257 
   00581    0.4072   -7588.2133  0.4256 
   00582    0.4148   -7638.4045  0.4274 
   00583    0.3944   -7672.9880  0.4306 
   00584    0.4092   -7694.1826  0.4269 
   00585    0.4096   -7729.9659  0.4261 
   00586    0.3948   -7743.8389  0.4210 
   00587    0.4092   -7698.8121  0.4254 
   00588    0.4020   -7730.2628  0.4302 
   00589    0.4020   -7768.0989  0.4318 
   00590    0.3992   -7778.9642  0.4324 
   00591    0.3964   -7761.3846  0.4300 
   00592    0.4048   -7732.7926  0.4312 
   00593    0.3892   -7822.7476  0.4394 
   00594    0.4156   -7832.3991  0.4377 
   00595    0.3992   -7884.1727  0.4388 
   00596    0.3956   -7842.3075  0.4363 
   00597    0.3868   -7885.7283  0.4422 
   00598    0.3972   -7913.1445  0.4422 
   00599    0.3924   -7927.1518  0.4392 
   00600    0.4104   -7939.6828  0.4352 
   00601    0.3912   -7886.9057  0.4328 
   00602    0.4024   -7915.9942  0.4344 
   00603    0.3860   -7896.8435  0.4287 
   00604    0.4048   -7927.1524  0.4348 
   00605    0.3920   -7868.1274  0.4372 
   00606    0.4096   -7931.9490  0.4363 
   00607    0.3960   -7914.9584  0.4345 
   00608    0.3720   -7854.0942  0.4305 
   00609    0.4016   -7855.9206  0.4265 
   00610    0.3828   -7834.8480  0.4248 
   00611    0.4044   -7848.0046  0.4223 
   00612    0.4064   -7823.1475  0.4082 
   00613    0.4128   -7854.1687  0.4187 
   00614    0.3920   -7871.0589  0.4250 
   00615    0.4052   -7844.1877  0.4262 
   00616    0.3904   -7865.6473  0.4225 
   00617    0.4064   -7883.8440  0.4186 
   00618    0.4028   -7869.7700  0.4200 
   00619    0.4184   -7803.5811  0.4202 
   00620    0.4040   -7870.4084  0.4249 
   00621    0.4012   -7910.1789  0.4173 
   00622    0.4048   -7949.7300  0.4257 
   00623    0.3700   -7933.2754  0.4190 
   00624    0.4068   -7898.3095  0.4253 
   00625    0.3948   -7909.5296  0.4223 
   00626    0.4088   -7849.6725  0.4255 
   00627    0.4164   -7814.4675  0.4224 
   00628    0.4008   -7754.8156  0.4215 
   00629    0.4100   -7808.2704  0.4292 
   00630    0.3888   -7809.7333  0.4321 
   00631    0.4112   -7819.7259  0.4352 
   00632    0.3956   -7801.4904  0.4344 
   00633    0.4088   -7837.5899  0.4374 
   00634    0.4052   -7817.2735  0.4410 
   00635    0.3840   -7819.2879  0.4464 
   00636    0.3940   -7802.7490  0.4451 
   00637    0.4208   -7775.6287  0.4464 
   00638    0.4044   -7811.6351  0.4493 
   00639    0.4096   -7805.9290  0.4409 
   00640    0.4128   -7805.0873  0.4475 
   00641    0.3784   -7793.7703  0.4533 
   00642    0.4140   -7800.6680  0.4499 
   00643    0.4128   -7869.5626  0.4491 
   00644    0.3980   -7887.3421  0.4627 
   00645    0.3956   -7861.8862  0.4573 
   00646    0.3948   -7862.8703  0.4517 
   00647    0.3868   -7876.5559  0.4525 
   00648    0.4000   -7894.9803  0.4432 
   00649    0.3984   -7868.1059  0.4433 
   00650    0.3996   -7896.0791  0.4404 
   00651    0.3828   -7954.4091  0.4507 
   00652    0.4008   -7957.1509  0.4497 
   00653    0.3788   -7968.9254  0.4474 
   00654    0.4120   -7928.1056  0.4549 
   00655    0.3880   -7889.1542  0.4443 
   00656    0.4028   -7966.8839  0.4481 
   00657    0.3772   -7935.6448  0.4456 
   00658    0.4288   -7964.0623  0.4521 
   00659    0.4172   -8023.7294  0.4512 
   00660    0.3956   -7953.1341  0.4450 
   00661    0.3860   -7951.5602  0.4483 
   00662    0.4016   -7944.2403  0.4486 
   00663    0.4252   -7886.7324  0.4429 
   00664    0.3944   -7954.4047  0.4450 
   00665    0.3964   -7928.3783  0.4357 
   00666    0.3928   -7922.2660  0.4394 
   00667    0.3868   -7919.3877  0.4372 
   00668    0.4004   -7874.7006  0.4356 
   00669    0.4100   -7891.5264  0.4360 
   00670    0.3948   -7901.1857  0.4366 
   00671    0.4064   -7961.8590  0.4440 
   00672    0.3804   -7982.5030  0.4476 
   00673    0.3940   -7961.1427  0.4412 
   00674    0.4044   -7928.2034  0.4454 
   00675    0.3784   -7948.3808  0.4461 
   00676    0.3996   -8009.6086  0.4428 
   00677    0.3948   -7976.3331  0.4478 
   00678    0.3928   -7976.3824  0.4457 
   00679    0.4000   -7910.9610  0.4483 
   00680    0.3856   -7935.0755  0.4430 
   00681    0.4076   -7905.3243  0.4443 
   00682    0.3984   -7902.5164  0.4416 
   00683    0.4032   -7887.3060  0.4364 
   00684    0.4108   -7932.6564  0.4380 
   00685    0.3996   -7902.0465  0.4356 
   00686    0.3872   -7934.5275  0.4350 
   00687    0.3928   -7934.7933  0.4325 
   00688    0.3988   -7955.1410  0.4348 
   00689    0.4160   -7995.5850  0.4421 
   00690    0.3964   -7987.9997  0.4440 
   00691    0.3852   -7976.9462  0.4466 
   00692    0.4008   -7968.6764  0.4382 
   00693    0.3940   -7964.9147  0.4413 
   00694    0.3888   -7950.3660  0.4460 
   00695    0.3904   -7891.7487  0.4521 
   00696    0.3804   -7869.3179  0.4545 
   00697    0.4152   -7901.6119  0.4384 
   00698    0.4044   -7886.1718  0.4377 
   00699    0.3756   -7860.3935  0.4375 
   00700    0.3948   -7868.2961  0.4345 
   00701    0.4032   -7877.8877  0.4376 
   00702    0.4172   -7902.5344  0.4397 
   00703    0.4176   -7871.1353  0.4375 
   00704    0.4060   -7908.5258  0.4340 
   00705    0.4016   -7906.2609  0.4387 
   00706    0.4020   -7942.3225  0.4342 
   00707    0.3984   -7915.1467  0.4379 
   00708    0.4020   -7946.9341  0.4430 
   00709    0.3972   -7886.1558  0.4421 
   00710    0.3852   -7907.3958  0.4319 
   00711    0.3920   -7924.2010  0.4275 
   00712    0.3884   -7916.0596  0.4258 
   00713    0.3992   -7896.7898  0.4257 
   00714    0.3932   -7898.0416  0.4251 
   00715    0.3936   -7869.9551  0.4253 
   00716    0.4008   -7851.8504  0.4326 
   00717    0.4052   -7903.6007  0.4292 
   00718    0.4004   -7849.0668  0.4285 
   00719    0.3916   -7922.9778  0.4303 
   00720    0.3920   -7920.3708  0.4306 
   00721    0.4052   -7857.5951  0.4325 
   00722    0.3932   -7874.2275  0.4367 
   00723    0.4132   -7837.0870  0.4373 
   00724    0.4024   -7818.2604  0.4361 
   00725    0.4016   -7847.6283  0.4440 
   00726    0.3916   -7858.1146  0.4466 
   00727    0.3904   -7877.7868  0.4496 
   00728    0.4024   -7882.4961  0.4597 
   00729    0.4116   -7889.5236  0.4568 
   00730    0.3808   -7895.1188  0.4579 
   00731    0.4016   -7923.7242  0.4548 
   00732    0.4016   -7931.3124  0.4536 
   00733    0.3872   -7862.3744  0.4500 
   00734    0.4048   -7886.2089  0.4480 
   00735    0.4084   -7911.1670  0.4453 
   00736    0.3904   -7926.5996  0.4435 
   00737    0.3980   -7927.1899  0.4382 
   00738    0.3828   -7873.6768  0.4401 
   00739    0.4212   -7890.6090  0.4459 
   00740    0.4032   -7938.5141  0.4419 
   00741    0.3844   -7939.7725  0.4384 
   00742    0.3904   -7933.7622  0.4335 
   00743    0.3916   -7952.7448  0.4367 
   00744    0.3820   -7961.1491  0.4370 
   00745    0.3936   -7966.0015  0.4249 
   00746    0.4048   -7952.2948  0.4189 
   00747    0.3932   -7992.9424  0.4215 
   00748    0.3960   -7956.6718  0.4139 
   00749    0.3864   -7952.5705  0.4167 
   00750    0.3872   -7975.4615  0.4164 
   00751    0.3956   -7912.5687  0.4145 
   00752    0.4020   -7862.0008  0.4131 
   00753    0.4112   -7853.8888  0.4267 
   00754    0.3948   -7861.8100  0.4265 
   00755    0.4052   -7863.9403  0.4271 
   00756    0.3920   -7874.2974  0.4333 
   00757    0.4116   -7929.3943  0.4347 
   00758    0.3840   -7964.5389  0.4385 
   00759    0.3984   -7957.7982  0.4407 
   00760    0.3884   -7937.3650  0.4315 
   00761    0.3940   -7993.1412  0.4336 
   00762    0.4128   -7994.3348  0.4322 
   00763    0.4036   -8003.0856  0.4332 
   00764    0.3936   -7940.8220  0.4312 
   00765    0.3924   -7934.7371  0.4338 
   00766    0.3944   -7931.6897  0.4283 
   00767    0.3996   -7956.4235  0.4292 
   00768    0.3864   -8020.9290  0.4292 
   00769    0.4040   -7970.2907  0.4241 
   00770    0.3888   -7961.0967  0.4257 
   00771    0.4060   -7982.9918  0.4250 
   00772    0.3756   -7945.7259  0.4241 
   00773    0.4056   -7903.9095  0.4198 
   00774    0.3896   -7880.1211  0.4242 
   00775    0.3852   -7917.8240  0.4282 
   00776    0.3864   -7946.6661  0.4320 
   00777    0.4104   -7962.6823  0.4262 
   00778    0.3896   -7945.7378  0.4297 
   00779    0.4008   -7954.0138  0.4258 
   00780    0.3872   -7928.6916  0.4188 
   00781    0.4120   -7907.8117  0.4200 
   00782    0.3952   -7928.1261  0.4288 
   00783    0.3952   -7955.2133  0.4286 
   00784    0.4000   -7976.0874  0.4204 
   00785    0.3864   -8014.9416  0.4214 
   00786    0.3904   -7997.7039  0.4149 
   00787    0.3684   -7960.7731  0.4182 
   00788    0.4020   -7998.8926  0.4231 
   00789    0.3828   -8038.6166  0.4240 
   00790    0.3740   -8037.9351  0.4211 
   00791    0.3940   -7987.9390  0.4207 
   00792    0.3936   -7949.1342  0.4221 
   00793    0.3860   -7918.1362  0.4210 
   00794    0.3760   -7948.5545  0.4167 
   00795    0.3996   -7951.1183  0.4180 
   00796    0.4100   -7933.7414  0.4219 
   00797    0.4044   -7962.5311  0.4182 
   00798    0.3928   -7981.8960  0.4292 
   00799    0.4032   -7967.8151  0.4279 
   00800    0.4024   -7999.5647  0.4323 
   00801    0.4012   -7970.3389  0.4370 
   00802    0.3840   -7985.6399  0.4323 
   00803    0.3856   -8005.7599  0.4291 
   00804    0.4056   -7968.9034  0.4203 
   00805    0.3944   -7979.2553  0.4202 
   00806    0.4084   -7952.1296  0.4224 
   00807    0.3932   -7903.4891  0.4338 
   00808    0.4148   -7975.6184  0.4300 
   00809    0.3972   -7999.4488  0.4320 
   00810    0.4004   -7991.8116  0.4384 
   00811    0.4052   -7967.8745  0.4362 
   00812    0.3872   -7949.4596  0.4397 
   00813    0.4004   -7926.7364  0.4395 
   00814    0.3876   -7967.0479  0.4425 
   00815    0.3824   -7963.7574  0.4394 
   00816    0.4008   -7996.6453  0.4387 
   00817    0.3976   -8003.0078  0.4474 
   00818    0.3816   -7995.9309  0.4562 
   00819    0.3852   -7927.5957  0.4500 
   00820    0.3996   -8005.6580  0.4543 
   00821    0.3916   -8007.2819  0.4571 
   00822    0.3964   -8021.2657  0.4500 
   00823    0.3868   -8012.0241  0.4498 
   00824    0.3736   -8052.0010  0.4528 
   00825    0.4012   -8011.2518  0.4550 
   00826    0.3964   -7984.9969  0.4560 
   00827    0.3672   -7948.1049  0.4590 
   00828    0.4032   -7974.3665  0.4502 
   00829    0.3900   -7950.3017  0.4527 
   00830    0.4248   -7910.2061  0.4558 
   00831    0.4144   -7878.7590  0.4480 
   00832    0.3948   -7865.1916  0.4586 
   00833    0.3932   -7899.1092  0.4650 
   00834    0.3960   -7931.7954  0.4649 
   00835    0.3896   -7912.0035  0.4629 
   00836    0.3960   -7928.2117  0.4632 
   00837    0.3864   -7964.7076  0.4665 
   00838    0.3832   -7989.6833  0.4650 
   00839    0.3948   -7965.5872  0.4659 
   00840    0.4124   -7969.1157  0.4665 
   00841    0.3868   -7992.8674  0.4650 
   00842    0.3848   -7965.7173  0.4572 
   00843    0.3936   -7969.6651  0.4560 
   00844    0.4044   -7927.9388  0.4658 
   00845    0.4156   -7925.3582  0.4683 
   00846    0.3992   -7856.9343  0.4664 
   00847    0.4092   -7875.5788  0.4653 
   00848    0.3932   -7870.0372  0.4661 
   00849    0.3888   -7872.6386  0.4671 
   00850    0.3956   -7928.6468  0.4622 
   00851    0.4052   -7867.2149  0.4568 
   00852    0.3836   -7865.7678  0.4569 
   00853    0.4000   -7936.4697  0.4516 
   00854    0.4032   -7916.9892  0.4473 
   00855    0.3928   -7984.1979  0.4514 
   00856    0.4056   -7972.0476  0.4605 
   00857    0.3852   -7955.4761  0.4611 
   00858    0.3868   -7965.5218  0.4607 
   00859    0.4020   -8005.6855  0.4636 
   00860    0.3832   -7985.9725  0.4579 
   00861    0.3956   -8006.2915  0.4568 
   00862    0.4108   -7975.1497  0.4514 
   00863    0.3904   -7984.3515  0.4504 
   00864    0.3784   -7985.5323  0.4580 
   00865    0.3872   -7996.5122  0.4530 
   00866    0.4000   -7953.3332  0.4525 
   00867    0.3852   -7939.8553  0.4479 
   00868    0.3820   -7969.1784  0.4501 
   00869    0.4036   -7984.8728  0.4484 
   00870    0.4140   -8003.5333  0.4510 
   00871    0.3804   -8038.5353  0.4513 
   00872    0.3912   -7982.3692  0.4494 
   00873    0.3948   -8021.5787  0.4582 
   00874    0.4160   -8024.4857  0.4554 
   00875    0.3992   -8045.1596  0.4532 
   00876    0.3744   -8040.9961  0.4498 
   00877    0.4032   -8043.7579  0.4534 
   00878    0.3948   -8007.9812  0.4447 
   00879    0.4036   -8010.6005  0.4391 
   00880    0.3748   -7940.1132  0.4350 
   00881    0.4148   -7979.2435  0.4464 
   00882    0.3904   -7965.2143  0.4518 
   00883    0.3840   -7990.5571  0.4500 
   00884    0.4060   -8012.2982  0.4511 
   00885    0.4000   -8007.0529  0.4531 
   00886    0.3832   -8004.9779  0.4570 
   00887    0.4008   -8005.8332  0.4559 
   00888    0.4056   -7949.9083  0.4625 
   00889    0.3976   -7989.9014  0.4611 
   00890    0.4092   -8017.4131  0.4556 
   00891    0.3912   -7983.5229  0.4457 
   00892    0.3916   -7971.9755  0.4578 
   00893    0.3952   -8009.6723  0.4590 
   00894    0.4052   -8023.6020  0.4560 
   00895    0.3964   -7984.1017  0.4543 
   00896    0.3916   -7991.8202  0.4617 
   00897    0.3844   -8037.0328  0.4592 
   00898    0.3888   -8035.4375  0.4601 
   00899    0.3812   -8026.9169  0.4604 
   00900    0.3956   -8048.9718  0.4615 
   00901    0.3932   -7976.0649  0.4558 
   00902    0.3988   -7975.3299  0.4552 
   00903    0.4088   -8003.5781  0.4591 
   00904    0.3872   -8005.7084  0.4496 
   00905    0.3908   -8039.7464  0.4509 
   00906    0.4036   -8038.0394  0.4524 
   00907    0.4032   -8022.7144  0.4465 
   00908    0.4020   -8015.6073  0.4440 
   00909    0.4048   -8034.4875  0.4504 
   00910    0.4052   -8054.2379  0.4530 
   00911    0.3948   -8059.0522  0.4495 
   00912    0.4052   -8019.5390  0.4602 
   00913    0.4024   -8014.3999  0.4625 
   00914    0.4004   -7950.2067  0.4660 
   00915    0.3880   -7945.3608  0.4734 
   00916    0.3984   -8045.6474  0.4760 
   00917    0.4156   -8047.1938  0.4748 
   00918    0.3912   -8039.3547  0.4683 
   00919    0.4116   -7997.0730  0.4644 
   00920    0.3856   -8004.6993  0.4647 
   00921    0.4016   -7996.4507  0.4598 
   00922    0.4112   -8021.5416  0.4594 
   00923    0.3988   -7953.8077  0.4594 
   00924    0.3924   -8001.8168  0.4640 
   00925    0.3888   -7956.9507  0.4550 
   00926    0.3896   -7918.1392  0.4523 
   00927    0.4000   -7963.9139  0.4504 
   00928    0.3884   -8027.5305  0.4593 
   00929    0.3852   -8022.4064  0.4594 
   00930    0.3824   -8004.6359  0.4593 
   00931    0.3880   -7966.3174  0.4572 
   00932    0.4124   -7928.3291  0.4494 
   00933    0.3824   -7989.6752  0.4548 
   00934    0.3940   -7948.6451  0.4525 
   00935    0.4116   -7955.0084  0.4562 
   00936    0.3940   -7932.3832  0.4597 
   00937    0.3900   -7915.6189  0.4639 
   00938    0.4196   -7939.8195  0.4627 
   00939    0.3948   -7947.5226  0.4626 
   00940    0.4092   -7969.3917  0.4693 
   00941    0.3744   -7966.6507  0.4687 
   00942    0.3928   -7890.2410  0.4677 
   00943    0.3980   -7936.8707  0.4737 
   00944    0.3956   -7901.2787  0.4773 
   00945    0.4124   -7924.4873  0.4778 
   00946    0.3948   -7962.6102  0.4703 
   00947    0.4056   -7928.4569  0.4682 
   00948    0.3932   -7959.5900  0.4669 
   00949    0.3952   -7948.8555  0.4623 
   00950    0.3936   -7930.4200  0.4578 
   00951    0.3928   -7884.1272  0.4569 
   00952    0.3992   -7918.7012  0.4642 
   00953    0.3880   -7943.4178  0.4675 
   00954    0.3976   -7927.4036  0.4693 
   00955    0.3976   -7927.1858  0.4628 
   00956    0.3956   -7926.5908  0.4618 
   00957    0.3980   -7904.3971  0.4599 
   00958    0.4036   -7879.4779  0.4582 
   00959    0.3836   -7861.0903  0.4593 
   00960    0.3844   -7890.1958  0.4646 
   00961    0.3920   -7891.2269  0.4679 
   00962    0.3956   -7961.3254  0.4665 
   00963    0.4040   -8007.3856  0.4717 
   00964    0.4004   -7941.5805  0.4667 
   00965    0.3876   -7929.8405  0.4672 
   00966    0.4136   -7937.4829  0.4702 
   00967    0.4072   -7908.9375  0.4639 
   00968    0.3976   -7885.5861  0.4624 
   00969    0.4052   -7889.1623  0.4676 
   00970    0.4128   -7828.1766  0.4663 
   00971    0.4104   -7818.7341  0.4664 
   00972    0.4028   -7861.3846  0.4712 
   00973    0.3920   -7824.6192  0.4647 
   00974    0.3988   -7832.8854  0.4638 
   00975    0.4036   -7880.3499  0.4591 
   00976    0.3980   -7959.0989  0.4663 
   00977    0.3916   -7955.1435  0.4689 
   00978    0.3908   -7987.4224  0.4713 
   00979    0.3988   -7974.7255  0.4710 
   00980    0.3988   -8015.7169  0.4752 
   00981    0.3992   -8001.7579  0.4820 
   00982    0.4052   -7967.5235  0.4857 
   00983    0.4324   -7907.7174  0.4735 
   00984    0.3884   -7940.7147  0.4743 
   00985    0.3968   -7898.4647  0.4662 
   00986    0.3884   -7915.1722  0.4648 
   00987    0.3988   -7938.4148  0.4696 
   00988    0.4128   -7922.2373  0.4735 
   00989    0.3980   -7942.1180  0.4757 
   00990    0.4096   -7869.2201  0.4730 
   00991    0.4068   -7857.8044  0.4816 
   00992    0.3868   -7940.5680  0.4770 
   00993    0.4120   -7954.9739  0.4812 
   00994    0.3796   -7992.9343  0.4862 
   00995    0.3888   -8007.5113  0.4840 
   00996    0.3992   -7949.0521  0.4751 
   00997    0.4004   -7985.8297  0.4737 
   00998    0.3876   -7992.5459  0.4720 
   00999    0.4072   -8017.3115  0.4723 
   01000    0.4108   -8053.9691  0.4727 
