#=====================================================
# File created:        Tue-12-Mar-2024-at-06-51-22AM
# Size of lattice:     50x50
# Number of MC steps:  1000
# Reduced temperature: 0.650
# Run time (s):        1.318646
#=====================================================
# MC step:  Ratio:     Energy:   Order:
#=====================================================
   00000    0.5000   -2477.1969  0.2705 
   00001    0.6948   -3771.4234  0.2842 
   00002    0.6116   -4499.4089  0.2878 
   00003    0.5680   -5019.6162  0.2792 
   00004    0.5200   -5365.6568  0.2854 
   00005    0.4916   -5651.7411  0.2964 
   00006    0.4800   -5796.8037  0.3026 
   00007    0.4972   -5930.4465  0.2942 
   00008    0.4736   -6135.8941  0.2979 
   00009    0.4624   -6247.2556  0.3061 
   00010    0.4664   -6299.4746  0.2899 
   00011    0.4656   -6484.7025  0.2995 
   00012    0.4416   -6586.5049  0.2992 
   00013    0.4456   -6670.4135  0.2995 
   00014    0.4324   -6643.9253  0.3078 
   00015    0.4300   -6686.8815  0.3016 
   00016    0.4548   -6681.2758  0.3055 
   00017    0.4452   -6759.2298  0.3024 
   00018    0.4428   -6806.3213  0.3039 
   00019    0.4468   -6842.3152  0.3100 
   00020    0.4632   -6851.1805  0.3111 
   00021    0.4312   -6907.4834  0.3088 
   00022    0.4468   -6885.3269  0.3111 
   00023    0.4272   -6878.8062  0.3091 
   00024    0.4400   -6902.6994  0.3199 
   00025    0.4484   -6984.7722  0.3152 
   00026    0.4400   -6973.7203  0.3082 
   00027    0.4320   -6949.1664  0.2981 
   00028    0.4416   -6964.2881  0.2927 
   00029    0.4424   -6989.5659  0.2930 
   00030    0.4412   -6984.0261  0.2961 
   00031    0.4384   -6976.8298  0.2887 
   00032    0.4264   -7004.5762  0.2943 
   00033    0.4396   -7048.2642  0.3015 
   00034    0.4312   -7071.9426  0.3074 
   00035    0.4220   -7152.4156  0.3196 
   00036    0.4196   -7169.5446  0.3168 
   00037    0.4344   -7174.1479  0.3205 
   00038    0.4248   -7158.0377  0.3213 
   00039    0.4112   -7159.1562  0.3186 
   00040    0.4340   -7194.7117  0.3207 
   00041    0.4332   -7193.7854  0.3229 
   00042    0.4368   -7244.9976  0.3164 
   00043    0.4228   -7181.2245  0.3134 
   00044    0.4316   -7187.6345  0.3121 
   00045    0.4112   -7233.4498  0.3095 
   00046    0.4152   -7252.8052  0.3183 
   00047    0.4272   -7223.3070  0.3289 
   00048    0.4272   -7235.1340  0.3245 
   00049    0.4260   -7182.5715  0.3214 
   00050    0.4376   -7188.9002  0.3209 
   00051    0.4184   -7249.2712  0.3176 
   00052    0.4364   -7237.8908  0.3179 
   00053    0.4100   -7248.3198  0.3097 
   00054    0.4300   -7236.4789  0.3196 
   00055    0.4312   -7229.4676  0.3242 
   00056    0.4120   -7274.7714  0.3182 
   00057    0.4180   -7318.1167  0.3197 
   00058    0.4180   -7268.6866  0.3231 
   00059    0.4244   -7223.5143  0.3315 
   00060    0.4168   -7264.5694  0.3327 
   00061    0.4136   -7245.6165  0.3340 
   00062    0.4228   -7267.3398  0.3358 
   00063    0.4204   -7198.8907  0.3312 
   00064    0.4272   -7201.8036  0.3361 
   00065    0.4300   -7153.2614  0.3380 
   00066    0.4184   -7128.8193  0.3426 
   00067    0.4152   -7127.9385  0.3429 
   00068    0.4488   -7151.8714  0.3443 
   00069    0.4120   -7118.8383  0.3409 
   00070    0.4352   -7129.9875  0.3362 
   00071    0.4176   -7193.3846  0.3399 
   00072    0.4352   -7197.5570  0.3376 
   00073    0.4244   -7239.0645  0.3422 
   00074    0.4336   -7199.2782  0.3266 
   00075    0.4404   -7214.6910  0.3304 
   00076    0.4268   -7180.7840  0.3456 
   00077    0.4232   -7230.7349  0.3514 
   00078    0.4260   -7235.0620  0.3448 
   00079    0.4200   -7168.3233  0.3445 
   00080    0.4424   -7205.5288  0.3501 
   00081    0.4136   -7181.5615  0.3491 
   00082    0.4108   -7213.9652  0.3532 
   00083    0.4120   -7184.5886  0.3509 
   00084    0.4240   -7211.5053  0.3471 
   00085    0.4224   -7251.8558  0.3454 
   00086    0.4216   -7239.4584  0.3462 
   00087    0.4212   -7320.8438  0.3552 
   00088    0.4308   -7298.6590  0.3509 
   00089    0.4300   -7341.7514  0.3460 
   00090    0.4120   -7340.4151  0.3475 
   00091    0.4164   -7408.2354  0.3520 
   00092    0.4084   -7323.9695  0.3520 
   00093    0.3964   -7302.3380  0.3531 
   00094    0.4140   -7324.9734  0.3617 
   00095    0.4104   -7385.2686  0.3605 
   00096    0.4232   -7367.3526  0.3624 
   00097    0.4164   -7329.1889  0.3549 
   00098    0.4200   -7359.6362  0.3602 
   00099    0.4172   -7338.5782  0.3520 
   00100    0.4360   -7333.8121  0.3455 
   00101    0.4192   -7321.9477  0.3468 
   00102    0.4000   -7303.8285  0.3513 
   00103    0.4256   -7361.8825  0.3493 
   00104    0.4132   -7393.4334  0.3442 
   00105    0.4164   -7392.2286  0.3515 
   00106    0.4240   -7400.4354  0.3564 
   00107    0.4204   -7442.5315  0.3523 
   00108    0.4140   -7399.3104  0.3448 
   00109    0.3996   -7391.6358  0.3358 
   00110    0.4176   -7416.8935  0.3375 
   00111    0.4216   -7379.6066  0.3384 
   00112    0.4216   -7436.7802  0.3411 
   00113    0.4184   -7422.8068  0.3391 
   00114    0.3908   -7428.0433  0.3382 
   00115    0.4076   -7410.1966  0.3340 
   00116    0.4068   -7455.9598  0.3311 
   00117    0.4040   -7402.0264  0.3272 
   00118    0.4112   -7385.9731  0.3345 
   00119    0.4228   -7401.6801  0.3224 
   00120    0.4172   -7412.1560  0.3216 
   00121    0.4228   -7379.6906  0.3195 
   00122    0.4352   -7364.2746  0.3188 
   00123    0.4244   -7421.0260  0.3235 
   00124    0.4280   -7438.0518  0.3252 
   00125    0.4184   -7490.8566  0.3281 
   00126    0.4084   -7555.4027  0.3287 
   00127    0.4148   -7521.5347  0.3319 
   00128    0.4228   -7474.7528  0.3336 
   00129    0.4212   -7475.8133  0.3300 
   00130    0.4084   -7474.4034  0.3271 
   00131    0.4112   -7503.1608  0.3320 
   00132    0.4044   -7530.7369  0.3307 
   00133    0.4204   -7496.5597  0.3326 
   00134    0.4044   -7480.6584  0.3332 
   00135    0.4064   -7548.5522  0.3283 
   00136    0.4096   -7533.1035  0.3372 
   00137    0.4096   -7528.8452  0.3462 
   00138    0.4068   -7533.9372  0.3466 
   00139    0.3948   -7506.5333  0.3449 
   00140    0.4024   -7491.1267  0.3449 
   00141    0.4124   -7520.7757  0.3413 
   00142    0.4016   -7537.8039  0.3426 
   00143    0.4176   -7578.8821  0.3483 
   00144    0.4008   -7609.3776  0.3590 
   00145    0.4056   -7561.1179  0.3563 
   00146    0.4244   -7519.3773  0.3520 
   00147    0.4000   -7564.1602  0.3511 
   00148    0.3996   -7581.9778  0.3536 
   00149    0.4100   -7534.0641  0.3524 
   00150    0.4088   -7535.3624  0.3547 
   00151    0.4192   -7478.6905  0.3453 
   00152    0.4088   -7495.2296  0.3471 
   00153    0.4068   -7454.2553  0.3383 
   00154    0.4140   -7479.9017  0.3456 
   00155    0.4140   -7475.0761  0.3501 
   00156    0.4244   -7479.9493  0.3516 
   00157    0.4132   -7464.8024  0.3436 
   00158    0.4156   -7475.2310  0.3403 
   00159    0.4112   -7539.2780  0.3395 
   00160    0.4128   -7544.0825  0.3434 
   00161    0.4316   -7572.9882  0.3450 
   00162    0.4176   -7592.2970  0.3496 
   00163    0.4128   -7617.6423  0.3457 
   00164    0.4324   -7647.2894  0.3470 
   00165    0.4084   -7666.0730  0.3412 
   00166    0.4092   -7658.0446  0.3314 
   00167    0.4012   -7701.6273  0.3337 
   00168    0.4008   -7613.5863  0.3298 
   00169    0.3956   -7659.7752  0.3381 
   00170    0.4044   -7670.6721  0.3349 
   00171    0.4032   -7698.2248  0.3391 
   00172    0.3904   -7672.4419  0.3435 
   00173    0.4088   -7665.5034  0.3450 
   00174    0.4056   -7702.4592  0.3415 
   00175    0.4064   -7696.6142  0.3385 
   00176    0.4312   -7690.1919  0.3395 
   00177    0.3948   -7737.2583  0.3361 
   00178    0.4124   -7685.8582  0.3289 
   00179    0.3960   -7723.8570  0.3296 
   00180    0.4180   -7687.3238  0.3271 
   00181    0.4120   -7663.7205  0.3260 
   00182    0.4268   -7694.7529  0.3256 
   00183    0.4084   -7712.7827  0.3304 
   00184    0.4100   -7670.1356  0.3341 
   00185    0.3900   -7691.1490  0.3294 
   00186    0.3928   -7686.7393  0.3370 
   00187    0.4052   -7746.3652  0.3361 
   00188    0.4064   -7692.9654  0.3431 
   00189    0.4020   -7683.9709  0.3368 
   00190    0.4352   -7670.1256  0.3394 
   00191    0.4048   -7696.0840  0.3439 
   00192    0.3904   -7726.2860  0.3453 
   00193    0.4028   -7766.8842  0.3478 
   00194    0.4076   -7733.9800  0.3493 
   00195    0.3928   -7791.4644  0.3559 
   00196    0.4064   -7852.8562  0.3561 
   00197    0.4000   -7808.0878  0.3512 
   00198    0.4136   -7759.7030  0.3389 
   00199    0.4104   -7728.8757  0.3466 
   00200    0.4152   -7712.8956  0.3489 
   00201    0.4140   -7720.1271  0.3447 
   00202    0.4116   -7739.7567  0.3358 
   00203    0.4264   -7689.3476  0.3324 
   00204    0.4236   -7687.8805  0.3354 
   00205    0.3880   -7712.0197  0.3367 
   00206    0.4004   -7729.1379  0.3308 
   00207    0.4096   -7740.2308  0.3326 
   00208    0.4036   -7752.6119  0.3279 
   00209    0.4164   -7763.8790  0.3318 
   00210    0.3984   -7759.1637  0.3346 
   00211    0.4020   -7720.2755  0.3439 
   00212    0.4064   -7714.9460  0.3353 
   00213    0.4088   -7672.3591  0.3373 
   00214    0.4264   -7659.5181  0.3402 
   00215    0.3980   -7644.8831  0.3399 
   00216    0.4056   -7684.4069  0.3437 
   00217    0.4164   -7720.0108  0.3259 
   00218    0.4200   -7727.4863  0.3253 
   00219    0.4004   -7720.8289  0.3248 
   00220    0.4164   -7721.2841  0.3284 
   00221    0.4036   -7804.6642  0.3324 
   00222    0.4084   -7778.0172  0.3283 
   00223    0.4032   -7823.0361  0.3418 
   00224    0.4084   -7825.9729  0.3453 
   00225    0.4036   -7786.0901  0.3455 
   00226    0.4212   -7743.7994  0.3462 
   00227    0.3980   -7796.7977  0.3433 
   00228    0.4044   -7754.4776  0.3416 
   00229    0.4020   -7793.1562  0.3414 
   00230    0.4020   -7740.8974  0.3408 
   00231    0.4112   -7765.6988  0.3487 
   00232    0.4012   -7709.1894  0.3433 
   00233    0.4052   -7688.5694  0.3468 
   00234    0.4144   -7686.3773  0.3501 
   00235    0.4240   -7736.0879  0.3569 
   00236    0.4164   -7752.4864  0.3542 
   00237    0.4108   -7767.3521  0.3591 
   00238    0.4224   -7758.5161  0.3587 
   00239    0.4048   -7773.4980  0.3592 
   00240    0.3972   -7819.9064  0.3595 
   00241    0.3972   -7808.8453  0.3517 
   00242    0.4092   -7784.4940  0.3554 
   00243    0.3940   -7811.4564  0.3601 
   00244    0.4192   -7804.4189  0.3586 
   00245    0.4068   -7826.9949  0.3611 
   00246    0.4160   -7751.7153  0.3634 
   00247    0.4060   -7754.9551  0.3616 
   00248    0.3868   -7757.5058  0.3577 
   00249    0.4148   -7753.4053  0.3606 
   00250    0.4152   -7756.2156  0.3601 
   00251    0.4260   -7726.7838  0.3581 
   00252    0.4004   -7755.3999  0.3516 
   00253    0.3908   -7761.6723  0.3479 
   00254    0.3996   -7755.7392  0.3472 
   00255    0.3940   -7817.5412  0.3495 
   00256    0.4108   -7750.8667  0.3483 
   00257    0.4020   -7736.5270  0.3561 
   00258    0.4120   -7783.5001  0.3551 
   00259    0.4004   -7833.8154  0.3563 
   00260    0.3976   -7880.2568  0.3631 
   00261    0.4080   -7886.1179  0.3571 
   00262    0.4044   -7883.6376  0.3579 
   00263    0.4144   -7854.6528  0.3543 
   00264    0.4028   -7840.1324  0.3407 
   00265    0.4072   -7805.6733  0.3390 
   00266    0.4196   -7766.3038  0.3349 
   00267    0.3992   -7760.8983  0.3317 
   00268    0.4200   -7711.2511  0.3357 
   00269    0.4116   -7765.8389  0.3373 
   00270    0.4080   -7808.6815  0.3361 
   00271    0.4072   -7792.0482  0.3314 
   00272    0.4012   -7822.5326  0.3263 
   00273    0.4108   -7831.9099  0.3353 
   00274    0.4108   -7847.1703  0.3364 
   00275    0.3984   -7854.7363  0.3423 
   00276    0.3984   -7873.6362  0.3376 
   00277    0.4084   -7868.8492  0.3386 
   00278    0.4092   -7874.2583  0.3368 
   00279    0.4192   -7843.5722  0.3259 
   00280    0.3996   -7801.5507  0.3302 
   00281    0.4144   -7818.1101  0.3267 
   00282    0.3948   -7851.6601  0.3261 
   00283    0.4048   -7925.8478  0.3203 
   00284    0.3908   -7866.3116  0.3245 
   00285    0.4156   -7846.8462  0.3141 
   00286    0.3916   -7840.8426  0.3112 
   00287    0.4160   -7837.8210  0.3096 
   00288    0.3980   -7808.0419  0.3040 
   00289    0.4152   -7840.6680  0.3075 
   00290    0.4032   -7864.4696  0.3164 
   00291    0.3884   -7830.9574  0.3127 
   00292    0.3956   -7845.9313  0.3210 
   00293    0.4124   -7781.1517  0.3211 
   00294    0.3976   -7810.5669  0.3201 
   00295    0.4032   -7789.1510  0.3237 
   00296    0.3996   -7808.6382  0.3193 
   00297    0.4116   -7795.6587  0.3184 
   00298    0.4020   -7811.7395  0.3198 
   00299    0.3992   -7806.2474  0.3242 
   00300    0.4096   -7782.6682  0.3249 
   00301    0.4064   -7865.1181  0.3276 
   00302    0.3968   -7846.0997  0.3336 
   00303    0.4100   -7803.3549  0.3348 
   00304    0.3984   -7839.5877  0.3304 
   00305    0.4112   -7806.5538  0.3435 
   00306    0.3992   -7787.1450  0.3431 
   00307    0.4108   -7815.5788  0.3380 
   00308    0.3952   -7860.6304  0.3407 
   00309    0.4156   -7782.5792  0.3396 
   00310    0.4036   -7734.5983  0.3400 
   00311    0.4220   -7766.7146  0.3426 
   00312    0.4148   -7798.9453  0.3469 
   00313    0.4000   -7763.5527  0.3476 
   00314    0.4140   -7744.0889  0.3567 
   00315    0.3944   -7777.8374  0.3550 
   00316    0.3976   -7860.0044  0.3652 
   00317    0.4160   -7774.6873  0.3631 
   00318    0.4012   -7797.9284  0.3608 
   00319    0.4072   -7833.5117  0.3567 
   00320    0.3968   -7863.5172  0.3579 
   00321    0.3972   -7786.4267  0.3584 
   00322    0.4092   -7824.1338  0.3607 
   00323    0.3960   -7838.3686  0.3604 
   00324    0.4132   -7831.5620  0.3633 
   00325    0.3860   -7864.3354  0.3613 
   00326    0.3952   -7878.6627  0.3582 
   00327    0.4068   -7846.6109  0.3529 
   00328    0.3960   -7826.5224  0.3496 
   00329    0.3916   -7823.5524  0.3491 
   00330    0.4012   -7794.0655  0.3522 
   00331    0.3944   -7825.8416  0.3484 
   00332    0.4008   -7785.4214  0.3510 
   00333    0.4080   -7747.4864  0.3559 
   00334    0.3872   -7779.8452  0.3565 
   00335    0.4216   -7749.0689  0.3640 
   00336    0.4068   -7813.3004  0.3621 
   00337    0.4048   -7819.9645  0.3586 
   00338    0.4040   -7765.3714  0.3568 
   00339    0.4028   -7795.9355  0.3608 
   00340    0.4024   -7827.7800  0.3641 
   00341    0.3956   -7887.2600  0.3649 
   00342    0.4076   -7921.8335  0.3601 
   00343    0.4204   -7901.2690  0.3664 
   00344    0.3832   -7865.7137  0.3632 
   00345    0.4004   -7873.6035  0.3621 
   00346    0.4176   -7885.2991  0.3659 
   00347    0.4156   -7934.0277  0.3615 
   00348    0.4056   -7865.6480  0.3633 
   00349    0.4096   -7828.4941  0.3691 
   00350    0.4028   -7830.7964  0.3681 
   00351    0.4076   -7812.6282  0.3755 
   00352    0.4148   -7873.3693  0.3780 
   00353    0.4008   -7886.4288  0.3838 
   00354    0.4020   -7899.6920  0.3848 
   00355    0.3992   -7900.8408  0.3875 
   00356    0.3932   -7938.3121  0.3852 
   00357    0.4004   -7892.3223  0.3841 
   00358    0.4052   -7885.2089  0.3751 
   00359    0.3924   -7850.1804  0.3847 
   00360    0.4088   -7855.2970  0.3797 
   00361    0.4056   -7826.1705  0.3857 
   00362    0.3916   -7792.0336  0.3888 
   00363    0.4244   -7851.1235  0.3809 
   00364    0.4108   -7828.9286  0.3901 
   00365    0.4016   -7846.1731  0.3825 
   00366    0.4148   -7854.6225  0.3880 
   00367    0.4004   -7788.6851  0.3832 
   00368    0.4120   -7777.9641  0.3866 
   00369    0.4132   -7792.4898  0.3897 
   00370    0.4168   -7764.8779  0.3841 
   00371    0.3980   -7809.9582  0.3886 
   00372    0.4016   -7827.6012  0.3868 
   00373    0.3960   -7783.5442  0.3876 
   00374    0.4096   -7796.9407  0.3899 
   00375    0.3960   -7864.0888  0.3870 
   00376    0.4192   -7901.3910  0.3917 
   00377    0.4176   -7869.9799  0.3983 
   00378    0.4028   -7872.8022  0.3990 
   00379    0.3992   -7837.4892  0.4059 
   00380    0.3832   -7845.6853  0.4031 
   00381    0.4044   -7860.9625  0.3893 
   00382    0.4088   -7813.2936  0.4013 
   00383    0.4068   -7775.3617  0.4010 
   00384    0.4060   -7789.3971  0.4105 
   00385    0.4108   -7891.0804  0.4012 
   00386    0.4024   -7844.7907  0.3926 
   00387    0.4028   -7872.0858  0.3942 
   00388    0.4024   -7869.5864  0.4028 
   00389    0.3844   -7853.5438  0.4053 
   00390    0.4040   -7866.6078  0.3982 
   00391    0.3968   -7859.3529  0.3932 
   00392    0.3936   -7874.6730  0.3981 
   00393    0.3992   -7951.8788  0.3924 
   00394    0.4096   -7921.4144  0.3884 
   00395    0.3932   -7909.6712  0.3921 
   00396    0.4148   -7884.8741  0.3886 
   00397    0.4080   -7845.3593  0.3919 
   00398    0.4196   -7893.6600  0.3865 
   00399    0.3888   -7927.1030  0.3882 
   00400    0.4012   -7873.1045  0.3819 
   00401    0.3992   -7833.2993  0.3764 
   00402    0.4136   -7792.0979  0.3865 
   00403    0.4176   -7817.7635  0.3838 
   00404    0.4140   -7787.3731  0.3760 
   00405    0.4124   -7789.4656  0.3710 
   00406    0.4156   -7840.9511  0.3621 
   00407    0.4084   -7845.8884  0.3716 
   00408    0.4124   -7845.1687  0.3714 
   00409    0.3964   -7864.1108  0.3723 
   00410    0.3920   -7852.7860  0.3708 
   00411    0.3992   -7855.2948  0.3640 
   00412    0.3948   -7852.6942  0.3759 
   00413    0.3924   -7911.7585  0.3729 
   00414    0.3824   -7877.5301  0.3781 
   00415    0.4208   -7880.8981  0.3877 
   00416    0.3972   -7822.0887  0.3854 
   00417    0.4096   -7841.8405  0.3850 
   00418    0.4056   -7783.3890  0.3741 
   00419    0.4068   -7833.8658  0.3767 
   00420    0.3960   -7858.5712  0.3763 
   00421    0.3936   -7837.3106  0.3732 
   00422    0.3884   -7830.0148  0.3723 
   00423    0.4096   -7813.7439  0.3790 
   00424    0.3952   -7823.8963  0.3809 
   00425    0.4048   -7847.9445  0.3900 
   00426    0.3964   -7859.5399  0.3869 
   00427    0.4076   -7869.8924  0.3870 
   00428    0.4048   -7850.3302  0.3871 
   00429    0.4016   -7820.1046  0.3811 
   00430    0.4060   -7844.0816  0.3776 
   00431    0.4040   -7864.9420  0.3758 
   00432    0.4028   -7848.9886  0.3785 
   00433    0.4088   -7821.5243  0.3750 
   00434    0.4112   -7808.0283  0.3746 
   00435    0.4040   -7798.5601  0.3716 
   00436    0.4044   -7758.0939  0.3732 
   00437    0.4232   -7764.9482  0.3739 
   00438    0.4132   -7761.4121  0.3764 
   00439    0.4192   -7750.7267  0.3733 
   00440    0.4080   -7800.8932  0.3682 
   00441    0.4040   -7804.1325  0.3735 
   00442    0.4164   -7777.8316  0.3735 
   00443    0.4120   -7666.8339  0.3737 
   00444    0.3908   -7755.8969  0.3776 
   00445    0.4152   -7767.3761  0.3721 
   00446    0.4148   -7820.9192  0.3733 
   00447    0.4076   -7803.4090  0.3716 
   00448    0.3996   -7828.8042  0.3713 
   00449    0.3888   -7807.5678  0.3701 
   00450    0.4028   -7784.6766  0.3726 
   00451    0.4084   -7888.1023  0.3814 
   00452    0.3912   -7854.0738  0.3821 
   00453    0.4132   -7927.2458  0.3813 
   00454    0.4004   -7881.7571  0.3819 
   00455    0.4008   -7867.9944  0.3813 
   00456    0.4020   -7843.3027  0.3840 
   00457    0.3988   -7863.8608  0.3834 
   00458    0.4080   -7844.2143  0.3852 
   00459    0.4004   -7820.9915  0.3884 
   00460    0.4052   -7849.5170  0.3949 
   00461    0.4008   -7821.9291  0.3914 
   00462    0.4104   -7750.5451  0.3881 
   00463    0.3988   -7739.8700  0.3906 
   00464    0.4188   -7727.8107  0.3901 
   00465    0.4224   -7757.7866  0.3919 
   00466    0.4256   -7740.0029  0.3900 
   00467    0.3972   -7801.6786  0.3944 
   00468    0.4096   -7831.4800  0.3907 
   00469    0.4132   -7874.4807  0.3885 
   00470    0.4180   -7811.6782  0.3838 
   00471    0.4032   -7834.9255  0.3890 
   00472    0.4068   -7853.6871  0.3862 
   00473    0.3980   -7894.4264  0.3878 
   00474    0.3876   -7903.8703  0.3883 
   00475    0.3896   -7894.5839  0.3896 
   00476    0.4136   -7912.5189  0.3866 
   00477    0.3888   -7920.4990  0.3863 
   00478    0.3976   -7912.4898  0.3887 
   00479    0.3920   -7842.5862  0.3915 
   00480    0.3892   -7801.4221  0.3928 
   00481    0.4132   -7832.2284  0.3913 
   00482    0.4116   -7836.9769  0.3838 
   00483    0.3848   -7882.9283  0.3802 
   00484    0.3852   -7950.2539  0.3805 
   00485    0.3956   -7889.2553  0.3813 
   00486    0.3984   -7893.6061  0.3762 
   00487    0.3948   -7844.8729  0.3671 
   00488    0.4064   -7869.4334  0.3670 
   00489    0.3972   -7831.1805  0.3660 
   00490    0.3976   -7809.4738  0.3671 
   00491    0.4168   -7847.3732  0.3623 
   00492    0.4012   -7838.9189  0.3713 
   00493    0.4132   -7780.5739  0.3641 
   00494    0.4112   -7809.4083  0.3622 
   00495    0.3740   -7842.9244  0.3671 
   00496    0.3928   -7889.3657  0.3727 
   00497    0.4068   -7890.8199  0.3754 
   00498    0.3988   -7856.1817  0.3724 
   00499    0.4000   -7799.3006  0.3811 
   00500    0.4076   -7827.5801  0.3750 
   00501    0.4204   -7859.6807  0.3845 
   00502    0.3900   -7888.4683  0.3819 
   00503    0.4008   -7785.4866  0.3788 
   00504    0.3972   -7832.2313  0.3839 
   00505    0.4044   -7806.1350  0.3885 
   00506    0.4152   -7845.3002  0.3892 
   00507    0.4044   -7880.2311  0.3907 
   00508    0.4140   -7927.6712  0.3888 
   00509    0.3952   -7819.5444  0.3904 
   00510    0.4016   -7882.6158  0.3868 
   00511    0.4120   -7862.0747  0.3820 
   00512    0.3976   -7970.2206  0.3783 
   00513    0.3988   -7919.7262  0.3822 
   00514    0.4140   -7928.5330  0.3799 
   00515    0.4212   -7881.6864  0.3830 
   00516    0.4216   -7876.4827  0.3865 
   00517    0.4012   -7929.0880  0.3821 
   00518    0.3968   -7892.9798  0.3813 
   00519    0.4004   -7909.5475  0.3875 
   00520    0.4088   -7855.1846  0.3890 
   00521    0.4172   -7845.4597  0.3874 
   00522    0.4032   -7820.4856  0.4005 
   00523    0.4152   -7829.5491  0.4039 
   00524    0.3992   -7814.7565  0.3964 
   00525    0.4060   -7815.0780  0.4033 
   00526    0.3936   -7812.8508  0.4036 
   00527    0.4172   -7804.9800  0.3990 
   00528    0.4088   -7769.1132  0.3957 
   00529    0.4120   -7750.8090  0.3858 
   00530    0.3948   -7752.9837  0.3919 
   00531    0.4124   -7760.3690  0.3859 
   00532    0.4120   -7849.9519  0.3920 
   00533    0.4128   -7842.7050  0.3911 
   00534    0.4168   -7825.4571  0.3862 
   00535    0.3912   -7856.3171  0.3911 
   00536    0.3968   -7836.3557  0.3977 
   00537    0.3996   -7852.7579  0.4019 
   00538    0.4176   -7820.7889  0.3989 
   00539    0.4092   -7881.1350  0.3918 
   00540    0.4020   -7940.8905  0.3972 
   00541    0.3928   -7939.3744  0.3961 
   00542    0.4100   -7917.8203  0.4030 
   00543    0.3960   -7950.6156  0.4032 
   00544    0.3916   -7909.1377  0.4055 
   00545    0.3944   -7903.2027  0.4009 
   00546    0.3888   -7926.5165  0.4001 
   00547    0.4024   -7917.4485  0.4048 
   00548    0.3968   -7903.0256  0.4051 
   00549    0.3988   -7940.2936  0.4059 
   00550    0.3996   -7921.2585  0.4001 
   00551    0.4004   -7869.3623  0.4062 
   00552    0.3952   -7916.8406  0.4040 
   00553    0.3924   -7873.8191  0.4014 
   00554    0.4148   -7887.1858  0.4026 
   00555    0.3932   -7886.8514  0.3999 
   00556    0.4044   -7854.2561  0.4038 
   00557    0.4132   -7903.7944  0.4114 
   00558    0.3980   -7885.9834  0.4086 
   00559    0.3996   -7883.6135  0.4095 
   00560    0.3936   -7845.4437  0.4116 
   00561    0.4036   -7857.3563  0.4139 
   00562    0.3876   -7893.5062  0.4250 
   00563    0.3996   -7924.3380  0.4437 
   00564    0.4184   -7956.1238  0.4379 
   00565    0.4212   -7869.5427  0.4354 
   00566    0.4004   -7944.5160  0.4395 
   00567    0.3952   -7887.9523  0.4388 
   00568    0.4268   -7942.1097  0.4332 
   00569    0.4096   -7871.1790  0.4276 
   00570    0.4120   -7882.8030  0.4353 
   00571    0.3988   -7903.8386  0.4431 
   00572    0.3924   -7916.0523  0.4316 
   00573    0.3920   -7871.3777  0.4361 
   00574    0.4032   -7876.3051  0.4383 
   00575    0.4092   -7830.2462  0.4387 
   00576    0.4012   -7883.8765  0.4466 
   00577    0.4008   -7853.7239  0.4424 
   00578    0.4016   -7904.6056  0.4368 
   00579    0.4064   -7860.6903  0.4308 
   00580    0.4048   -7866.4219  0.4349 
   00581    0.4136   -7863.4637  0.4286 
   00582    0.4292   -7816.3497  0.4303 
   00583    0.4144   -7834.1251  0.4331 
   00584    0.4132   -7865.1875  0.4350 
   00585    0.3860   -7914.6239  0.4455 
   00586    0.4012   -7917.8484  0.4455 
   00587    0.4048   -7909.9076  0.4433 
   00588    0.3868   -7914.5343  0.4446 
   00589    0.3960   -7946.4630  0.4443 
   00590    0.4096   -7849.8469  0.4439 
   00591    0.4068   -7867.0250  0.4321 
   00592    0.3888   -7861.0356  0.4371 
   00593    0.4312   -7945.6009  0.4443 
   00594    0.4152   -7948.2441  0.4460 
   00595    0.4044   -7888.4341  0.4445 
   00596    0.4076   -7894.8314  0.4449 
   00597    0.3888   -7864.8713  0.4503 
   00598    0.3960   -7917.0459  0.4457 
   00599    0.4168   -7855.9917  0.4445 
   00600    0.4100   -7861.2091  0.4483 
   00601    0.4044   -7926.6734  0.4509 
   00602    0.4056   -7893.6326  0.4454 
   00603    0.4024   -7852.0416  0.4409 
   00604    0.4116   -7857.0431  0.4421 
   00605    0.3964   -7836.2978  0.4395 
   00606    0.4028   -7817.1223  0.4424 
   00607    0.3964   -7784.6307  0.4469 
   00608    0.4068   -7769.1666  0.4534 
   00609    0.4176   -7842.0080  0.4528 
   00610    0.4136   -7856.0789  0.4527 
   00611    0.3968   -7848.2425  0.4560 
   00612    0.4044   -7869.7076  0.4594 
   00613    0.4092   -7858.5696  0.4645 
   00614    0.4080   -7866.9927  0.4683 
   00615    0.4080   -7908.9965  0.4755 
   00616    0.3812   -7906.2852  0.4787 
   00617    0.3968   -7903.4481  0.4824 
   00618    0.3884   -7922.1246  0.4789 
   00619    0.4000   -7852.7645  0.4754 
   00620    0.4124   -7858.4085  0.4759 
   00621    0.4252   -7793.9865  0.4744 
   00622    0.4036   -7870.5032  0.4761 
   00623    0.4076   -7870.0144  0.4788 
   00624    0.3836   -7848.2203  0.4803 
   00625    0.4052   -7860.9464  0.4850 
   00626    0.4060   -7917.5518  0.4876 
   00627    0.4008   -7907.9404  0.4901 
   00628    0.4080   -7875.0069  0.4908 
   00629    0.4080   -7880.0407  0.4925 
   00630    0.3948   -7875.1899  0.4939 
   00631    0.4028   -7901.7984  0.4891 
   00632    0.4052   -7902.1096  0.4871 
   00633    0.4060   -7878.4369  0.4850 
   00634    0.4144   -7884.4495  0.4882 
   00635    0.3852   -7888.0294  0.4889 
   00636    0.4072   -7896.3028  0.4884 
   00637    0.3980   -7849.8679  0.4784 
   00638    0.3888   -7873.7220  0.4910 
   00639    0.4096   -7869.1044  0.4963 
   00640    0.3888   -7866.1313  0.4932 
   00641    0.4076   -7850.5116  0.4909 
   00642    0.4160   -7836.6760  0.4936 
   00643    0.4160   -7815.9783  0.4868 
   00644    0.4196   -7907.3171  0.4930 
   00645    0.3992   -7860.2474  0.4955 
   00646    0.4144   -7813.3540  0.4865 
   00647    0.4072   -7795.1919  0.4875 
   00648    0.4000   -7842.1573  0.4856 
   00649    0.3904   -7833.9456  0.4835 
   00650    0.3940   -7824.6354  0.4817 
   00651    0.3956   -7902.3439  0.4878 
   00652    0.4052   -7849.0726  0.4864 
   00653    0.3876   -7829.2675  0.4867 
   00654    0.4004   -7760.4917  0.4854 
   00655    0.4104   -7750.6188  0.4747 
   00656    0.4008   -7743.2936  0.4717 
   00657    0.4076   -7784.8090  0.4798 
   00658    0.4048   -7807.1711  0.4828 
   00659    0.3968   -7798.0159  0.4815 
   00660    0.4000   -7828.2822  0.4828 
   00661    0.3892   -7831.5530  0.4899 
   00662    0.3956   -7812.4724  0.4895 
   00663    0.4032   -7907.7732  0.4914 
   00664    0.3876   -7856.5360  0.4974 
   00665    0.4080   -7776.1047  0.4929 
   00666    0.4116   -7730.3227  0.4961 
   00667    0.4168   -7775.4211  0.4959 
   00668    0.4008   -7770.6525  0.4922 
   00669    0.4168   -7774.8343  0.4916 
   00670    0.3988   -7762.4134  0.4859 
   00671    0.4164   -7767.3288  0.4906 
   00672    0.4064   -7847.6269  0.4858 
   00673    0.4160   -7902.9640  0.4847 
   00674    0.3904   -8005.7255  0.4815 
   00675    0.3976   -7978.6977  0.4845 
   00676    0.4048   -7991.4264  0.4870 
   00677    0.4080   -7893.8654  0.4816 
   00678    0.3896   -7923.4981  0.4769 
   00679    0.4068   -7935.1170  0.4780 
   00680    0.4140   -7916.2396  0.4814 
   00681    0.3984   -7963.6751  0.4868 
   00682    0.4120   -7931.4141  0.4911 
   00683    0.4036   -7886.4000  0.4896 
   00684    0.4108   -7927.7373  0.4850 
   00685    0.4044   -7907.8294  0.4849 
   00686    0.4164   -7981.3475  0.4908 
   00687    0.4072   -7956.5499  0.4880 
   00688    0.4024   -7966.9572  0.4941 
   00689    0.4024   -7975.7617  0.5007 
   00690    0.3936   -7962.2369  0.5000 
   00691    0.3784   -7942.3581  0.4918 
   00692    0.4164   -7907.3221  0.4892 
   00693    0.4092   -7931.1287  0.4839 
   00694    0.4020   -7905.5810  0.4794 
   00695    0.4152   -7915.1776  0.4816 
   00696    0.3952   -7930.5440  0.4847 
   00697    0.3952   -7914.6677  0.4868 
   00698    0.3996   -7906.1671  0.4923 
   00699    0.3952   -7905.4442  0.4979 
   00700    0.4032   -7863.3438  0.4890 
   00701    0.4136   -7859.2987  0.4905 
   00702    0.4124   -7835.0458  0.4864 
   00703    0.3984   -7862.2803  0.4858 
   00704    0.4232   -7842.6712  0.4835 
   00705    0.4048   -7850.5725  0.4904 
   00706    0.3952   -7907.5658  0.4884 
   00707    0.4044   -7939.5017  0.4877 
   00708    0.3988   -7871.9413  0.4858 
   00709    0.4068   -7844.8181  0.4816 
   00710    0.4012   -7844.6267  0.4841 
   00711    0.4160   -7813.3835  0.4768 
   00712    0.3988   -7877.0491  0.4773 
   00713    0.4024   -7886.1797  0.4683 
   00714    0.4192   -7935.5140  0.4725 
   00715    0.3852   -7914.4112  0.4685 
   00716    0.3988   -7907.6034  0.4677 
   00717    0.3972   -7960.0685  0.4661 
   00718    0.3976   -7887.2570  0.4664 
   00719    0.3752   -7927.9663  0.4706 
   00720    0.4080   -7859.5969  0.4586 
   00721    0.4240   -7791.5567  0.4532 
   00722    0.4032   -7814.9310  0.4557 
   00723    0.3884   -7874.0387  0.4586 
   00724    0.4216   -7922.6266  0.4638 
   00725    0.4116   -7932.6619  0.4606 
   00726    0.4156   -7876.9517  0.4690 
   00727    0.3968   -7910.5871  0.4675 
   00728    0.4280   -7897.1013  0.4683 
   00729    0.3952   -7872.4682  0.4665 
   00730    0.3972   -7859.8355  0.4675 
   00731    0.4024   -7850.8418  0.4690 
   00732    0.4068   -7816.3366  0.4675 
   00733    0.3916   -7827.6910  0.4685 
   00734    0.4292   -7824.9696  0.4799 
   00735    0.4148   -7878.9749  0.4820 
   00736    0.4068   -7870.3216  0.4884 
   00737    0.4104   -7901.3328  0.4859 
   00738    0.3828   -7949.6977  0.4929 
   00739    0.3964   -7920.4258  0.4867 
   00740    0.4032   -7940.2115  0.4835 
   00741    0.3992   -7913.3738  0.4893 
   00742    0.4024   -7929.8130  0.4817 
   00743    0.3984   -7936.1299  0.4797 
   00744    0.4156   -7907.3264  0.4674 
   00745    0.4028   -7893.8212  0.4623 
   00746    0.4072   -7888.7438  0.4631 
   00747    0.4048   -7871.9252  0.4720 
   00748    0.3912   -7912.4096  0.4753 
   00749    0.3944   -7839.9816  0.4693 
   00750    0.3928   -7854.5982  0.4760 
   00751    0.3840   -7883.3992  0.4801 
   00752    0.3944   -7896.6077  0.4731 
   00753    0.4152   -7954.3655  0.4742 
   00754    0.3952   -7876.6351  0.4691 
   00755    0.4092   -7910.0815  0.4704 
   00756    0.3860   -7920.2737  0.4696 
   00757    0.3960   -7955.8187  0.4708 
   00758    0.4148   -7965.2524  0.4730 
   00759    0.3960   -7946.8086  0.4704 
   00760    0.3964   -7910.9724  0.4682 
   00761    0.4108   -7879.7205  0.4674 
   00762    0.4124   -7927.1402  0.4630 
   00763    0.4024   -7940.0947  0.4754 
   00764    0.4140   -7929.2027  0.4759 
   00765    0.3956   -7916.4259  0.4767 
   00766    0.3992   -7896.7892  0.4781 
   00767    0.3984   -7890.1105  0.4785 
   00768    0.4020   -7906.3830  0.4711 
   00769    0.3820   -7926.4081  0.4763 
   00770    0.3812   -7958.6615  0.4747 
   00771    0.3896   -7935.0059  0.4736 
   00772    0.4176   -7881.6757  0.4696 
   00773    0.3808   -7844.8089  0.4657 
   00774    0.4056   -7850.0649  0.4607 
   00775    0.4120   -7890.3559  0.4682 
   00776    0.4016   -7848.1658  0.4616 
   00777    0.4100   -7865.9162  0.4609 
   00778    0.3864   -7896.2585  0.4602 
   00779    0.3888   -7900.9773  0.4527 
   00780    0.3936   -7982.0605  0.4612 
   00781    0.3972   -7937.4797  0.4636 
   00782    0.4004   -7948.2033  0.4627 
   00783    0.3908   -7924.6002  0.4635 
   00784    0.3964   -7985.1198  0.4655 
   00785    0.4044   -7931.6678  0.4690 
   00786    0.4168   -7889.2921  0.4686 
   00787    0.3836   -7842.3807  0.4617 
   00788    0.3956   -7811.1455  0.4605 
   00789    0.3992   -7765.6306  0.4517 
   00790    0.4180   -7879.1122  0.4657 
   00791    0.3976   -7846.8409  0.4685 
   00792    0.3832   -7888.7786  0.4705 
   00793    0.4012   -7869.1426  0.4662 
   00794    0.4216   -7834.1846  0.4607 
   00795    0.3992   -7835.7165  0.4633 
   00796    0.4048   -7878.9059  0.4589 
   00797    0.4132   -7940.8250  0.4562 
   00798    0.3984   -7886.9899  0.4541 
   00799    0.3952   -7883.1921  0.4504 
   00800    0.3948   -7849.3466  0.4496 
   00801    0.4004   -7886.8778  0.4534 
   00802    0.4004   -7882.3824  0.4558 
   00803    0.3984   -7918.2811  0.4560 
   00804    0.4116   -7921.9464  0.4590 
   00805    0.3812   -7904.5222  0.4606 
   00806    0.4040   -7892.0671  0.4564 
   00807    0.3976   -7850.9027  0.4537 
   00808    0.4188   -7846.4868  0.4524 
   00809    0.4088   -7872.4877  0.4591 
   00810    0.3992   -7819.4264  0.4592 
   00811    0.4188   -7867.3190  0.4575 
   00812    0.3844   -7901.1075  0.4546 
   00813    0.4104   -7864.4916  0.4544 
   00814    0.4096   -7894.1878  0.4627 
   00815    0.3824   -7885.6800  0.4591 
   00816    0.4024   -7831.1236  0.4521 
   00817    0.4160   -7815.7799  0.4538 
   00818    0.3992   -7804.8981  0.4562 
   00819    0.3936   -7779.4394  0.4547 
   00820    0.4008   -7808.1834  0.4600 
   00821    0.4004   -7869.1916  0.4559 
   00822    0.4136   -7850.2121  0.4592 
   00823    0.3960   -7928.0414  0.4712 
   00824    0.3920   -7911.4042  0.4694 
   00825    0.4068   -7943.2094  0.4722 
   00826    0.3864   -7926.2590  0.4669 
   00827    0.4024   -7864.6964  0.4647 
   00828    0.3948   -7851.2543  0.4506 
   00829    0.4208   -7904.8493  0.4543 
   00830    0.4040   -7919.3263  0.4566 
   00831    0.3972   -7890.1703  0.4526 
   00832    0.4108   -7910.2137  0.4525 
   00833    0.3788   -7905.6425  0.4626 
   00834    0.4164   -7929.9695  0.4583 
   00835    0.4048   -7841.9618  0.4607 
   00836    0.3992   -7810.6304  0.4662 
   00837    0.4156   -7848.3663  0.4718 
   00838    0.4068   -7840.1380  0.4641 
   00839    0.4296   -7797.6528  0.4637 
   00840    0.4076   -7843.2467  0.4600 
   00841    0.3956   -7815.2835  0.4585 
   00842    0.3900   -7893.9319  0.4537 
   00843    0.3812   -7902.6272  0.4536 
   00844    0.4124   -7840.5074  0.4488 
   00845    0.4188   -7843.9822  0.4448 
   00846    0.4036   -7815.1202  0.4395 
   00847    0.4064   -7844.1167  0.4490 
   00848    0.4176   -7844.0285  0.4456 
   00849    0.4212   -7869.9157  0.4513 
   00850    0.4148   -7833.3855  0.4485 
   00851    0.3928   -7820.1251  0.4497 
   00852    0.3876   -7817.5707  0.4463 
   00853    0.3956   -7787.2881  0.4527 
   00854    0.4108   -7783.5863  0.4557 
   00855    0.4152   -7712.0041  0.4529 
   00856    0.4216   -7744.1723  0.4615 
   00857    0.4156   -7785.7170  0.4645 
   00858    0.4000   -7766.3463  0.4603 
   00859    0.4068   -7753.7052  0.4522 
   00860    0.4032   -7695.9489  0.4438 
   00861    0.4172   -7661.4170  0.4447 
   00862    0.3912   -7734.9523  0.4548 
   00863    0.4028   -7721.0435  0.4530 
   00864    0.4072   -7752.4551  0.4433 
   00865    0.4020   -7755.7320  0.4440 
   00866    0.4008   -7832.9831  0.4495 
   00867    0.4100   -7791.2689  0.4566 
   00868    0.3916   -7749.1556  0.4579 
   00869    0.4172   -7800.7886  0.4659 
   00870    0.3976   -7816.0404  0.4652 
   00871    0.4088   -7823.2984  0.4593 
   00872    0.4236   -7852.7228  0.4565 
   00873    0.3980   -7836.7467  0.4584 
   00874    0.3996   -7878.2663  0.4551 
   00875    0.3944   -7905.6045  0.4574 
   00876    0.3856   -7884.9083  0.4646 
   00877    0.4068   -7876.0419  0.4545 
   00878    0.4008   -7831.9416  0.4466 
   00879    0.4160   -7870.5083  0.4418 
   00880    0.4064   -7912.3498  0.4431 
   00881    0.4036   -7887.5889  0.4419 
   00882    0.3864   -7906.7365  0.4422 
   00883    0.4064   -7908.3293  0.4422 
   00884    0.4108   -7887.0154  0.4326 
   00885    0.3952   -7908.8049  0.4282 
   00886    0.3932   -7839.3428  0.4250 
   00887    0.4064   -7822.5503  0.4326 
   00888    0.4040   -7867.9794  0.4317 
   00889    0.3984   -7893.8868  0.4383 
   00890    0.3964   -7835.4050  0.4406 
   00891    0.4092   -7844.5732  0.4463 
   00892    0.3992   -7847.7688  0.4493 
   00893    0.3860   -7902.2663  0.4485 
   00894    0.4212   -7862.0918  0.4409 
   00895    0.3976   -7849.4707  0.4400 
   00896    0.3928   -7855.2180  0.4449 
   00897    0.3968   -7802.4765  0.4433 
   00898    0.4020   -7805.5388  0.4443 
   00899    0.4004   -7848.9466  0.4527 
   00900    0.4052   -7831.0108  0.4530 
   00901    0.4108   -7870.4199  0.4621 
   00902    0.3864   -7839.1695  0.4689 
   00903    0.4128   -7914.7725  0.4746 
   00904    0.3996   -7914.2371  0.4727 
   00905    0.4116   -7870.8821  0.4805 
   00906    0.3992   -7949.2217  0.4897 
   00907    0.4000   -7910.5674  0.4878 
   00908    0.4168   -7894.9304  0.4806 
   00909    0.4000   -7845.2480  0.4792 
   00910    0.3820   -7880.3453  0.4767 
   00911    0.4156   -7880.8552  0.4822 
   00912    0.4240   -7849.4069  0.4783 
   00913    0.3912   -7909.4820  0.4816 
   00914    0.4036   -7875.6347  0.4776 
   00915    0.3968   -7863.4159  0.4806 
   00916    0.3944   -7909.1365  0.4793 
   00917    0.3988   -7881.4056  0.4748 
   00918    0.4040   -7817.2069  0.4679 
   00919    0.3944   -7830.4341  0.4678 
   00920    0.4160   -7859.4510  0.4642 
   00921    0.3936   -7861.2990  0.4561 
   00922    0.3896   -7891.0227  0.4558 
   00923    0.4044   -7859.8385  0.4592 
   00924    0.4032   -7755.8638  0.4552 
   00925    0.4140   -7778.2435  0.4565 
   00926    0.4124   -7758.6020  0.4632 
   00927    0.4132   -7719.8978  0.4636 
   00928    0.4060   -7721.5911  0.4662 
   00929    0.4084   -7741.8986  0.4624 
   00930    0.3924   -7790.4926  0.4569 
   00931    0.4124   -7784.5933  0.4564 
   00932    0.4028   -7741.5055  0.4614 
   00933    0.4016   -7834.5159  0.4579 
   00934    0.4004   -7819.9845  0.4653 
   00935    0.4040   -7847.9117  0.4653 
   00936    0.3836   -7900.9895  0.4730 
   00937    0.3980   -7946.2667  0.4657 
   00938    0.3968   -7870.2408  0.4601 
   00939    0.3916   -7911.6140  0.4601 
   00940    0.4000   -7906.7422  0.4624 
   00941    0.4156   -7860.5448  0.4612 
   00942    0.4068   -7825.0056  0.4597 
   00943    0.4164   -7785.8890  0.4587 
   00944    0.4144   -7825.0304  0.4564 
   00945    0.4104   -7836.2204  0.4576 
   00946    0.4176   -7821.2408  0.4480 
   00947    0.4120   -7841.0824  0.4576 
   00948    0.4056   -7866.5898  0.4578 
   00949    0.4108   -7825.4936  0.4622 
   00950    0.4116   -7862.1129  0.4572 
   00951    0.3968   -7844.4580  0.4490 
   00952    0.4000   -7811.1468  0.4436 
   00953    0.3920   -7787.2929  0.4480 
   00954    0.3956   -7803.5202  0.4528 
   00955    0.4100   -7900.0092  0.4617 
   00956    0.4072   -7897.3258  0.4682 
   00957    0.4044   -7904.5370  0.4626 
   00958    0.4080   -7944.8458  0.4640 
   00959    0.3972   -7864.0982  0.4580 
   00960    0.4000   -7907.1053  0.4613 
   00961    0.4000   -7909.9685  0.4583 
   00962    0.4060   -7889.4361  0.4579 
   00963    0.3984   -7899.6537  0.4618 
   00964    0.4036   -7924.1293  0.4661 
   00965    0.3932   -7901.7128  0.4691 
   00966    0.3908   -7915.5881  0.4726 
   00967    0.3900   -7923.4935  0.4747 
   00968    0.3980   -7955.3379  0.4783 
   00969    0.4036   -7947.2787  0.4780 
   00970    0.4156   -7882.4934  0.4790 
   00971    0.4116   -7828.6091  0.4813 
   00972    0.4068   -7901.4363  0.4872 
   00973    0.4016   -7932.2412  0.4809 
   00974    0.3960   -7942.5631  0.4814 
   00975    0.4012   -7972.2041  0.4841 
   00976    0.3968   -7970.8883  0.4899 
   00977    0.4048   -7976.8468  0.5005 
   00978    0.3892   -8001.1021  0.4963 
   00979    0.4004   -7894.2187  0.4972 
   00980    0.3952   -7984.3633  0.4990 
   00981    0.3880   -7951.2397  0.4967 
   00982    0.3996   -7937.8568  0.4873 
   00983    0.3952   -7918.2562  0.4838 
   00984    0.4072   -7951.2856  0.4873 
   00985    0.4064   -7971.7316  0.4748 
   00986    0.4096   -7975.5281  0.4709 
   00987    0.4040   -7905.4985  0.4774 
   00988    0.4136   -7868.3059  0.4780 
   00989    0.3960   -7791.2625  0.4760 
   00990    0.4036   -7815.6803  0.4862 
   00991    0.4012   -7803.3274  0.4800 
   00992    0.4120   -7734.1344  0.4817 
   00993    0.4160   -7762.4534  0.4844 
   00994    0.3880   -7824.1435  0.4877 
   00995    0.4000   -7802.3173  0.4808 
   00996    0.4004   -7858.8772  0.4825 
   00997    0.3964   -7786.9446  0.4880 
   00998    0.4068   -7801.4198  0.4957 
   00999    0.3888   -7878.6187  0.4964 
   01000    0.3916   -7867.4666  0.4978 
