#=====================================================
# File created:        Tue-12-Mar-2024-at-06-50-59AM
# Size of lattice:     50x50
# Number of MC steps:  1000
# Reduced temperature: 0.650
# Run time (s):        1.343966
#=====================================================
# MC step:  Ratio:     Energy:   Order:
#=====================================================
   00000    0.5000   -2376.0759  0.2564 
   00001    0.6788   -3788.2332  0.2553 
   00002    0.5992   -4428.6358  0.2608 
   00003    0.5660   -4917.2344  0.2620 
   00004    0.5484   -5297.5903  0.2663 
   00005    0.5120   -5629.5158  0.2747 
   00006    0.4956   -5796.7886  0.2795 
   00007    0.4976   -5999.7420  0.2740 
   00008    0.4864   -6108.9975  0.2839 
   00009    0.4972   -6197.9524  0.2764 
   00010    0.4724   -6285.4898  0.2709 
   00011    0.4624   -6436.9860  0.2685 
   00012    0.4624   -6482.5995  0.2703 
   00013    0.4476   -6565.0815  0.2614 
   00014    0.4532   -6677.1477  0.2594 
   00015    0.4440   -6672.0610  0.2631 
   00016    0.4452   -6731.4617  0.2662 
   00017    0.4448   -6786.7638  0.2687 
   00018    0.4500   -6805.1303  0.2727 
   00019    0.4328   -6878.1400  0.2739 
   00020    0.4404   -6892.4921  0.2808 
   00021    0.4328   -6865.8832  0.2853 
   00022    0.4316   -6898.4998  0.2903 
   00023    0.4296   -6970.7836  0.2903 
   00024    0.4388   -6998.6391  0.2907 
   00025    0.4152   -7038.9993  0.2968 
   00026    0.4164   -7036.2023  0.2985 
   00027    0.4380   -7046.4509  0.2975 
   00028    0.4112   -7031.7762  0.2972 
   00029    0.4100   -7119.0565  0.2893 
   00030    0.4296   -7115.2550  0.2880 
   00031    0.4160   -7112.1792  0.2858 
   00032    0.4356   -7183.5788  0.2828 
   00033    0.4144   -7170.2304  0.2966 
   00034    0.4248   -7175.5005  0.2945 
   00035    0.4296   -7157.1067  0.2974 
   00036    0.4140   -7117.4449  0.2959 
   00037    0.4264   -7116.2424  0.3035 
   00038    0.4220   -7130.1556  0.2890 
   00039    0.4288   -7126.2386  0.2980 
   00040    0.4464   -7162.3394  0.3054 
   00041    0.4156   -7171.3848  0.3069 
   00042    0.4320   -7199.7007  0.3032 
   00043    0.4336   -7205.5584  0.3104 
   00044    0.4376   -7157.8504  0.3182 
   00045    0.4192   -7198.3709  0.3170 
   00046    0.4204   -7199.2660  0.3158 
   00047    0.4176   -7238.6669  0.3225 
   00048    0.4292   -7190.5763  0.3267 
   00049    0.4144   -7218.3196  0.3310 
   00050    0.4408   -7220.8423  0.3255 
   00051    0.4084   -7270.9243  0.3281 
   00052    0.4132   -7307.3951  0.3281 
   00053    0.4340   -7284.7119  0.3288 
   00054    0.4228   -7274.0484  0.3279 
   00055    0.4180   -7271.0731  0.3328 
   00056    0.4144   -7238.9292  0.3444 
   00057    0.4184   -7330.4282  0.3498 
   00058    0.4168   -7329.8752  0.3530 
   00059    0.3928   -7335.0501  0.3509 
   00060    0.4192   -7320.6790  0.3477 
   00061    0.4112   -7328.3799  0.3484 
   00062    0.4292   -7389.2533  0.3508 
   00063    0.4164   -7360.3803  0.3556 
   00064    0.4020   -7379.1735  0.3640 
   00065    0.4128   -7443.6576  0.3640 
   00066    0.4016   -7453.6123  0.3703 
   00067    0.3976   -7436.2884  0.3677 
   00068    0.4212   -7476.7134  0.3723 
   00069    0.4172   -7478.3115  0.3711 
   00070    0.4056   -7509.7046  0.3622 
   00071    0.4168   -7442.6272  0.3621 
   00072    0.4224   -7414.9595  0.3512 
   00073    0.3972   -7361.9579  0.3489 
   00074    0.4264   -7335.8589  0.3414 
   00075    0.4384   -7332.8636  0.3392 
   00076    0.4180   -7369.1211  0.3536 
   00077    0.4100   -7382.5816  0.3523 
   00078    0.4112   -7395.7734  0.3605 
   00079    0.4124   -7399.4780  0.3538 
   00080    0.4108   -7406.0520  0.3584 
   00081    0.4260   -7423.5223  0.3624 
   00082    0.4096   -7409.0941  0.3618 
   00083    0.4196   -7342.8148  0.3644 
   00084    0.4180   -7288.6198  0.3549 
   00085    0.4020   -7313.1131  0.3437 
   00086    0.4164   -7337.5246  0.3389 
   00087    0.4112   -7347.7467  0.3436 
   00088    0.4312   -7427.9762  0.3487 
   00089    0.4192   -7363.2497  0.3509 
   00090    0.4192   -7346.3774  0.3501 
   00091    0.4180   -7357.3150  0.3530 
   00092    0.4312   -7309.6923  0.3594 
   00093    0.4268   -7310.4055  0.3720 
   00094    0.4236   -7373.8667  0.3672 
   00095    0.4412   -7386.6982  0.3780 
   00096    0.4152   -7400.0769  0.3733 
   00097    0.3980   -7396.1904  0.3677 
   00098    0.4116   -7370.0122  0.3603 
   00099    0.4320   -7414.7367  0.3573 
   00100    0.4084   -7433.8545  0.3655 
   00101    0.4180   -7449.5584  0.3668 
   00102    0.4212   -7411.7618  0.3797 
   00103    0.4100   -7436.1915  0.3791 
   00104    0.4212   -7467.7374  0.3802 
   00105    0.4052   -7479.4522  0.3797 
   00106    0.4148   -7463.4066  0.3811 
   00107    0.4092   -7495.2471  0.3875 
   00108    0.4060   -7506.1647  0.3890 
   00109    0.4144   -7490.2185  0.3850 
   00110    0.3956   -7553.9064  0.3855 
   00111    0.4024   -7528.9626  0.3846 
   00112    0.4044   -7496.5953  0.3814 
   00113    0.4044   -7503.8836  0.3772 
   00114    0.4068   -7489.2897  0.3752 
   00115    0.4028   -7478.3775  0.3773 
   00116    0.4180   -7539.7318  0.3735 
   00117    0.3940   -7555.9058  0.3841 
   00118    0.4076   -7593.3393  0.3871 
   00119    0.4076   -7537.1079  0.3922 
   00120    0.4128   -7572.0705  0.3874 
   00121    0.4140   -7567.8091  0.3877 
   00122    0.4020   -7588.9375  0.3844 
   00123    0.4360   -7561.6585  0.3868 
   00124    0.4020   -7612.6909  0.3891 
   00125    0.4220   -7544.3144  0.3970 
   00126    0.4044   -7545.2731  0.3910 
   00127    0.4164   -7588.4411  0.3888 
   00128    0.4164   -7553.4388  0.3870 
   00129    0.4060   -7589.7354  0.3950 
   00130    0.4208   -7635.9632  0.3939 
   00131    0.3940   -7581.2250  0.3936 
   00132    0.4220   -7581.6193  0.3967 
   00133    0.4132   -7616.5738  0.4016 
   00134    0.4180   -7599.4438  0.4050 
   00135    0.4096   -7597.3258  0.4076 
   00136    0.4192   -7553.3435  0.4104 
   00137    0.4212   -7566.0622  0.4090 
   00138    0.3992   -7581.3710  0.4177 
   00139    0.4084   -7506.9768  0.4071 
   00140    0.4324   -7572.8670  0.4012 
   00141    0.4276   -7560.5499  0.3979 
   00142    0.3912   -7598.3303  0.4015 
   00143    0.4040   -7586.7477  0.3988 
   00144    0.3932   -7577.6990  0.3894 
   00145    0.4292   -7574.3039  0.3923 
   00146    0.4156   -7542.3743  0.3940 
   00147    0.4108   -7545.5412  0.3975 
   00148    0.4324   -7549.3907  0.3938 
   00149    0.3820   -7551.8929  0.3927 
   00150    0.4196   -7562.7467  0.3961 
   00151    0.4164   -7587.0617  0.4004 
   00152    0.4052   -7589.8383  0.3956 
   00153    0.4120   -7599.2566  0.3894 
   00154    0.4212   -7530.6731  0.3822 
   00155    0.4048   -7559.9212  0.3909 
   00156    0.3916   -7557.1957  0.3946 
   00157    0.4120   -7535.3983  0.3911 
   00158    0.4060   -7552.2899  0.3962 
   00159    0.4132   -7560.6499  0.3957 
   00160    0.4116   -7569.2345  0.4000 
   00161    0.4060   -7552.2044  0.3997 
   00162    0.4076   -7581.3353  0.4034 
   00163    0.4092   -7639.5297  0.4034 
   00164    0.4056   -7676.5926  0.4043 
   00165    0.4128   -7676.5947  0.4054 
   00166    0.4060   -7598.3380  0.4028 
   00167    0.4120   -7581.9829  0.3996 
   00168    0.4160   -7597.4555  0.4013 
   00169    0.4236   -7591.3348  0.3982 
   00170    0.4056   -7621.7141  0.3968 
   00171    0.4128   -7641.6720  0.3995 
   00172    0.3972   -7638.6154  0.4001 
   00173    0.4036   -7615.4353  0.3970 
   00174    0.4000   -7639.1825  0.4014 
   00175    0.4032   -7643.4580  0.3954 
   00176    0.3996   -7657.3674  0.4015 
   00177    0.4076   -7697.0136  0.4044 
   00178    0.3872   -7679.0033  0.4032 
   00179    0.4080   -7705.6647  0.3997 
   00180    0.4088   -7731.8587  0.3958 
   00181    0.3980   -7722.5418  0.3980 
   00182    0.3836   -7711.4081  0.4011 
   00183    0.4076   -7676.3727  0.4000 
   00184    0.4168   -7701.6054  0.3948 
   00185    0.3968   -7634.4031  0.3978 
   00186    0.4044   -7618.5384  0.3962 
   00187    0.4200   -7606.8212  0.4000 
   00188    0.4092   -7610.6962  0.3969 
   00189    0.4216   -7590.5052  0.3968 
   00190    0.4120   -7554.8535  0.3920 
   00191    0.4136   -7550.9574  0.3942 
   00192    0.4244   -7555.9141  0.3945 
   00193    0.3996   -7547.3785  0.3941 
   00194    0.4104   -7591.4743  0.3945 
   00195    0.4040   -7580.9676  0.3907 
   00196    0.4108   -7540.1976  0.3947 
   00197    0.4016   -7505.8552  0.3912 
   00198    0.4128   -7555.0249  0.3896 
   00199    0.4144   -7583.5541  0.3926 
   00200    0.4124   -7564.0514  0.3906 
   00201    0.4148   -7550.4220  0.3922 
   00202    0.4136   -7581.4047  0.3968 
   00203    0.4200   -7595.3846  0.3990 
   00204    0.4084   -7670.8524  0.4055 
   00205    0.4048   -7590.8048  0.4076 
   00206    0.4168   -7592.1028  0.4091 
   00207    0.4244   -7621.2841  0.4105 
   00208    0.4048   -7654.1266  0.4223 
   00209    0.4176   -7608.6746  0.4171 
   00210    0.4124   -7667.3997  0.4149 
   00211    0.3916   -7635.3400  0.4147 
   00212    0.3920   -7673.7591  0.4179 
   00213    0.4156   -7648.5064  0.4165 
   00214    0.3968   -7655.6158  0.4245 
   00215    0.3960   -7699.4918  0.4276 
   00216    0.3900   -7717.4656  0.4257 
   00217    0.4116   -7756.0715  0.4259 
   00218    0.4144   -7770.8690  0.4206 
   00219    0.3944   -7801.0967  0.4211 
   00220    0.4160   -7773.6846  0.4251 
   00221    0.4160   -7721.0422  0.4195 
   00222    0.4060   -7712.0829  0.4104 
   00223    0.4008   -7769.3915  0.4114 
   00224    0.3960   -7718.1695  0.4114 
   00225    0.4100   -7744.9858  0.4119 
   00226    0.4084   -7746.1115  0.4126 
   00227    0.3844   -7730.3789  0.4112 
   00228    0.4180   -7706.1266  0.4087 
   00229    0.3940   -7716.8071  0.4066 
   00230    0.3928   -7708.7652  0.4055 
   00231    0.3948   -7690.1264  0.4061 
   00232    0.4244   -7673.6479  0.4104 
   00233    0.3948   -7685.5117  0.4159 
   00234    0.4044   -7690.8575  0.4149 
   00235    0.3968   -7738.9317  0.4174 
   00236    0.4080   -7748.9420  0.4156 
   00237    0.3800   -7757.1107  0.4180 
   00238    0.3932   -7691.1186  0.4097 
   00239    0.4092   -7640.7356  0.4102 
   00240    0.4096   -7672.5589  0.4071 
   00241    0.4012   -7691.0400  0.4033 
   00242    0.4168   -7630.9415  0.3984 
   00243    0.4312   -7649.2808  0.3997 
   00244    0.3944   -7676.2665  0.4016 
   00245    0.3976   -7659.7493  0.4063 
   00246    0.4216   -7701.9753  0.4087 
   00247    0.4080   -7725.0444  0.4092 
   00248    0.3980   -7752.1650  0.4091 
   00249    0.3984   -7775.6246  0.4183 
   00250    0.4028   -7715.3165  0.4154 
   00251    0.3940   -7683.7190  0.4209 
   00252    0.4156   -7658.2084  0.4130 
   00253    0.4164   -7678.6151  0.4202 
   00254    0.4036   -7680.9819  0.4217 
   00255    0.3940   -7668.0471  0.4197 
   00256    0.4112   -7626.6203  0.4157 
   00257    0.4120   -7615.0105  0.4153 
   00258    0.4096   -7690.0955  0.4133 
   00259    0.4100   -7632.9320  0.4141 
   00260    0.4104   -7576.3887  0.4087 
   00261    0.4044   -7577.0102  0.4080 
   00262    0.4052   -7558.8132  0.4116 
   00263    0.4100   -7592.0804  0.4228 
   00264    0.4044   -7606.5508  0.4247 
   00265    0.4348   -7578.9156  0.4243 
   00266    0.4188   -7616.6675  0.4167 
   00267    0.4048   -7625.0469  0.4086 
   00268    0.4004   -7636.9662  0.4140 
   00269    0.4200   -7597.9656  0.4107 
   00270    0.4080   -7628.9924  0.4091 
   00271    0.3948   -7640.0337  0.4112 
   00272    0.3884   -7692.7747  0.4164 
   00273    0.4024   -7628.5068  0.4192 
   00274    0.4088   -7595.5342  0.4159 
   00275    0.3952   -7609.5531  0.4159 
   00276    0.3924   -7650.0227  0.4156 
   00277    0.3980   -7688.0514  0.4187 
   00278    0.4116   -7700.1984  0.4216 
   00279    0.4068   -7722.9941  0.4143 
   00280    0.3808   -7764.2177  0.4185 
   00281    0.3924   -7747.5264  0.4219 
   00282    0.4036   -7732.8131  0.4216 
   00283    0.4032   -7751.1929  0.4213 
   00284    0.3956   -7772.8600  0.4231 
   00285    0.4052   -7751.5242  0.4248 
   00286    0.3992   -7723.7111  0.4293 
   00287    0.4248   -7682.9691  0.4305 
   00288    0.4080   -7670.6625  0.4309 
   00289    0.3808   -7708.3410  0.4297 
   00290    0.4068   -7695.9403  0.4234 
   00291    0.3860   -7682.3386  0.4235 
   00292    0.4080   -7690.2268  0.4197 
   00293    0.4108   -7693.9532  0.4149 
   00294    0.4012   -7715.7206  0.4245 
   00295    0.4152   -7707.9556  0.4246 
   00296    0.4092   -7663.2115  0.4336 
   00297    0.4024   -7678.8624  0.4325 
   00298    0.3972   -7696.6305  0.4308 
   00299    0.3956   -7714.0409  0.4315 
   00300    0.3892   -7690.9714  0.4280 
   00301    0.4012   -7681.0011  0.4181 
   00302    0.4024   -7693.3819  0.4153 
   00303    0.4144   -7649.2886  0.4115 
   00304    0.4060   -7632.8883  0.4183 
   00305    0.4008   -7672.3572  0.4155 
   00306    0.3972   -7666.7960  0.4224 
   00307    0.4140   -7663.9315  0.4212 
   00308    0.4088   -7686.4871  0.4205 
   00309    0.4008   -7685.4516  0.4107 
   00310    0.4020   -7700.0573  0.4213 
   00311    0.3908   -7718.1981  0.4228 
   00312    0.4032   -7693.8640  0.4220 
   00313    0.3984   -7705.9809  0.4261 
   00314    0.4136   -7757.3910  0.4362 
   00315    0.3916   -7749.2684  0.4258 
   00316    0.3988   -7807.2906  0.4317 
   00317    0.3992   -7754.1665  0.4386 
   00318    0.4028   -7772.5741  0.4415 
   00319    0.3884   -7761.7882  0.4326 
   00320    0.4212   -7749.3999  0.4324 
   00321    0.4072   -7761.0736  0.4373 
   00322    0.3944   -7773.2958  0.4427 
   00323    0.3800   -7741.4976  0.4358 
   00324    0.4280   -7761.0571  0.4436 
   00325    0.3940   -7717.3758  0.4434 
   00326    0.4008   -7745.3711  0.4464 
   00327    0.4068   -7730.5867  0.4508 
   00328    0.4072   -7697.8222  0.4499 
   00329    0.4132   -7729.2978  0.4522 
   00330    0.4068   -7700.8115  0.4495 
   00331    0.4060   -7697.0752  0.4393 
   00332    0.3980   -7747.3342  0.4486 
   00333    0.4092   -7682.3851  0.4453 
   00334    0.3932   -7675.9710  0.4473 
   00335    0.4008   -7636.7848  0.4553 
   00336    0.3964   -7688.3505  0.4490 
   00337    0.3936   -7704.9937  0.4501 
   00338    0.4072   -7707.0609  0.4460 
   00339    0.3940   -7728.1868  0.4458 
   00340    0.4100   -7690.9704  0.4455 
   00341    0.3972   -7682.2190  0.4382 
   00342    0.3908   -7652.4126  0.4362 
   00343    0.4008   -7677.5767  0.4432 
   00344    0.4024   -7697.3219  0.4458 
   00345    0.4084   -7710.0417  0.4463 
   00346    0.3928   -7713.1027  0.4512 
   00347    0.3984   -7696.1775  0.4545 
   00348    0.4124   -7694.9568  0.4646 
   00349    0.4024   -7698.0718  0.4590 
   00350    0.4028   -7720.4309  0.4590 
   00351    0.3948   -7728.4650  0.4603 
   00352    0.3964   -7721.1647  0.4588 
   00353    0.4040   -7757.3213  0.4607 
   00354    0.3888   -7783.2396  0.4587 
   00355    0.4100   -7727.5331  0.4549 
   00356    0.4044   -7737.5096  0.4438 
   00357    0.4108   -7684.6127  0.4353 
   00358    0.4056   -7714.2660  0.4315 
   00359    0.4136   -7732.9233  0.4315 
   00360    0.3948   -7750.2807  0.4309 
   00361    0.4112   -7724.4725  0.4361 
   00362    0.4120   -7765.5085  0.4374 
   00363    0.4052   -7752.9527  0.4315 
   00364    0.3940   -7754.7000  0.4279 
   00365    0.3964   -7707.1979  0.4260 
   00366    0.4040   -7723.6037  0.4190 
   00367    0.3856   -7708.7077  0.4199 
   00368    0.4180   -7728.1934  0.4245 
   00369    0.3952   -7783.5413  0.4276 
   00370    0.3996   -7784.1347  0.4282 
   00371    0.4092   -7756.2711  0.4251 
   00372    0.3932   -7794.5472  0.4314 
   00373    0.4076   -7707.6112  0.4315 
   00374    0.4024   -7687.9420  0.4314 
   00375    0.3956   -7674.6388  0.4323 
   00376    0.4244   -7665.2874  0.4298 
   00377    0.4028   -7669.9959  0.4248 
   00378    0.3956   -7667.6670  0.4254 
   00379    0.4012   -7670.8041  0.4187 
   00380    0.4104   -7619.1138  0.4195 
   00381    0.4124   -7651.2975  0.4163 
   00382    0.3936   -7635.3215  0.4242 
   00383    0.4180   -7661.2589  0.4328 
   00384    0.4060   -7673.4883  0.4359 
   00385    0.3940   -7762.0418  0.4294 
   00386    0.4196   -7665.8525  0.4364 
   00387    0.3928   -7661.0881  0.4405 
   00388    0.3992   -7695.2918  0.4433 
   00389    0.4112   -7656.7377  0.4460 
   00390    0.4056   -7635.1645  0.4465 
   00391    0.3940   -7639.3956  0.4503 
   00392    0.4096   -7629.1233  0.4504 
   00393    0.4084   -7690.8982  0.4419 
   00394    0.4048   -7675.5654  0.4430 
   00395    0.4184   -7703.7581  0.4428 
   00396    0.4020   -7737.1582  0.4449 
   00397    0.3976   -7752.8168  0.4454 
   00398    0.4036   -7727.0768  0.4479 
   00399    0.4032   -7700.0954  0.4532 
   00400    0.4244   -7715.9053  0.4541 
   00401    0.4088   -7647.3157  0.4557 
   00402    0.4164   -7733.2380  0.4472 
   00403    0.4016   -7746.9319  0.4435 
   00404    0.4240   -7791.6586  0.4504 
   00405    0.4180   -7794.8727  0.4508 
   00406    0.4096   -7763.0950  0.4557 
   00407    0.3892   -7774.1592  0.4579 
   00408    0.4096   -7712.8556  0.4470 
   00409    0.3948   -7742.1779  0.4489 
   00410    0.4040   -7735.6061  0.4459 
   00411    0.4176   -7769.1384  0.4471 
   00412    0.3948   -7789.2339  0.4544 
   00413    0.4148   -7806.8256  0.4624 
   00414    0.3968   -7759.2287  0.4563 
   00415    0.4048   -7773.6892  0.4492 
   00416    0.4176   -7744.8023  0.4534 
   00417    0.4028   -7735.6422  0.4529 
   00418    0.4176   -7752.7384  0.4486 
   00419    0.4064   -7818.6836  0.4422 
   00420    0.3988   -7814.9371  0.4572 
   00421    0.4016   -7774.5485  0.4534 
   00422    0.4256   -7755.3043  0.4558 
   00423    0.4268   -7814.7030  0.4605 
   00424    0.4136   -7815.5542  0.4576 
   00425    0.4012   -7832.6266  0.4578 
   00426    0.4064   -7840.3368  0.4565 
   00427    0.4024   -7848.3846  0.4527 
   00428    0.3856   -7849.4237  0.4529 
   00429    0.4200   -7847.5547  0.4512 
   00430    0.4016   -7830.0410  0.4534 
   00431    0.4068   -7819.8594  0.4545 
   00432    0.4032   -7842.5508  0.4464 
   00433    0.3812   -7791.2157  0.4500 
   00434    0.4128   -7794.7990  0.4587 
   00435    0.4116   -7781.9852  0.4562 
   00436    0.3948   -7842.3791  0.4554 
   00437    0.4144   -7843.6566  0.4563 
   00438    0.4096   -7913.0973  0.4574 
   00439    0.4240   -7866.2553  0.4593 
   00440    0.4152   -7810.3794  0.4539 
   00441    0.4152   -7850.8904  0.4546 
   00442    0.3992   -7793.6612  0.4568 
   00443    0.4156   -7783.2585  0.4529 
   00444    0.3944   -7829.2768  0.4523 
   00445    0.4152   -7801.1285  0.4500 
   00446    0.4172   -7802.0814  0.4495 
   00447    0.3828   -7833.9486  0.4508 
   00448    0.4156   -7815.3290  0.4492 
   00449    0.4116   -7814.6571  0.4485 
   00450    0.4180   -7794.8975  0.4543 
   00451    0.4112   -7861.2651  0.4540 
   00452    0.3920   -7823.5893  0.4525 
   00453    0.4052   -7766.1013  0.4554 
   00454    0.4020   -7773.3561  0.4498 
   00455    0.4036   -7787.8082  0.4602 
   00456    0.4008   -7770.2053  0.4569 
   00457    0.4056   -7783.9542  0.4567 
   00458    0.4008   -7812.4464  0.4514 
   00459    0.3960   -7848.1281  0.4515 
   00460    0.3844   -7874.3645  0.4521 
   00461    0.4132   -7893.1945  0.4524 
   00462    0.3988   -7876.2446  0.4587 
   00463    0.4044   -7923.2248  0.4573 
   00464    0.4172   -7952.3929  0.4587 
   00465    0.3984   -7911.2595  0.4617 
   00466    0.3984   -7933.8594  0.4690 
   00467    0.3904   -7915.6512  0.4631 
   00468    0.4100   -7910.8133  0.4638 
   00469    0.3968   -7861.5710  0.4672 
   00470    0.4084   -7893.1545  0.4701 
   00471    0.4040   -7871.7691  0.4752 
   00472    0.4284   -7842.1182  0.4745 
   00473    0.4276   -7805.8878  0.4715 
   00474    0.4024   -7815.4171  0.4720 
   00475    0.3884   -7789.5965  0.4719 
   00476    0.4316   -7802.3085  0.4680 
   00477    0.4164   -7789.6104  0.4668 
   00478    0.4036   -7772.7808  0.4703 
   00479    0.4036   -7813.0135  0.4613 
   00480    0.3980   -7814.1312  0.4658 
   00481    0.4012   -7783.4848  0.4683 
   00482    0.4044   -7795.3651  0.4693 
   00483    0.4072   -7797.7922  0.4739 
   00484    0.4064   -7825.2656  0.4800 
   00485    0.4064   -7800.8403  0.4782 
   00486    0.4208   -7759.7703  0.4695 
   00487    0.4156   -7761.0496  0.4584 
   00488    0.4224   -7783.8792  0.4561 
   00489    0.4084   -7745.3803  0.4539 
   00490    0.4012   -7788.5033  0.4549 
   00491    0.3944   -7849.9704  0.4558 
   00492    0.4036   -7865.0576  0.4621 
   00493    0.4072   -7850.4681  0.4564 
   00494    0.4028   -7806.1902  0.4537 
   00495    0.3956   -7802.7122  0.4599 
   00496    0.4008   -7846.7665  0.4600 
   00497    0.3900   -7850.7897  0.4607 
   00498    0.3972   -7803.9216  0.4590 
   00499    0.4008   -7813.9608  0.4614 
   00500    0.4144   -7840.0452  0.4618 
   00501    0.3984   -7852.2046  0.4560 
   00502    0.3992   -7855.2671  0.4603 
   00503    0.4024   -7835.4687  0.4635 
   00504    0.4104   -7824.8327  0.4654 
   00505    0.4120   -7879.2500  0.4649 
   00506    0.3908   -7945.9415  0.4684 
   00507    0.4088   -7884.0535  0.4666 
   00508    0.3972   -7856.9728  0.4641 
   00509    0.4096   -7775.0551  0.4510 
   00510    0.4016   -7825.2581  0.4555 
   00511    0.4080   -7848.2056  0.4526 
   00512    0.4112   -7810.9787  0.4508 
   00513    0.3916   -7828.3861  0.4448 
   00514    0.4048   -7808.6217  0.4457 
   00515    0.4016   -7817.1373  0.4471 
   00516    0.4088   -7825.0864  0.4522 
   00517    0.3992   -7899.9657  0.4563 
   00518    0.3980   -7935.0689  0.4544 
   00519    0.3828   -7927.5573  0.4581 
   00520    0.4012   -7838.0326  0.4565 
   00521    0.4164   -7817.0723  0.4671 
   00522    0.4036   -7808.3329  0.4635 
   00523    0.3820   -7745.7435  0.4587 
   00524    0.4040   -7772.1258  0.4612 
   00525    0.4100   -7806.4374  0.4723 
   00526    0.4080   -7696.2422  0.4630 
   00527    0.3956   -7753.1606  0.4682 
   00528    0.4120   -7773.1067  0.4814 
   00529    0.4084   -7797.8257  0.4773 
   00530    0.4008   -7774.3997  0.4706 
   00531    0.3980   -7765.2531  0.4763 
   00532    0.4100   -7812.7667  0.4826 
   00533    0.3984   -7824.7656  0.4874 
   00534    0.4120   -7816.4398  0.4766 
   00535    0.4008   -7801.0444  0.4782 
   00536    0.4072   -7773.4461  0.4721 
   00537    0.3964   -7774.5568  0.4633 
   00538    0.4068   -7770.5447  0.4700 
   00539    0.3936   -7845.3434  0.4803 
   00540    0.4204   -7768.6220  0.4814 
   00541    0.4112   -7805.0725  0.4839 
   00542    0.4080   -7825.8203  0.4755 
   00543    0.4168   -7848.3172  0.4749 
   00544    0.3860   -7862.2998  0.4767 
   00545    0.3832   -7891.9602  0.4788 
   00546    0.4008   -7852.4903  0.4759 
   00547    0.3988   -7810.4735  0.4725 
   00548    0.4076   -7841.6951  0.4660 
   00549    0.4068   -7893.0832  0.4748 
   00550    0.3884   -7877.8830  0.4707 
   00551    0.4080   -7847.7799  0.4660 
   00552    0.4088   -7851.7465  0.4602 
   00553    0.3876   -7833.2843  0.4628 
   00554    0.3628   -7819.7003  0.4593 
   00555    0.3992   -7840.0080  0.4647 
   00556    0.3912   -7839.5936  0.4673 
   00557    0.3972   -7803.2837  0.4605 
   00558    0.4076   -7850.8695  0.4616 
   00559    0.4084   -7858.7925  0.4676 
   00560    0.4064   -7855.6114  0.4610 
   00561    0.4064   -7908.4640  0.4650 
   00562    0.3944   -7886.5424  0.4636 
   00563    0.3972   -7829.4371  0.4804 
   00564    0.4128   -7791.7929  0.4734 
   00565    0.4144   -7794.1459  0.4663 
   00566    0.4080   -7791.0689  0.4777 
   00567    0.4180   -7753.4224  0.4777 
   00568    0.4088   -7757.6350  0.4821 
   00569    0.4056   -7755.7413  0.4814 
   00570    0.4016   -7770.1389  0.4822 
   00571    0.3888   -7775.2283  0.4810 
   00572    0.3968   -7844.7698  0.4759 
   00573    0.4080   -7900.1688  0.4839 
   00574    0.3996   -7870.4327  0.4836 
   00575    0.3908   -7937.2328  0.4812 
   00576    0.3960   -7849.3542  0.4800 
   00577    0.4116   -7836.2831  0.4774 
   00578    0.4028   -7800.4801  0.4799 
   00579    0.3992   -7795.8075  0.4889 
   00580    0.4044   -7767.7653  0.4868 
   00581    0.4028   -7846.4787  0.4899 
   00582    0.3832   -7832.2469  0.4936 
   00583    0.4096   -7808.6383  0.4863 
   00584    0.4124   -7811.6936  0.4846 
   00585    0.4068   -7845.1434  0.4936 
   00586    0.3996   -7870.2820  0.4885 
   00587    0.3764   -7825.4355  0.4888 
   00588    0.4104   -7791.8406  0.4903 
   00589    0.4028   -7827.5351  0.4943 
   00590    0.4036   -7851.6071  0.4984 
   00591    0.3908   -7881.2369  0.5023 
   00592    0.3844   -7871.4019  0.5000 
   00593    0.4004   -7840.6683  0.5010 
   00594    0.3924   -7828.9584  0.5021 
   00595    0.3936   -7823.2616  0.5013 
   00596    0.3988   -7813.0666  0.4959 
   00597    0.4000   -7774.5820  0.4971 
   00598    0.4084   -7794.1030  0.5037 
   00599    0.3968   -7877.6450  0.5073 
   00600    0.4036   -7888.1060  0.5087 
   00601    0.4084   -7880.3554  0.5151 
   00602    0.3964   -7887.0587  0.5144 
   00603    0.4144   -7876.8659  0.5169 
   00604    0.4088   -7845.6341  0.5148 
   00605    0.4100   -7878.2630  0.5155 
   00606    0.4044   -7848.9541  0.5104 
   00607    0.4080   -7858.4260  0.5121 
   00608    0.4096   -7806.6180  0.5148 
   00609    0.4140   -7874.2716  0.5154 
   00610    0.3956   -7913.1000  0.5184 
   00611    0.4100   -7892.5956  0.5330 
   00612    0.3668   -7932.4019  0.5286 
   00613    0.3912   -7844.2548  0.5234 
   00614    0.4108   -7892.2308  0.5302 
   00615    0.4128   -7900.2263  0.5286 
   00616    0.4020   -7910.3430  0.5288 
   00617    0.4132   -7842.9754  0.5239 
   00618    0.4148   -7810.8851  0.5252 
   00619    0.4136   -7871.1094  0.5314 
   00620    0.4184   -7918.3351  0.5327 
   00621    0.3928   -7939.7126  0.5324 
   00622    0.3840   -7858.4004  0.5318 
   00623    0.4144   -7916.1175  0.5375 
   00624    0.4120   -7839.0347  0.5408 
   00625    0.3964   -7825.7017  0.5319 
   00626    0.4228   -7805.9463  0.5371 
   00627    0.3876   -7765.8046  0.5252 
   00628    0.3960   -7807.5570  0.5271 
   00629    0.3936   -7824.6748  0.5243 
   00630    0.4040   -7855.8387  0.5294 
   00631    0.4084   -7880.6723  0.5342 
   00632    0.3984   -7900.8809  0.5332 
   00633    0.4012   -7914.5005  0.5336 
   00634    0.3856   -7939.4935  0.5379 
   00635    0.4168   -7878.7929  0.5396 
   00636    0.3972   -7896.6172  0.5458 
   00637    0.3868   -7819.1146  0.5404 
   00638    0.4072   -7866.9592  0.5439 
   00639    0.4068   -7893.8660  0.5438 
   00640    0.3972   -7951.7954  0.5431 
   00641    0.4224   -7962.3671  0.5420 
   00642    0.3984   -7941.5678  0.5389 
   00643    0.3960   -7904.0746  0.5378 
   00644    0.4048   -7840.5662  0.5383 
   00645    0.4152   -7848.3810  0.5349 
   00646    0.4028   -7839.1276  0.5398 
   00647    0.4156   -7856.5043  0.5413 
   00648    0.4004   -7923.6128  0.5359 
   00649    0.3944   -7926.4104  0.5388 
   00650    0.4160   -7920.7962  0.5383 
   00651    0.4092   -7895.3295  0.5344 
   00652    0.3912   -7911.7689  0.5319 
   00653    0.4100   -7926.0283  0.5286 
   00654    0.3960   -7846.9338  0.5296 
   00655    0.3868   -7881.6430  0.5354 
   00656    0.4132   -7875.4425  0.5278 
   00657    0.4172   -7835.1392  0.5276 
   00658    0.3976   -7890.1161  0.5280 
   00659    0.4048   -7939.9487  0.5257 
   00660    0.3896   -7935.9030  0.5337 
   00661    0.4040   -7961.6085  0.5350 
   00662    0.3944   -7924.0338  0.5259 
   00663    0.4120   -7994.6330  0.5298 
   00664    0.3932   -7949.6877  0.5306 
   00665    0.4020   -7923.5844  0.5361 
   00666    0.3976   -7907.1525  0.5336 
   00667    0.3876   -7859.8759  0.5278 
   00668    0.4112   -7812.0978  0.5258 
   00669    0.3852   -7840.7574  0.5236 
   00670    0.3856   -7836.2564  0.5223 
   00671    0.4032   -7897.2474  0.5240 
   00672    0.4040   -7890.1991  0.5250 
   00673    0.3988   -7878.5500  0.5374 
   00674    0.3972   -7866.8610  0.5350 
   00675    0.4256   -7873.0976  0.5325 
   00676    0.4228   -7867.6791  0.5251 
   00677    0.3976   -7842.1838  0.5295 
   00678    0.4120   -7883.0892  0.5306 
   00679    0.4144   -7927.1360  0.5352 
   00680    0.3964   -7881.6984  0.5320 
   00681    0.4016   -7905.2757  0.5347 
   00682    0.4128   -7863.9927  0.5321 
   00683    0.4056   -7921.6648  0.5334 
   00684    0.3900   -7878.8643  0.5315 
   00685    0.4180   -7872.8198  0.5311 
   00686    0.4104   -7802.6168  0.5351 
   00687    0.4088   -7899.2496  0.5389 
   00688    0.3948   -7861.9773  0.5374 
   00689    0.4200   -7887.3180  0.5313 
   00690    0.4044   -7911.2942  0.5313 
   00691    0.3916   -7855.3527  0.5256 
   00692    0.4080   -7864.6333  0.5326 
   00693    0.4136   -7838.3477  0.5337 
   00694    0.3936   -7840.2468  0.5308 
   00695    0.4120   -7846.6046  0.5291 
   00696    0.4012   -7792.1896  0.5239 
   00697    0.3964   -7807.0925  0.5250 
   00698    0.4188   -7842.9840  0.5235 
   00699    0.3944   -7827.4419  0.5210 
   00700    0.3928   -7784.7597  0.5219 
   00701    0.4112   -7793.1122  0.5279 
   00702    0.4144   -7763.5611  0.5255 
   00703    0.4028   -7767.1665  0.5309 
   00704    0.4072   -7793.3564  0.5253 
   00705    0.4092   -7812.3095  0.5285 
   00706    0.4000   -7761.8840  0.5235 
   00707    0.4016   -7791.2715  0.5223 
   00708    0.3980   -7790.3118  0.5159 
   00709    0.4168   -7894.9686  0.5148 
   00710    0.4036   -7867.3039  0.5111 
   00711    0.4088   -7881.5285  0.5159 
   00712    0.4040   -7928.2026  0.5144 
   00713    0.4148   -7897.4296  0.5064 
   00714    0.4020   -7846.1544  0.5140 
   00715    0.3988   -7929.8015  0.5081 
   00716    0.4156   -8006.5709  0.5119 
   00717    0.3808   -7995.7150  0.5085 
   00718    0.3920   -7979.0285  0.5125 
   00719    0.4028   -7990.8252  0.5027 
   00720    0.4016   -7963.4879  0.5053 
   00721    0.4020   -7918.4854  0.5095 
   00722    0.4040   -7932.5435  0.5122 
   00723    0.3968   -7927.5692  0.5135 
   00724    0.3860   -7925.3268  0.5109 
   00725    0.4172   -7842.4999  0.5024 
   00726    0.4124   -7847.8985  0.4995 
   00727    0.4216   -7819.4199  0.5072 
   00728    0.4104   -7804.4693  0.5093 
   00729    0.4032   -7737.0775  0.5001 
   00730    0.4108   -7777.0078  0.4986 
   00731    0.4000   -7811.3315  0.5036 
   00732    0.4012   -7853.4602  0.5042 
   00733    0.4000   -7853.9211  0.5087 
   00734    0.4040   -7833.0415  0.5074 
   00735    0.4028   -7857.5492  0.5037 
   00736    0.4172   -7851.2832  0.5103 
   00737    0.4204   -7861.4563  0.5130 
   00738    0.4232   -7803.9616  0.5062 
   00739    0.4056   -7776.1358  0.5128 
   00740    0.4096   -7731.7453  0.5166 
   00741    0.4100   -7771.7424  0.5197 
   00742    0.4124   -7762.7714  0.5094 
   00743    0.3992   -7817.6071  0.5132 
   00744    0.4072   -7799.6653  0.5176 
   00745    0.3996   -7854.3686  0.5157 
   00746    0.4020   -7917.0456  0.5160 
   00747    0.4136   -7913.9023  0.5139 
   00748    0.4032   -7906.3324  0.5084 
   00749    0.4096   -7900.8815  0.5112 
   00750    0.4044   -7849.3728  0.5171 
   00751    0.3820   -7885.9084  0.5185 
   00752    0.4112   -7883.4703  0.5219 
   00753    0.4048   -7875.0658  0.5213 
   00754    0.3976   -7909.2042  0.5217 
   00755    0.4024   -7923.5483  0.5241 
   00756    0.3988   -7945.0794  0.5187 
   00757    0.3900   -7906.1982  0.5109 
   00758    0.4052   -7900.0277  0.5087 
   00759    0.4020   -7957.9067  0.5166 
   00760    0.4160   -7998.8998  0.5130 
   00761    0.3968   -7975.0162  0.5175 
   00762    0.4032   -7961.0426  0.5174 
   00763    0.3956   -7934.8638  0.5209 
   00764    0.3972   -7938.2220  0.5311 
   00765    0.3900   -7921.6224  0.5344 
   00766    0.4036   -7941.3383  0.5338 
   00767    0.4060   -7939.9526  0.5361 
   00768    0.4080   -7943.8555  0.5368 
   00769    0.3768   -7985.8847  0.5323 
   00770    0.3984   -7994.6903  0.5360 
   00771    0.3832   -7969.1515  0.5334 
   00772    0.3776   -7928.3773  0.5375 
   00773    0.3896   -7897.4543  0.5312 
   00774    0.3888   -7994.2505  0.5358 
   00775    0.4076   -7974.7131  0.5367 
   00776    0.3816   -7962.0904  0.5347 
   00777    0.3976   -7937.5800  0.5365 
   00778    0.3896   -7918.6532  0.5309 
   00779    0.3916   -7912.9933  0.5302 
   00780    0.4040   -7915.7256  0.5325 
   00781    0.3796   -7907.3946  0.5263 
   00782    0.4332   -7908.7148  0.5282 
   00783    0.4248   -7898.2536  0.5302 
   00784    0.3988   -7873.3903  0.5324 
   00785    0.3832   -7843.8176  0.5327 
   00786    0.4092   -7774.4696  0.5365 
   00787    0.4192   -7731.3512  0.5304 
   00788    0.4116   -7798.5680  0.5356 
   00789    0.4080   -7835.0925  0.5343 
   00790    0.4172   -7751.7375  0.5288 
   00791    0.4196   -7816.4448  0.5361 
   00792    0.4216   -7740.3202  0.5372 
   00793    0.3964   -7795.1918  0.5401 
   00794    0.4144   -7799.6820  0.5397 
   00795    0.3804   -7811.5701  0.5326 
   00796    0.4188   -7778.5412  0.5264 
   00797    0.4128   -7760.6241  0.5268 
   00798    0.3860   -7790.0274  0.5253 
   00799    0.3948   -7767.1585  0.5336 
   00800    0.3996   -7794.0874  0.5341 
   00801    0.4068   -7797.6246  0.5314 
   00802    0.4064   -7785.6435  0.5313 
   00803    0.3924   -7831.1367  0.5262 
   00804    0.3960   -7801.8150  0.5159 
   00805    0.4072   -7862.3833  0.5214 
   00806    0.4040   -7861.8310  0.5210 
   00807    0.4104   -7810.0689  0.5222 
   00808    0.3892   -7837.6971  0.5229 
   00809    0.4088   -7910.3826  0.5246 
   00810    0.3940   -7862.8171  0.5253 
   00811    0.4068   -7862.3562  0.5249 
   00812    0.4100   -7874.2133  0.5220 
   00813    0.4064   -7845.7656  0.5182 
   00814    0.3920   -7864.4258  0.5153 
   00815    0.4044   -7914.4620  0.5278 
   00816    0.3868   -7928.2527  0.5283 
   00817    0.3948   -7887.4015  0.5267 
   00818    0.4040   -7884.3902  0.5215 
   00819    0.4100   -7896.9739  0.5258 
   00820    0.4112   -7861.4397  0.5246 
   00821    0.3704   -7840.8301  0.5210 
   00822    0.4084   -7921.4933  0.5260 
   00823    0.3996   -7933.0274  0.5274 
   00824    0.3944   -7946.2984  0.5306 
   00825    0.3888   -7915.3745  0.5290 
   00826    0.4080   -7894.9333  0.5207 
   00827    0.3952   -7904.4492  0.5244 
   00828    0.3992   -7912.4125  0.5228 
   00829    0.4008   -7973.0690  0.5265 
   00830    0.3920   -7901.0410  0.5230 
   00831    0.3868   -7886.7011  0.5182 
   00832    0.3988   -7914.4799  0.5197 
   00833    0.3796   -7917.8263  0.5247 
   00834    0.3900   -7858.4471  0.5145 
   00835    0.4148   -7849.1115  0.5180 
   00836    0.4096   -7899.6512  0.5212 
   00837    0.4116   -7835.9550  0.5208 
   00838    0.4072   -7952.4331  0.5287 
   00839    0.4292   -7909.1585  0.5331 
   00840    0.3964   -7865.7531  0.5325 
   00841    0.3888   -7878.2690  0.5395 
   00842    0.3944   -7862.6958  0.5329 
   00843    0.3968   -7857.6553  0.5272 
   00844    0.4116   -7840.2383  0.5274 
   00845    0.4048   -7851.3590  0.5284 
   00846    0.4116   -7859.2422  0.5239 
   00847    0.4064   -7929.3675  0.5251 
   00848    0.4160   -7877.3219  0.5258 
   00849    0.4028   -7878.4841  0.5214 
   00850    0.3988   -7821.5480  0.5346 
   00851    0.4116   -7789.6841  0.5379 
   00852    0.3952   -7875.6262  0.5370 
   00853    0.4064   -7782.7634  0.5347 
   00854    0.3832   -7839.0385  0.5379 
   00855    0.4016   -7836.4602  0.5430 
   00856    0.4172   -7880.8573  0.5423 
   00857    0.4116   -7875.7203  0.5466 
   00858    0.4004   -7878.1183  0.5418 
   00859    0.4088   -7890.3454  0.5396 
   00860    0.4060   -7879.0358  0.5362 
   00861    0.3908   -7877.6055  0.5347 
   00862    0.4140   -7906.8085  0.5437 
   00863    0.4156   -7880.6350  0.5432 
   00864    0.4184   -7888.5754  0.5468 
   00865    0.4152   -7849.9869  0.5499 
   00866    0.3960   -7855.1305  0.5533 
   00867    0.4040   -7830.8535  0.5500 
   00868    0.4112   -7858.8990  0.5453 
   00869    0.4156   -7833.2475  0.5501 
   00870    0.3968   -7888.8128  0.5516 
   00871    0.4164   -7827.7911  0.5456 
   00872    0.4372   -7873.6760  0.5423 
   00873    0.4076   -7884.7709  0.5465 
   00874    0.4048   -7928.6632  0.5385 
   00875    0.4104   -8003.8519  0.5404 
   00876    0.4164   -7894.6198  0.5346 
   00877    0.4080   -7829.0578  0.5393 
   00878    0.4120   -7844.9304  0.5341 
   00879    0.4100   -7845.8876  0.5246 
   00880    0.4176   -7872.6203  0.5193 
   00881    0.3964   -7968.3645  0.5207 
   00882    0.4016   -7944.1686  0.5138 
   00883    0.4072   -7901.0795  0.5146 
   00884    0.4124   -7875.5971  0.5189 
   00885    0.4012   -7899.6182  0.5241 
   00886    0.3980   -7867.0338  0.5130 
   00887    0.4120   -7896.0814  0.5161 
   00888    0.3972   -7947.3240  0.5052 
   00889    0.3916   -7924.7086  0.5044 
   00890    0.4168   -7951.9191  0.5029 
   00891    0.4092   -7958.5597  0.5036 
   00892    0.3856   -7883.7635  0.5069 
   00893    0.3924   -7886.7704  0.5107 
   00894    0.4060   -7882.8003  0.5134 
   00895    0.4108   -7851.7395  0.5100 
   00896    0.4044   -7882.1978  0.5137 
   00897    0.3992   -7810.0612  0.5160 
   00898    0.3996   -7891.8949  0.5111 
   00899    0.4080   -7863.9987  0.5095 
   00900    0.3976   -7882.3800  0.5123 
   00901    0.4036   -7909.7285  0.5178 
   00902    0.3948   -7897.8065  0.5138 
   00903    0.3904   -7832.4369  0.5136 
   00904    0.4088   -7877.7950  0.5129 
   00905    0.4092   -7925.9517  0.5137 
   00906    0.4020   -7921.1808  0.5179 
   00907    0.3976   -7874.4980  0.5095 
   00908    0.3872   -7826.6860  0.5116 
   00909    0.3924   -7856.0081  0.5084 
   00910    0.4028   -7835.2086  0.5091 
   00911    0.4020   -7843.3698  0.5094 
   00912    0.3944   -7861.0276  0.5129 
   00913    0.3936   -7861.4892  0.5136 
   00914    0.4012   -7914.4348  0.5089 
   00915    0.4016   -7987.7603  0.5122 
   00916    0.3924   -7964.3583  0.5129 
   00917    0.4008   -7970.8801  0.5090 
   00918    0.4000   -7930.1604  0.5093 
   00919    0.3740   -7879.7874  0.5058 
   00920    0.3988   -7924.0805  0.5051 
   00921    0.3944   -7917.1824  0.5084 
   00922    0.3888   -7913.7318  0.5028 
   00923    0.3908   -7925.7170  0.5034 
   00924    0.3796   -7967.4950  0.5077 
   00925    0.3948   -7982.5142  0.5090 
   00926    0.3828   -7948.2853  0.5060 
   00927    0.3984   -8005.5154  0.5091 
   00928    0.3896   -7955.2427  0.5042 
   00929    0.4080   -7891.6062  0.5012 
   00930    0.4124   -7868.8698  0.5091 
   00931    0.4164   -7930.5788  0.5205 
   00932    0.3964   -7931.7932  0.5200 
   00933    0.4028   -7945.5984  0.5158 
   00934    0.3860   -7925.5046  0.5136 
   00935    0.4204   -7901.9233  0.5180 
   00936    0.3980   -7938.9684  0.5170 
   00937    0.3884   -7942.0203  0.5139 
   00938    0.4100   -7972.6363  0.5071 
   00939    0.4024   -7898.3229  0.5009 
   00940    0.4100   -7910.6348  0.4996 
   00941    0.4124   -7920.3424  0.4945 
   00942    0.4056   -7881.5286  0.4974 
   00943    0.4164   -7872.8828  0.5032 
   00944    0.4048   -7903.1691  0.5016 
   00945    0.4184   -7857.2973  0.4980 
   00946    0.4084   -7825.8360  0.5055 
   00947    0.3956   -7812.8603  0.5046 
   00948    0.3952   -7807.8183  0.5123 
   00949    0.4092   -7777.6067  0.5171 
   00950    0.4088   -7761.3534  0.5139 
   00951    0.4088   -7810.2363  0.5176 
   00952    0.4092   -7909.6121  0.5182 
   00953    0.4064   -7819.8839  0.5130 
   00954    0.4064   -7878.1321  0.5189 
   00955    0.4020   -7897.7033  0.5302 
   00956    0.4080   -7903.9746  0.5285 
   00957    0.4144   -7921.4372  0.5323 
   00958    0.3804   -7914.9577  0.5295 
   00959    0.3880   -7857.3397  0.5286 
   00960    0.4004   -7935.5811  0.5266 
   00961    0.3904   -7884.5382  0.5284 
   00962    0.4080   -7928.0889  0.5293 
   00963    0.4084   -7884.9375  0.5259 
   00964    0.4048   -7876.0501  0.5287 
   00965    0.4152   -7853.3817  0.5325 
   00966    0.4028   -7872.0482  0.5308 
   00967    0.3688   -7876.5786  0.5319 
   00968    0.4228   -7897.6557  0.5281 
   00969    0.4012   -7902.3600  0.5315 
   00970    0.3932   -7978.5845  0.5315 
   00971    0.3864   -7858.5318  0.5311 
   00972    0.3836   -7927.4132  0.5342 
   00973    0.3980   -7892.8218  0.5349 
   00974    0.3964   -7860.7398  0.5362 
   00975    0.3868   -7837.4324  0.5318 
   00976    0.4052   -7832.4794  0.5371 
   00977    0.4120   -7860.7880  0.5377 
   00978    0.4112   -7855.5092  0.5412 
   00979    0.4044   -7929.2118  0.5470 
   00980    0.4008   -7925.9751  0.5455 
   00981    0.3992   -7914.8888  0.5409 
   00982    0.3804   -7901.4731  0.5365 
   00983    0.4008   -7945.4770  0.5345 
   00984    0.4016   -7981.8204  0.5385 
   00985    0.3876   -7975.2496  0.5404 
   00986    0.4144   -7909.8769  0.5360 
   00987    0.3860   -7909.8980  0.5400 
   00988    0.4128   -7876.9383  0.5461 
   00989    0.4024   -7864.4248  0.5490 
   00990    0.4204   -7866.8343  0.5464 
   00991    0.4024   -7860.8064  0.5456 
   00992    0.3968   -7862.2502  0.5453 
   00993    0.3916   -7877.1113  0.5439 
   00994    0.4032   -7845.8365  0.5488 
   00995    0.3976   -7888.0895  0.5552 
   00996    0.4052   -7902.3107  0.5562 
   00997    0.4116   -7904.0455  0.5521 
   00998    0.4152   -7917.6567  0.5550 
   00999    0.3988   -7911.3095  0.5523 
   01000    0.3756   -7895.2008  0.5528 
