#=====================================================
# File created:        Tue-12-Mar-2024-at-06-51-06AM
# Size of lattice:     50x50
# Number of MC steps:  1000
# Reduced temperature: 0.650
# Run time (s):        1.327759
#=====================================================
# MC step:  Ratio:     Energy:   Order:
#=====================================================
   00000    0.5000   -2557.4673  0.2675 
   00001    0.7024   -3798.9601  0.2747 
   00002    0.6168   -4484.8243  0.2798 
   00003    0.5544   -4960.5899  0.2852 
   00004    0.5396   -5293.1925  0.2805 
   00005    0.5216   -5513.7547  0.2838 
   00006    0.5164   -5731.7665  0.2849 
   00007    0.5056   -5881.3367  0.2832 
   00008    0.5028   -6011.3489  0.2862 
   00009    0.5020   -6106.4920  0.2910 
   00010    0.4788   -6161.6409  0.2920 
   00011    0.4736   -6263.5704  0.2962 
   00012    0.4620   -6321.4777  0.2916 
   00013    0.4672   -6434.0550  0.2756 
   00014    0.4772   -6550.4665  0.2703 
   00015    0.4628   -6618.6736  0.2818 
   00016    0.4696   -6708.9722  0.2826 
   00017    0.4612   -6828.5321  0.2848 
   00018    0.4532   -6878.1701  0.2837 
   00019    0.4388   -6897.4738  0.2732 
   00020    0.4496   -6881.7798  0.2756 
   00021    0.4520   -6906.7242  0.2738 
   00022    0.4472   -6952.9710  0.2690 
   00023    0.4500   -6907.2515  0.2722 
   00024    0.4288   -6974.7790  0.2761 
   00025    0.4408   -6987.5339  0.2724 
   00026    0.4368   -7042.9347  0.2853 
   00027    0.4580   -7093.2296  0.2957 
   00028    0.4356   -7055.3187  0.2989 
   00029    0.4436   -7054.4121  0.2841 
   00030    0.4408   -7037.4970  0.2790 
   00031    0.4284   -7067.9405  0.2776 
   00032    0.4456   -7106.6895  0.2831 
   00033    0.4456   -7100.3442  0.2941 
   00034    0.4396   -7105.6962  0.3009 
   00035    0.4364   -7125.7452  0.3019 
   00036    0.4408   -7111.8677  0.3071 
   00037    0.4608   -7142.3929  0.3051 
   00038    0.4212   -7148.0058  0.3001 
   00039    0.4192   -7088.8607  0.2986 
   00040    0.4388   -7157.8631  0.2909 
   00041    0.4380   -7189.8537  0.3051 
   00042    0.4396   -7196.8905  0.3023 
   00043    0.4216   -7236.5212  0.3057 
   00044    0.4392   -7270.1559  0.3036 
   00045    0.4192   -7279.2338  0.3054 
   00046    0.4348   -7276.7361  0.3000 
   00047    0.4300   -7254.7660  0.3064 
   00048    0.4196   -7229.7410  0.3000 
   00049    0.4308   -7189.9571  0.3003 
   00050    0.4300   -7270.0786  0.3024 
   00051    0.4372   -7261.9234  0.2912 
   00052    0.4236   -7289.6725  0.2934 
   00053    0.4256   -7293.1586  0.2907 
   00054    0.4212   -7323.5413  0.2843 
   00055    0.4336   -7324.9589  0.2961 
   00056    0.4208   -7358.5943  0.2932 
   00057    0.4408   -7337.4668  0.2927 
   00058    0.4484   -7296.0122  0.2863 
   00059    0.4388   -7275.4113  0.2857 
   00060    0.4292   -7321.5988  0.2872 
   00061    0.4320   -7330.5725  0.2868 
   00062    0.4248   -7254.6018  0.2789 
   00063    0.4412   -7190.4317  0.2835 
   00064    0.4332   -7235.4441  0.2896 
   00065    0.4340   -7245.6609  0.2999 
   00066    0.4260   -7249.1009  0.3014 
   00067    0.4148   -7280.9027  0.3009 
   00068    0.4336   -7234.0146  0.2966 
   00069    0.4380   -7262.7475  0.2940 
   00070    0.4356   -7233.4885  0.2770 
   00071    0.4288   -7271.3086  0.2796 
   00072    0.4376   -7326.9057  0.2769 
   00073    0.4296   -7396.0462  0.2793 
   00074    0.4292   -7395.0626  0.2785 
   00075    0.4368   -7345.4671  0.2798 
   00076    0.4160   -7369.9579  0.2850 
   00077    0.4256   -7388.9758  0.2895 
   00078    0.4232   -7387.5240  0.2905 
   00079    0.4188   -7345.0555  0.2814 
   00080    0.4324   -7328.0582  0.2892 
   00081    0.4368   -7358.3427  0.2838 
   00082    0.4288   -7365.8265  0.2884 
   00083    0.4284   -7312.0419  0.2847 
   00084    0.4388   -7304.6793  0.2895 
   00085    0.4316   -7373.7671  0.3033 
   00086    0.4148   -7392.7217  0.3018 
   00087    0.4452   -7444.6385  0.3033 
   00088    0.4100   -7369.9231  0.3003 
   00089    0.4196   -7382.5740  0.2982 
   00090    0.4240   -7354.4063  0.2946 
   00091    0.4256   -7361.1186  0.2923 
   00092    0.4352   -7354.7623  0.2935 
   00093    0.4212   -7385.0733  0.2932 
   00094    0.4308   -7402.4023  0.2944 
   00095    0.4476   -7353.7082  0.2840 
   00096    0.4268   -7399.6892  0.2849 
   00097    0.4356   -7387.5567  0.2871 
   00098    0.4344   -7400.5227  0.2929 
   00099    0.4168   -7376.4736  0.2945 
   00100    0.4008   -7349.6435  0.3022 
   00101    0.4092   -7311.7372  0.2931 
   00102    0.4112   -7398.6950  0.2992 
   00103    0.4220   -7465.5471  0.2980 
   00104    0.4060   -7469.5687  0.2971 
   00105    0.4344   -7508.4846  0.2974 
   00106    0.4196   -7476.6356  0.2988 
   00107    0.4312   -7466.2319  0.3070 
   00108    0.4148   -7467.2190  0.3082 
   00109    0.4316   -7457.0048  0.3079 
   00110    0.4176   -7407.2503  0.3115 
   00111    0.4280   -7373.5737  0.3119 
   00112    0.4308   -7348.9476  0.3150 
   00113    0.4332   -7426.4587  0.3187 
   00114    0.4284   -7343.8587  0.3207 
   00115    0.4296   -7345.4253  0.3284 
   00116    0.4356   -7355.9558  0.3348 
   00117    0.4296   -7368.8403  0.3359 
   00118    0.4312   -7397.1249  0.3363 
   00119    0.4260   -7416.2200  0.3369 
   00120    0.4160   -7370.5676  0.3286 
   00121    0.4112   -7367.3910  0.3236 
   00122    0.4204   -7361.6963  0.3290 
   00123    0.4260   -7394.1015  0.3287 
   00124    0.4392   -7419.6251  0.3271 
   00125    0.4284   -7449.7169  0.3361 
   00126    0.4196   -7447.6281  0.3396 
   00127    0.4248   -7440.4477  0.3309 
   00128    0.4352   -7473.7202  0.3317 
   00129    0.4080   -7472.5427  0.3342 
   00130    0.4244   -7465.0425  0.3315 
   00131    0.4176   -7463.0197  0.3279 
   00132    0.4396   -7480.1276  0.3281 
   00133    0.4336   -7467.5343  0.3396 
   00134    0.4252   -7479.1414  0.3472 
   00135    0.4336   -7492.4907  0.3532 
   00136    0.4300   -7545.5974  0.3518 
   00137    0.4168   -7525.8128  0.3586 
   00138    0.4400   -7498.0059  0.3584 
   00139    0.4044   -7533.3291  0.3546 
   00140    0.4168   -7467.7856  0.3534 
   00141    0.4092   -7420.2558  0.3568 
   00142    0.4256   -7401.2005  0.3563 
   00143    0.4108   -7450.5368  0.3468 
   00144    0.4288   -7435.5834  0.3513 
   00145    0.4192   -7442.5484  0.3421 
   00146    0.4196   -7422.7012  0.3434 
   00147    0.4288   -7406.3605  0.3406 
   00148    0.4300   -7382.4488  0.3417 
   00149    0.4236   -7376.5998  0.3405 
   00150    0.4164   -7444.0421  0.3407 
   00151    0.4092   -7449.2656  0.3378 
   00152    0.4392   -7469.5632  0.3329 
   00153    0.4116   -7480.9794  0.3292 
   00154    0.4268   -7480.1871  0.3234 
   00155    0.4316   -7511.7899  0.3261 
   00156    0.4220   -7502.9909  0.3290 
   00157    0.4216   -7494.3476  0.3237 
   00158    0.4080   -7428.3934  0.3236 
   00159    0.4236   -7435.5303  0.3257 
   00160    0.4128   -7399.9224  0.3237 
   00161    0.4228   -7411.0559  0.3209 
   00162    0.4304   -7415.7297  0.3283 
   00163    0.4308   -7436.8668  0.3379 
   00164    0.4100   -7436.3555  0.3393 
   00165    0.4232   -7433.7857  0.3410 
   00166    0.4296   -7440.8303  0.3417 
   00167    0.4028   -7387.9424  0.3427 
   00168    0.4168   -7407.6514  0.3348 
   00169    0.4388   -7465.5397  0.3331 
   00170    0.4248   -7524.1265  0.3423 
   00171    0.4004   -7551.0900  0.3439 
   00172    0.4060   -7517.4210  0.3474 
   00173    0.4216   -7525.5992  0.3492 
   00174    0.4052   -7470.6080  0.3456 
   00175    0.4332   -7450.7571  0.3495 
   00176    0.4192   -7464.5157  0.3552 
   00177    0.4092   -7437.4580  0.3462 
   00178    0.4216   -7457.8273  0.3391 
   00179    0.4192   -7371.3641  0.3387 
   00180    0.4356   -7419.3698  0.3392 
   00181    0.4248   -7442.8810  0.3266 
   00182    0.4252   -7458.5452  0.3270 
   00183    0.4396   -7431.7619  0.3336 
   00184    0.3956   -7430.4522  0.3384 
   00185    0.4160   -7453.8190  0.3454 
   00186    0.4296   -7406.9480  0.3448 
   00187    0.4180   -7394.0408  0.3442 
   00188    0.4396   -7429.1514  0.3407 
   00189    0.4316   -7433.0100  0.3344 
   00190    0.4204   -7404.6712  0.3303 
   00191    0.4144   -7423.6654  0.3378 
   00192    0.4152   -7451.7890  0.3410 
   00193    0.4044   -7431.1012  0.3359 
   00194    0.4204   -7447.1753  0.3295 
   00195    0.4192   -7418.3326  0.3272 
   00196    0.4200   -7392.8673  0.3200 
   00197    0.4320   -7355.1550  0.3282 
   00198    0.4216   -7381.2650  0.3273 
   00199    0.4252   -7376.6254  0.3282 
   00200    0.4196   -7427.8290  0.3270 
   00201    0.4168   -7412.5721  0.3273 
   00202    0.4440   -7456.8607  0.3251 
   00203    0.4120   -7457.2316  0.3237 
   00204    0.4268   -7422.0129  0.3243 
   00205    0.4144   -7501.4171  0.3270 
   00206    0.4108   -7436.2310  0.3227 
   00207    0.4284   -7391.6905  0.3310 
   00208    0.4420   -7416.2865  0.3350 
   00209    0.4276   -7473.0727  0.3393 
   00210    0.4052   -7431.2024  0.3379 
   00211    0.4196   -7386.5099  0.3321 
   00212    0.4244   -7363.3357  0.3301 
   00213    0.4296   -7328.7058  0.3299 
   00214    0.4144   -7340.5565  0.3308 
   00215    0.4252   -7381.0535  0.3297 
   00216    0.4268   -7404.1966  0.3311 
   00217    0.4288   -7414.5765  0.3403 
   00218    0.4144   -7407.0572  0.3376 
   00219    0.4260   -7380.7378  0.3395 
   00220    0.4264   -7385.9840  0.3350 
   00221    0.4360   -7318.9356  0.3342 
   00222    0.4272   -7370.9556  0.3372 
   00223    0.4260   -7411.4268  0.3394 
   00224    0.4312   -7466.4856  0.3407 
   00225    0.4192   -7416.1292  0.3423 
   00226    0.3948   -7458.4804  0.3392 
   00227    0.4388   -7442.1492  0.3420 
   00228    0.4212   -7436.2215  0.3357 
   00229    0.4244   -7466.7989  0.3310 
   00230    0.4280   -7509.4376  0.3390 
   00231    0.4240   -7443.3484  0.3439 
   00232    0.4280   -7456.1465  0.3434 
   00233    0.4272   -7459.4698  0.3460 
   00234    0.4272   -7486.6238  0.3504 
   00235    0.4372   -7533.4314  0.3476 
   00236    0.4272   -7481.3372  0.3590 
   00237    0.4248   -7462.8126  0.3544 
   00238    0.4144   -7525.1140  0.3500 
   00239    0.4192   -7497.9463  0.3422 
   00240    0.4056   -7424.1513  0.3466 
   00241    0.4520   -7473.6328  0.3459 
   00242    0.4240   -7453.3353  0.3414 
   00243    0.4420   -7405.5815  0.3460 
   00244    0.4152   -7380.8720  0.3595 
   00245    0.4104   -7404.6341  0.3618 
   00246    0.4136   -7395.2150  0.3643 
   00247    0.4156   -7454.0298  0.3645 
   00248    0.4140   -7472.9951  0.3620 
   00249    0.4200   -7472.4464  0.3605 
   00250    0.4128   -7536.3667  0.3642 
   00251    0.4112   -7541.2321  0.3692 
   00252    0.4168   -7465.2250  0.3728 
   00253    0.4156   -7512.6290  0.3755 
   00254    0.4048   -7523.4350  0.3756 
   00255    0.4032   -7516.0519  0.3773 
   00256    0.4092   -7473.0346  0.3811 
   00257    0.4124   -7482.0827  0.3845 
   00258    0.4052   -7505.6045  0.3873 
   00259    0.4204   -7460.5057  0.3906 
   00260    0.4228   -7468.4341  0.3908 
   00261    0.4212   -7481.7259  0.3978 
   00262    0.4356   -7454.1757  0.4038 
   00263    0.4292   -7465.2975  0.3986 
   00264    0.4104   -7447.0289  0.4038 
   00265    0.4244   -7491.0346  0.4003 
   00266    0.4252   -7509.3767  0.4055 
   00267    0.4228   -7495.5710  0.4118 
   00268    0.4216   -7535.5093  0.4160 
   00269    0.4144   -7501.8206  0.4179 
   00270    0.4148   -7551.4486  0.4092 
   00271    0.4384   -7584.0344  0.4131 
   00272    0.4168   -7628.4766  0.4102 
   00273    0.4128   -7650.2895  0.4114 
   00274    0.4160   -7581.5300  0.3993 
   00275    0.4136   -7652.9426  0.4006 
   00276    0.4144   -7593.0504  0.4001 
   00277    0.4288   -7615.1503  0.4049 
   00278    0.4284   -7607.8554  0.4111 
   00279    0.4272   -7626.9926  0.4132 
   00280    0.4040   -7618.2097  0.4149 
   00281    0.4344   -7621.4027  0.4215 
   00282    0.4032   -7562.6886  0.4189 
   00283    0.4240   -7552.0494  0.4193 
   00284    0.4336   -7538.1872  0.4107 
   00285    0.4272   -7579.0874  0.4156 
   00286    0.4168   -7628.9855  0.4146 
   00287    0.3932   -7618.0013  0.4106 
   00288    0.4256   -7651.0042  0.4085 
   00289    0.4112   -7666.2399  0.4115 
   00290    0.4160   -7623.6175  0.4163 
   00291    0.4336   -7596.5659  0.4134 
   00292    0.4268   -7603.3854  0.4147 
   00293    0.4156   -7593.6098  0.4212 
   00294    0.4156   -7615.2462  0.4220 
   00295    0.4076   -7657.6027  0.4164 
   00296    0.4032   -7614.4463  0.4116 
   00297    0.4088   -7634.4397  0.4098 
   00298    0.4016   -7708.6252  0.4149 
   00299    0.4108   -7737.0014  0.4147 
   00300    0.4108   -7695.8531  0.4140 
   00301    0.4220   -7691.4647  0.4166 
   00302    0.4004   -7697.5546  0.4150 
   00303    0.4172   -7654.6036  0.4124 
   00304    0.4276   -7644.5084  0.4136 
   00305    0.4192   -7707.7674  0.4163 
   00306    0.4156   -7713.7002  0.4184 
   00307    0.4172   -7701.1996  0.4205 
   00308    0.4156   -7729.4537  0.4239 
   00309    0.4048   -7726.0446  0.4208 
   00310    0.4140   -7763.9460  0.4266 
   00311    0.4172   -7675.4864  0.4296 
   00312    0.4108   -7714.6764  0.4205 
   00313    0.4180   -7762.3307  0.4234 
   00314    0.4044   -7721.3162  0.4300 
   00315    0.4252   -7781.8010  0.4293 
   00316    0.4220   -7792.6398  0.4186 
   00317    0.4252   -7822.6936  0.4217 
   00318    0.4108   -7802.9608  0.4266 
   00319    0.4072   -7830.7771  0.4207 
   00320    0.4140   -7810.7361  0.4205 
   00321    0.4224   -7734.5926  0.4123 
   00322    0.4044   -7698.3888  0.4065 
   00323    0.4064   -7725.6242  0.4100 
   00324    0.4164   -7703.1811  0.4102 
   00325    0.4040   -7701.0066  0.4088 
   00326    0.4176   -7754.1918  0.4099 
   00327    0.4352   -7772.1228  0.4105 
   00328    0.4096   -7722.4765  0.4163 
   00329    0.3928   -7716.5793  0.4202 
   00330    0.4132   -7725.3828  0.4156 
   00331    0.4008   -7687.7386  0.4126 
   00332    0.4108   -7701.5928  0.4139 
   00333    0.4208   -7671.5624  0.4165 
   00334    0.4296   -7671.2398  0.4258 
   00335    0.4172   -7683.8249  0.4256 
   00336    0.4136   -7726.9526  0.4261 
   00337    0.4056   -7707.3512  0.4229 
   00338    0.4180   -7804.2565  0.4332 
   00339    0.4096   -7742.5192  0.4427 
   00340    0.4096   -7737.2726  0.4468 
   00341    0.4280   -7671.3832  0.4404 
   00342    0.3944   -7689.7748  0.4377 
   00343    0.3984   -7651.7278  0.4393 
   00344    0.4080   -7658.6395  0.4374 
   00345    0.4124   -7631.7887  0.4355 
   00346    0.4088   -7706.8630  0.4326 
   00347    0.3932   -7691.7522  0.4316 
   00348    0.4216   -7627.0045  0.4312 
   00349    0.4220   -7670.8055  0.4314 
   00350    0.4040   -7650.3902  0.4289 
   00351    0.4192   -7674.3984  0.4411 
   00352    0.4100   -7773.6782  0.4426 
   00353    0.4108   -7701.3702  0.4385 
   00354    0.4108   -7650.5691  0.4364 
   00355    0.4256   -7708.5537  0.4436 
   00356    0.4148   -7714.0228  0.4422 
   00357    0.4100   -7709.2185  0.4479 
   00358    0.3996   -7712.9358  0.4504 
   00359    0.4276   -7762.8028  0.4530 
   00360    0.4112   -7778.4115  0.4478 
   00361    0.3992   -7829.6684  0.4548 
   00362    0.3828   -7828.8936  0.4565 
   00363    0.4060   -7774.4547  0.4586 
   00364    0.4056   -7768.0092  0.4604 
   00365    0.4188   -7790.8892  0.4603 
   00366    0.4176   -7773.4192  0.4543 
   00367    0.4204   -7751.7509  0.4523 
   00368    0.4108   -7767.2831  0.4489 
   00369    0.4152   -7774.6000  0.4549 
   00370    0.4024   -7823.2421  0.4503 
   00371    0.4020   -7808.5112  0.4442 
   00372    0.3876   -7754.5118  0.4401 
   00373    0.4096   -7802.2405  0.4387 
   00374    0.3876   -7773.6551  0.4413 
   00375    0.4076   -7831.0565  0.4478 
   00376    0.4188   -7846.7886  0.4411 
   00377    0.3996   -7774.3535  0.4475 
   00378    0.4196   -7802.8795  0.4504 
   00379    0.4112   -7812.0455  0.4560 
   00380    0.3932   -7820.8468  0.4594 
   00381    0.4188   -7824.9279  0.4540 
   00382    0.4152   -7869.8151  0.4542 
   00383    0.4256   -7863.3589  0.4512 
   00384    0.4028   -7861.1849  0.4533 
   00385    0.4100   -7821.9223  0.4488 
   00386    0.4088   -7782.5663  0.4596 
   00387    0.4340   -7774.8603  0.4547 
   00388    0.4004   -7812.6990  0.4583 
   00389    0.3992   -7851.4349  0.4603 
   00390    0.4116   -7784.8614  0.4601 
   00391    0.4092   -7774.2567  0.4580 
   00392    0.4032   -7830.1406  0.4637 
   00393    0.4084   -7877.1475  0.4673 
   00394    0.4100   -7875.8314  0.4647 
   00395    0.4020   -7826.4709  0.4653 
   00396    0.3972   -7860.4447  0.4649 
   00397    0.4108   -7831.9903  0.4706 
   00398    0.4116   -7870.7929  0.4656 
   00399    0.4088   -7862.7575  0.4634 
   00400    0.3964   -7822.3432  0.4689 
   00401    0.4008   -7875.4846  0.4688 
   00402    0.3992   -7914.4743  0.4740 
   00403    0.3964   -7981.7655  0.4816 
   00404    0.3996   -7940.4088  0.4921 
   00405    0.4060   -7893.3477  0.4924 
   00406    0.3940   -7870.7519  0.4859 
   00407    0.4176   -7887.7123  0.4885 
   00408    0.4028   -7826.7005  0.4814 
   00409    0.3900   -7801.1592  0.4765 
   00410    0.4152   -7852.1530  0.4727 
   00411    0.4180   -7843.2071  0.4818 
   00412    0.4028   -7774.0871  0.4719 
   00413    0.4044   -7839.9028  0.4771 
   00414    0.4008   -7803.6589  0.4710 
   00415    0.4008   -7832.7278  0.4772 
   00416    0.3996   -7769.8520  0.4710 
   00417    0.4044   -7756.7496  0.4713 
   00418    0.4076   -7836.7246  0.4705 
   00419    0.3972   -7872.3311  0.4796 
   00420    0.3840   -7877.8675  0.4816 
   00421    0.3904   -7874.3505  0.4811 
   00422    0.4152   -7886.1792  0.4809 
   00423    0.4000   -7893.0763  0.4775 
   00424    0.3924   -7903.8573  0.4762 
   00425    0.3908   -7808.2741  0.4747 
   00426    0.4184   -7810.7526  0.4671 
   00427    0.4112   -7846.1250  0.4656 
   00428    0.4048   -7848.3966  0.4607 
   00429    0.3992   -7841.2112  0.4614 
   00430    0.4044   -7819.8406  0.4671 
   00431    0.3916   -7847.3014  0.4671 
   00432    0.4132   -7785.6479  0.4654 
   00433    0.4012   -7786.4696  0.4621 
   00434    0.3960   -7827.7362  0.4647 
   00435    0.4292   -7848.7103  0.4569 
   00436    0.4192   -7865.1888  0.4561 
   00437    0.4124   -7846.8228  0.4615 
   00438    0.3932   -7831.7582  0.4698 
   00439    0.4132   -7784.7903  0.4721 
   00440    0.4112   -7780.4144  0.4774 
   00441    0.4152   -7780.2079  0.4901 
   00442    0.4096   -7718.8603  0.4892 
   00443    0.4052   -7750.5917  0.4851 
   00444    0.4280   -7751.9148  0.4847 
   00445    0.4060   -7725.5616  0.4849 
   00446    0.4012   -7770.8234  0.4881 
   00447    0.4040   -7763.3090  0.4904 
   00448    0.4124   -7806.5603  0.4871 
   00449    0.4044   -7867.5528  0.4888 
   00450    0.4120   -7885.1183  0.4909 
   00451    0.3868   -7853.7646  0.4828 
   00452    0.4048   -7842.9111  0.4803 
   00453    0.4092   -7838.1736  0.4906 
   00454    0.4196   -7870.8743  0.4890 
   00455    0.4000   -7865.7982  0.4888 
   00456    0.4172   -7879.0143  0.4891 
   00457    0.4144   -7880.0883  0.4942 
   00458    0.4064   -7831.0248  0.4915 
   00459    0.4060   -7788.2501  0.4859 
   00460    0.4228   -7844.6880  0.4860 
   00461    0.4028   -7901.4456  0.4932 
   00462    0.4092   -7878.6841  0.4964 
   00463    0.4176   -7877.8282  0.4999 
   00464    0.4020   -7870.3368  0.4929 
   00465    0.4040   -7899.6373  0.4834 
   00466    0.4072   -7873.2371  0.4854 
   00467    0.4104   -7888.3553  0.4788 
   00468    0.4116   -7884.0179  0.4774 
   00469    0.3964   -7789.7874  0.4698 
   00470    0.3980   -7831.9483  0.4712 
   00471    0.3968   -7805.0288  0.4772 
   00472    0.4108   -7824.4093  0.4879 
   00473    0.3944   -7842.5868  0.4885 
   00474    0.3920   -7831.4300  0.4848 
   00475    0.4172   -7876.4106  0.4891 
   00476    0.4060   -7959.3251  0.4932 
   00477    0.4096   -7904.7463  0.4876 
   00478    0.3968   -7857.7612  0.4827 
   00479    0.4052   -7814.3261  0.4836 
   00480    0.4092   -7792.8394  0.4847 
   00481    0.3992   -7825.0563  0.4874 
   00482    0.4100   -7855.0419  0.4903 
   00483    0.4080   -7810.1259  0.4891 
   00484    0.4092   -7816.3223  0.4888 
   00485    0.4000   -7801.2902  0.4916 
   00486    0.4088   -7825.1778  0.4849 
   00487    0.3996   -7795.0692  0.4845 
   00488    0.3944   -7820.5873  0.4890 
   00489    0.4136   -7821.3052  0.4864 
   00490    0.4060   -7830.7438  0.4840 
   00491    0.3952   -7837.6486  0.4909 
   00492    0.3944   -7836.7571  0.4913 
   00493    0.4044   -7823.1501  0.4878 
   00494    0.4176   -7845.7110  0.4846 
   00495    0.4096   -7798.2940  0.4826 
   00496    0.4216   -7816.9883  0.4782 
   00497    0.4060   -7784.2970  0.4744 
   00498    0.4020   -7798.1459  0.4740 
   00499    0.4048   -7898.2174  0.4705 
   00500    0.3996   -7836.2230  0.4777 
   00501    0.3832   -7810.6183  0.4790 
   00502    0.4056   -7806.3024  0.4905 
   00503    0.3980   -7782.9797  0.4833 
   00504    0.4156   -7745.2298  0.4843 
   00505    0.4192   -7757.4264  0.4915 
   00506    0.4252   -7733.0216  0.4905 
   00507    0.4084   -7743.0288  0.4950 
   00508    0.4260   -7730.1256  0.4999 
   00509    0.4012   -7764.5186  0.5062 
   00510    0.4016   -7766.5557  0.5119 
   00511    0.4224   -7715.2185  0.5129 
   00512    0.4040   -7722.0681  0.5114 
   00513    0.3972   -7747.7478  0.5102 
   00514    0.4084   -7798.4538  0.5109 
   00515    0.4104   -7797.8246  0.5095 
   00516    0.4192   -7746.7770  0.5130 
   00517    0.4068   -7739.3036  0.5065 
   00518    0.4076   -7749.9630  0.5041 
   00519    0.4124   -7744.9731  0.5090 
   00520    0.4164   -7738.6490  0.5128 
   00521    0.3872   -7792.9503  0.5070 
   00522    0.3960   -7798.7675  0.4999 
   00523    0.4168   -7817.2026  0.5018 
   00524    0.4192   -7893.1665  0.5041 
   00525    0.3944   -7878.2452  0.4990 
   00526    0.4132   -7779.7028  0.4940 
   00527    0.4108   -7823.8005  0.4989 
   00528    0.3960   -7809.2464  0.5045 
   00529    0.4040   -7793.8172  0.4956 
   00530    0.4264   -7775.6230  0.5012 
   00531    0.4016   -7712.4335  0.5023 
   00532    0.4160   -7755.3505  0.5012 
   00533    0.4272   -7748.1565  0.5055 
   00534    0.4096   -7695.2227  0.5010 
   00535    0.4092   -7724.9341  0.4940 
   00536    0.4116   -7784.9316  0.4919 
   00537    0.4168   -7786.2004  0.4883 
   00538    0.4156   -7816.1052  0.4848 
   00539    0.4032   -7830.9953  0.4820 
   00540    0.4124   -7826.4786  0.4803 
   00541    0.4064   -7822.7092  0.4760 
   00542    0.4088   -7855.9274  0.4810 
   00543    0.4028   -7902.9298  0.4826 
   00544    0.3856   -7836.2333  0.4798 
   00545    0.4016   -7872.9756  0.4773 
   00546    0.3952   -7906.0731  0.4738 
   00547    0.4028   -7877.7351  0.4892 
   00548    0.3980   -7897.9838  0.4892 
   00549    0.4140   -7838.9643  0.4846 
   00550    0.4124   -7836.5761  0.4838 
   00551    0.3896   -7801.4742  0.4817 
   00552    0.4168   -7851.0355  0.4852 
   00553    0.3924   -7876.2705  0.4853 
   00554    0.3920   -7839.8211  0.4780 
   00555    0.4212   -7867.2137  0.4731 
   00556    0.3972   -7856.8193  0.4688 
   00557    0.4240   -7893.0865  0.4804 
   00558    0.3964   -7867.5617  0.4787 
   00559    0.4072   -7866.1709  0.4852 
   00560    0.4136   -7852.0792  0.4851 
   00561    0.4016   -7741.5062  0.4790 
   00562    0.4080   -7781.3966  0.4785 
   00563    0.4204   -7812.4251  0.4855 
   00564    0.4124   -7812.3876  0.4924 
   00565    0.4076   -7837.1408  0.4919 
   00566    0.3964   -7886.7741  0.5032 
   00567    0.4028   -7878.3970  0.5023 
   00568    0.4028   -7882.3814  0.4995 
   00569    0.4000   -7852.0833  0.5041 
   00570    0.4132   -7870.1737  0.5058 
   00571    0.4016   -7846.2663  0.5068 
   00572    0.4240   -7879.7174  0.5090 
   00573    0.4060   -7867.9511  0.5117 
   00574    0.4032   -7964.4732  0.5117 
   00575    0.3908   -7904.7007  0.4998 
   00576    0.4140   -7906.4228  0.4985 
   00577    0.3948   -7902.1597  0.4957 
   00578    0.3824   -7883.9685  0.5024 
   00579    0.4148   -7898.9660  0.5057 
   00580    0.3996   -7856.4117  0.5038 
   00581    0.3992   -7866.6128  0.4982 
   00582    0.4080   -7836.8118  0.4977 
   00583    0.4048   -7817.7800  0.4941 
   00584    0.3976   -7822.8385  0.4940 
   00585    0.3944   -7844.1252  0.4987 
   00586    0.4152   -7829.4128  0.5008 
   00587    0.4096   -7812.7627  0.5036 
   00588    0.4252   -7771.7615  0.5018 
   00589    0.4168   -7752.1198  0.4999 
   00590    0.3992   -7765.0068  0.4991 
   00591    0.4072   -7778.5671  0.5108 
   00592    0.4040   -7809.8404  0.5121 
   00593    0.4028   -7827.1076  0.5184 
   00594    0.4196   -7812.0951  0.5158 
   00595    0.4052   -7794.5216  0.5100 
   00596    0.4268   -7794.6085  0.5057 
   00597    0.4044   -7830.3105  0.5091 
   00598    0.4216   -7816.8494  0.5047 
   00599    0.4016   -7831.5685  0.5088 
   00600    0.4196   -7855.9964  0.5132 
   00601    0.3992   -7890.8109  0.5183 
   00602    0.3888   -7895.1381  0.5261 
   00603    0.4080   -7868.2213  0.5219 
   00604    0.4100   -7855.7682  0.5178 
   00605    0.4152   -7925.3249  0.5307 
   00606    0.4192   -7915.6732  0.5345 
   00607    0.3976   -7946.9799  0.5332 
   00608    0.4088   -7865.8912  0.5328 
   00609    0.3936   -7929.6821  0.5345 
   00610    0.4076   -7874.7706  0.5421 
   00611    0.4112   -7882.6073  0.5438 
   00612    0.3928   -7921.7405  0.5454 
   00613    0.4088   -7851.9720  0.5398 
   00614    0.4156   -7840.7848  0.5376 
   00615    0.3984   -7799.9010  0.5292 
   00616    0.4108   -7861.8592  0.5327 
   00617    0.4160   -7831.4752  0.5300 
   00618    0.4016   -7806.7776  0.5257 
   00619    0.4056   -7808.4172  0.5227 
   00620    0.4188   -7840.0908  0.5200 
   00621    0.4028   -7795.9997  0.5203 
   00622    0.4128   -7808.3593  0.5170 
   00623    0.4040   -7834.6947  0.5193 
   00624    0.3908   -7818.5174  0.5134 
   00625    0.4196   -7798.3744  0.5070 
   00626    0.4028   -7789.0960  0.5044 
   00627    0.4188   -7819.6801  0.5085 
   00628    0.4272   -7789.2619  0.5117 
   00629    0.4016   -7833.3129  0.5054 
   00630    0.4092   -7816.7022  0.5058 
   00631    0.4024   -7854.2345  0.5113 
   00632    0.4056   -7853.7401  0.5087 
   00633    0.4176   -7870.0342  0.5098 
   00634    0.4080   -7885.4985  0.5082 
   00635    0.4016   -7838.6879  0.5043 
   00636    0.4016   -7904.1200  0.5101 
   00637    0.3996   -7891.8377  0.5062 
   00638    0.4176   -7858.4511  0.5066 
   00639    0.4104   -7895.4166  0.5084 
   00640    0.3968   -7893.9648  0.5085 
   00641    0.4136   -7841.4311  0.5071 
   00642    0.4156   -7792.1232  0.5069 
   00643    0.3864   -7834.6579  0.5067 
   00644    0.3864   -7800.8745  0.5095 
   00645    0.4160   -7882.0882  0.5062 
   00646    0.4172   -7876.3612  0.4992 
   00647    0.4128   -7865.5856  0.4930 
   00648    0.4164   -7879.3209  0.4968 
   00649    0.4212   -7828.8186  0.4955 
   00650    0.4064   -7818.7101  0.4970 
   00651    0.4144   -7846.7046  0.5076 
   00652    0.3924   -7845.0235  0.5060 
   00653    0.4184   -7903.3671  0.5190 
   00654    0.4044   -7892.4919  0.5031 
   00655    0.3912   -7877.5317  0.5072 
   00656    0.4080   -7828.6530  0.5074 
   00657    0.4076   -7825.1062  0.5065 
   00658    0.4012   -7798.5731  0.5065 
   00659    0.3928   -7822.5743  0.5132 
   00660    0.4096   -7871.6227  0.5229 
   00661    0.4052   -7844.3415  0.5179 
   00662    0.4220   -7863.5107  0.5187 
   00663    0.3996   -7868.6005  0.5206 
   00664    0.3936   -7874.1785  0.5172 
   00665    0.4008   -7872.8501  0.5209 
   00666    0.4100   -7856.6441  0.5183 
   00667    0.4216   -7866.3867  0.5190 
   00668    0.3952   -7865.2379  0.5226 
   00669    0.4216   -7857.3965  0.5180 
   00670    0.3972   -7836.2919  0.5163 
   00671    0.4024   -7866.0638  0.5111 
   00672    0.4044   -7883.9168  0.5192 
   00673    0.4048   -7862.7205  0.5099 
   00674    0.3988   -7898.5857  0.5044 
   00675    0.4044   -7874.6915  0.5072 
   00676    0.3804   -7933.5073  0.5092 
   00677    0.4140   -7918.8389  0.5113 
   00678    0.3936   -7942.8913  0.5162 
   00679    0.4024   -7876.7450  0.5173 
   00680    0.3916   -7886.6048  0.5153 
   00681    0.3928   -7873.3587  0.5080 
   00682    0.4200   -7888.1205  0.5097 
   00683    0.3992   -7866.1106  0.5138 
   00684    0.4232   -7862.1806  0.5144 
   00685    0.3932   -7813.5515  0.5116 
   00686    0.3864   -7840.7595  0.5100 
   00687    0.4056   -7835.6771  0.5176 
   00688    0.3956   -7834.3480  0.5179 
   00689    0.3912   -7923.7355  0.5181 
   00690    0.4004   -7877.9520  0.5181 
   00691    0.4100   -7867.8879  0.5154 
   00692    0.3896   -7785.4516  0.5165 
   00693    0.4160   -7788.1947  0.5152 
   00694    0.4160   -7833.9436  0.5069 
   00695    0.3940   -7829.0335  0.4959 
   00696    0.4188   -7798.2159  0.5011 
   00697    0.4208   -7801.9624  0.4991 
   00698    0.3988   -7774.9561  0.5030 
   00699    0.4004   -7786.2634  0.5066 
   00700    0.4236   -7798.3220  0.5060 
   00701    0.3992   -7828.9449  0.5041 
   00702    0.4180   -7829.0185  0.5011 
   00703    0.4224   -7853.3332  0.5060 
   00704    0.3904   -7868.9550  0.5099 
   00705    0.4052   -7805.3767  0.5089 
   00706    0.3880   -7843.9165  0.5147 
   00707    0.3952   -7839.8545  0.5172 
   00708    0.4044   -7845.9087  0.5150 
   00709    0.3932   -7758.5697  0.5023 
   00710    0.4292   -7752.3904  0.4994 
   00711    0.4344   -7757.7978  0.5019 
   00712    0.4200   -7753.6538  0.5034 
   00713    0.4104   -7772.7904  0.5019 
   00714    0.3920   -7822.1883  0.4982 
   00715    0.4104   -7850.4635  0.4896 
   00716    0.3924   -7781.1495  0.4808 
   00717    0.4044   -7820.8936  0.4856 
   00718    0.4084   -7825.0677  0.4892 
   00719    0.4152   -7792.5198  0.4877 
   00720    0.4220   -7764.9238  0.4841 
   00721    0.4052   -7791.3337  0.4890 
   00722    0.4120   -7849.8657  0.4819 
   00723    0.4376   -7858.7195  0.4823 
   00724    0.4176   -7864.7640  0.4781 
   00725    0.3940   -7904.5229  0.4774 
   00726    0.3976   -7867.5345  0.4810 
   00727    0.4092   -7831.6835  0.4857 
   00728    0.4160   -7813.7287  0.4882 
   00729    0.4192   -7783.9903  0.4942 
   00730    0.4056   -7799.4419  0.4915 
   00731    0.3896   -7767.9115  0.4911 
   00732    0.4108   -7813.9269  0.4888 
   00733    0.3976   -7777.8867  0.4947 
   00734    0.4032   -7799.7097  0.4955 
   00735    0.4052   -7872.9616  0.4978 
   00736    0.3960   -7860.2294  0.5012 
   00737    0.4208   -7865.7237  0.4974 
   00738    0.4100   -7892.1942  0.4923 
   00739    0.4188   -7885.7494  0.4901 
   00740    0.4132   -7851.3049  0.4906 
   00741    0.4064   -7856.3993  0.4951 
   00742    0.3860   -7811.9129  0.4927 
   00743    0.4136   -7785.1595  0.4868 
   00744    0.4116   -7790.2657  0.4799 
   00745    0.3892   -7822.6674  0.4830 
   00746    0.4172   -7774.3037  0.4722 
   00747    0.4164   -7827.7675  0.4723 
   00748    0.4056   -7835.8338  0.4850 
   00749    0.3988   -7850.8269  0.4831 
   00750    0.4040   -7866.6383  0.4823 
   00751    0.3808   -7819.4670  0.4966 
   00752    0.4036   -7829.6088  0.4916 
   00753    0.4136   -7818.2960  0.4917 
   00754    0.4028   -7863.1474  0.4888 
   00755    0.4060   -7906.9861  0.4883 
   00756    0.4044   -7872.7749  0.4861 
   00757    0.4056   -7842.4546  0.4892 
   00758    0.3972   -7788.1297  0.4933 
   00759    0.4028   -7809.7581  0.4840 
   00760    0.4024   -7804.9503  0.4771 
   00761    0.4140   -7828.3604  0.4776 
   00762    0.3940   -7869.9057  0.4755 
   00763    0.3996   -7828.0262  0.4784 
   00764    0.4164   -7864.2347  0.4814 
   00765    0.3960   -7855.9055  0.4835 
   00766    0.3972   -7815.4775  0.4881 
   00767    0.3940   -7772.4525  0.4879 
   00768    0.3976   -7802.4872  0.4937 
   00769    0.4192   -7845.5338  0.4976 
   00770    0.4016   -7861.2969  0.4971 
   00771    0.3996   -7883.6569  0.5031 
   00772    0.4020   -7862.1717  0.4976 
   00773    0.4120   -7808.0820  0.4963 
   00774    0.4124   -7856.0398  0.4999 
   00775    0.4092   -7828.6767  0.5010 
   00776    0.4248   -7799.7774  0.4952 
   00777    0.4132   -7769.0363  0.4925 
   00778    0.4044   -7833.1340  0.4871 
   00779    0.4020   -7861.7359  0.4887 
   00780    0.4140   -7906.2067  0.4843 
   00781    0.4060   -7866.7998  0.4846 
   00782    0.4044   -7917.2132  0.4816 
   00783    0.3952   -7881.6565  0.4768 
   00784    0.4068   -7897.9983  0.4693 
   00785    0.4036   -7859.6982  0.4642 
   00786    0.4016   -7796.4516  0.4677 
   00787    0.3956   -7862.2835  0.4697 
   00788    0.3968   -7907.1258  0.4718 
   00789    0.4196   -7854.4457  0.4688 
   00790    0.3872   -7867.5829  0.4635 
   00791    0.4144   -7846.8672  0.4641 
   00792    0.4128   -7834.2736  0.4715 
   00793    0.3952   -7746.3344  0.4742 
   00794    0.4080   -7831.8003  0.4751 
   00795    0.4208   -7860.0192  0.4773 
   00796    0.4080   -7839.1002  0.4859 
   00797    0.4080   -7848.6666  0.4838 
   00798    0.4056   -7863.2990  0.4838 
   00799    0.4156   -7817.8791  0.4793 
   00800    0.3924   -7843.9682  0.4775 
   00801    0.3928   -7833.3629  0.4757 
   00802    0.4056   -7834.1489  0.4739 
   00803    0.4056   -7826.9013  0.4783 
   00804    0.3948   -7904.7852  0.4718 
   00805    0.4000   -7879.3366  0.4689 
   00806    0.3956   -7857.9745  0.4691 
   00807    0.4060   -7850.8421  0.4740 
   00808    0.4052   -7876.2597  0.4722 
   00809    0.4024   -7901.0090  0.4597 
   00810    0.4068   -7857.1263  0.4556 
   00811    0.4084   -7925.7601  0.4555 
   00812    0.3988   -7944.2572  0.4559 
   00813    0.3928   -7935.0224  0.4574 
   00814    0.3944   -7923.7308  0.4584 
   00815    0.4116   -7935.5956  0.4570 
   00816    0.4016   -7915.8787  0.4607 
   00817    0.4120   -7949.0612  0.4700 
   00818    0.3960   -7898.9322  0.4765 
   00819    0.4072   -7938.5195  0.4768 
   00820    0.3992   -7952.8868  0.4790 
   00821    0.4108   -7917.4649  0.4863 
   00822    0.3932   -7932.4047  0.4889 
   00823    0.3952   -7886.4145  0.4811 
   00824    0.4212   -7885.4996  0.4775 
   00825    0.4104   -7917.7980  0.4744 
   00826    0.4068   -7888.4633  0.4808 
   00827    0.4052   -7906.0674  0.4793 
   00828    0.3992   -7869.9901  0.4784 
   00829    0.4112   -7866.4768  0.4749 
   00830    0.3976   -7919.8959  0.4766 
   00831    0.4184   -7905.8377  0.4810 
   00832    0.3924   -7925.9711  0.4798 
   00833    0.3980   -7922.1098  0.4809 
   00834    0.4028   -7943.3388  0.4878 
   00835    0.4128   -7948.3331  0.4830 
   00836    0.3916   -7999.5560  0.4830 
   00837    0.4124   -7983.3465  0.4851 
   00838    0.3972   -7903.2985  0.4891 
   00839    0.4020   -7922.5806  0.4812 
   00840    0.4052   -7900.6006  0.4792 
   00841    0.4056   -7890.4722  0.4759 
   00842    0.4080   -7882.6199  0.4814 
   00843    0.3952   -7937.7744  0.4757 
   00844    0.4040   -7996.7607  0.4808 
   00845    0.4144   -7966.8965  0.4801 
   00846    0.3920   -7894.6714  0.4764 
   00847    0.3940   -7895.8817  0.4706 
   00848    0.3872   -7862.0533  0.4708 
   00849    0.3784   -7913.4656  0.4728 
   00850    0.3876   -7857.1938  0.4673 
   00851    0.4020   -7876.4548  0.4711 
   00852    0.3980   -7889.4522  0.4693 
   00853    0.4132   -7899.9106  0.4653 
   00854    0.4256   -7877.4525  0.4721 
   00855    0.3940   -7878.5848  0.4778 
   00856    0.4092   -7905.9115  0.4834 
   00857    0.4188   -7945.9111  0.4891 
   00858    0.4136   -7955.6883  0.4914 
   00859    0.4212   -7969.1201  0.4928 
   00860    0.3844   -7969.4364  0.4952 
   00861    0.4228   -7955.0386  0.4895 
   00862    0.4164   -7896.9475  0.4958 
   00863    0.4032   -7837.0925  0.4989 
   00864    0.4080   -7880.0132  0.4869 
   00865    0.3932   -7891.0653  0.4873 
   00866    0.4156   -7911.3724  0.4840 
   00867    0.3956   -7859.5126  0.4884 
   00868    0.4056   -7794.2422  0.4826 
   00869    0.3872   -7807.1424  0.4833 
   00870    0.4036   -7852.0462  0.4729 
   00871    0.4032   -7864.9255  0.4781 
   00872    0.4000   -7855.5007  0.4783 
   00873    0.4084   -7874.5992  0.4851 
   00874    0.4008   -7846.2416  0.4854 
   00875    0.4160   -7839.5808  0.4779 
   00876    0.4052   -7814.9992  0.4676 
   00877    0.4132   -7885.9243  0.4682 
   00878    0.4092   -7841.8446  0.4702 
   00879    0.3868   -7853.2326  0.4741 
   00880    0.4128   -7831.7043  0.4817 
   00881    0.4204   -7840.4582  0.4805 
   00882    0.3896   -7836.5868  0.4799 
   00883    0.4056   -7782.3702  0.4835 
   00884    0.4168   -7819.9398  0.4790 
   00885    0.3912   -7801.0218  0.4796 
   00886    0.4200   -7866.7048  0.4777 
   00887    0.4104   -7746.4113  0.4761 
   00888    0.4012   -7781.3983  0.4853 
   00889    0.4220   -7850.9304  0.4844 
   00890    0.4084   -7835.9571  0.4768 
   00891    0.4092   -7834.1378  0.4740 
   00892    0.4176   -7855.8046  0.4766 
   00893    0.3900   -7798.1761  0.4776 
   00894    0.4108   -7773.8251  0.4683 
   00895    0.4012   -7768.0066  0.4699 
   00896    0.4148   -7805.5142  0.4722 
   00897    0.4176   -7849.6102  0.4727 
   00898    0.4004   -7830.0184  0.4683 
   00899    0.4016   -7824.7009  0.4678 
   00900    0.4016   -7815.6890  0.4646 
   00901    0.3908   -7849.3228  0.4611 
   00902    0.4000   -7844.1825  0.4554 
   00903    0.4000   -7804.0848  0.4633 
   00904    0.4244   -7789.8374  0.4631 
   00905    0.4132   -7801.0664  0.4634 
   00906    0.4172   -7840.6270  0.4620 
   00907    0.4024   -7848.0951  0.4638 
   00908    0.4024   -7881.3867  0.4587 
   00909    0.4108   -7892.1946  0.4605 
   00910    0.3844   -7886.9183  0.4617 
   00911    0.3936   -7862.0166  0.4656 
   00912    0.4028   -7801.0751  0.4629 
   00913    0.4184   -7763.3876  0.4582 
   00914    0.4072   -7720.0922  0.4531 
   00915    0.4024   -7743.6915  0.4575 
   00916    0.4076   -7778.5086  0.4698 
   00917    0.4084   -7755.3151  0.4685 
   00918    0.3924   -7822.4516  0.4671 
   00919    0.4140   -7858.8689  0.4723 
   00920    0.4164   -7866.1536  0.4686 
   00921    0.3776   -7937.4125  0.4738 
   00922    0.4240   -7911.6681  0.4794 
   00923    0.3860   -7886.2392  0.4726 
   00924    0.4100   -7843.4713  0.4698 
   00925    0.3972   -7905.9381  0.4675 
   00926    0.3852   -7884.1875  0.4691 
   00927    0.4096   -7924.6436  0.4625 
   00928    0.4032   -7926.7318  0.4685 
   00929    0.3984   -7973.3618  0.4660 
   00930    0.3964   -7933.4920  0.4634 
   00931    0.3924   -7957.7897  0.4622 
   00932    0.4120   -7896.2480  0.4541 
   00933    0.4044   -7904.7425  0.4524 
   00934    0.3988   -7917.8698  0.4550 
   00935    0.3868   -7862.5251  0.4633 
   00936    0.4120   -7910.1042  0.4691 
   00937    0.4116   -7941.3980  0.4695 
   00938    0.4052   -7940.1862  0.4761 
   00939    0.4036   -7868.0662  0.4762 
   00940    0.4108   -7806.7403  0.4828 
   00941    0.4056   -7831.6372  0.4816 
   00942    0.4028   -7933.8289  0.4886 
   00943    0.4064   -7865.1762  0.4861 
   00944    0.4200   -7861.6636  0.4921 
   00945    0.4012   -7889.4095  0.4909 
   00946    0.4076   -7885.4454  0.4955 
   00947    0.4012   -7844.3413  0.4980 
   00948    0.3980   -7879.0931  0.4978 
   00949    0.3952   -7825.5090  0.5021 
   00950    0.4000   -7819.3390  0.5027 
   00951    0.3880   -7853.0496  0.5114 
   00952    0.4068   -7850.9713  0.5111 
   00953    0.4080   -7928.1786  0.5205 
   00954    0.3828   -7916.6140  0.5127 
   00955    0.3924   -7896.1598  0.5118 
   00956    0.3952   -7891.6710  0.5119 
   00957    0.3848   -7895.0240  0.5097 
   00958    0.4076   -7870.6587  0.5038 
   00959    0.4108   -7857.7690  0.4975 
   00960    0.3980   -7885.8075  0.4943 
   00961    0.4212   -7949.9878  0.4991 
   00962    0.3996   -7964.9219  0.4984 
   00963    0.3944   -7962.0144  0.4915 
   00964    0.3836   -7935.5919  0.4918 
   00965    0.3860   -7963.7221  0.4914 
   00966    0.3912   -7928.3879  0.4931 
   00967    0.4072   -7955.9912  0.4932 
   00968    0.3916   -7967.9550  0.4929 
   00969    0.4008   -7891.3257  0.4957 
   00970    0.3904   -7885.9702  0.4986 
   00971    0.4192   -7902.3047  0.5038 
   00972    0.3848   -7814.1384  0.5110 
   00973    0.4148   -7837.1742  0.5157 
   00974    0.4164   -7856.9127  0.5146 
   00975    0.3908   -7869.6668  0.5091 
   00976    0.4128   -7867.4281  0.5146 
   00977    0.3932   -7873.5596  0.5154 
   00978    0.4144   -7880.4954  0.5145 
   00979    0.3972   -7864.7204  0.5142 
   00980    0.4080   -7883.1962  0.5085 
   00981    0.4028   -7852.6430  0.5045 
   00982    0.3880   -7863.1523  0.5086 
   00983    0.4188   -7824.6424  0.5070 
   00984    0.4084   -7791.9728  0.5000 
   00985    0.3964   -7860.0517  0.5102 
   00986    0.4032   -7899.3770  0.5105 
   00987    0.4128   -7912.4216  0.5069 
   00988    0.4108   -7886.3150  0.5093 
   00989    0.3980   -7866.3878  0.5142 
   00990    0.4112   -7849.6451  0.5075 
   00991    0.3968   -7831.6657  0.5041 
   00992    0.3932   -7879.4266  0.5038 
   00993    0.3964   -7847.6221  0.5058 
   00994    0.4292   -7828.5768  0.4998 
   00995    0.4096   -7833.7536  0.5065 
   00996    0.4112   -7867.7890  0.5147 
   00997    0.3880   -7773.9676  0.5102 
   00998    0.4020   -7757.2783  0.5049 
   00999    0.4024   -7708.8362  0.5031 
   01000    0.4200   -7763.2771  0.5069 
