#=====================================================
# File created:        Tue-12-Mar-2024-at-06-50-27AM
# Size of lattice:     50x50
# Number of MC steps:  1000
# Reduced temperature: 0.650
# Run time (s):        1.319910
#=====================================================
# MC step:  Ratio:     Energy:   Order:
#=====================================================
   00000    0.5000   -2480.1204  0.2703 
   00001    0.6860   -3881.9554  0.2821 
   00002    0.6156   -4544.5971  0.2882 
   00003    0.5556   -4939.0611  0.2910 
   00004    0.5520   -5317.0961  0.2893 
   00005    0.5168   -5629.0052  0.2881 
   00006    0.4976   -5770.7890  0.2908 
   00007    0.4956   -5928.0123  0.2928 
   00008    0.4852   -5972.0966  0.2963 
   00009    0.4860   -6133.3397  0.2979 
   00010    0.4900   -6266.7316  0.3063 
   00011    0.4656   -6322.2009  0.3128 
   00012    0.4444   -6358.2456  0.3113 
   00013    0.4560   -6417.1973  0.3166 
   00014    0.4612   -6462.3584  0.3219 
   00015    0.4632   -6574.8082  0.3261 
   00016    0.4772   -6636.8847  0.3392 
   00017    0.4568   -6676.3805  0.3404 
   00018    0.4512   -6719.6366  0.3343 
   00019    0.4548   -6786.3692  0.3323 
   00020    0.4400   -6790.7826  0.3404 
   00021    0.4376   -6855.6679  0.3431 
   00022    0.4456   -6843.0789  0.3417 
   00023    0.4504   -6810.5527  0.3283 
   00024    0.4500   -6874.1123  0.3258 
   00025    0.4516   -6903.7585  0.3349 
   00026    0.4476   -6902.3595  0.3377 
   00027    0.4404   -6899.0604  0.3385 
   00028    0.4452   -6879.0262  0.3250 
   00029    0.4520   -6899.2552  0.3405 
   00030    0.4624   -6904.9998  0.3355 
   00031    0.4220   -6930.4384  0.3363 
   00032    0.4320   -6919.6845  0.3374 
   00033    0.4444   -6933.0778  0.3388 
   00034    0.4360   -6991.4787  0.3351 
   00035    0.4224   -6988.0238  0.3436 
   00036    0.4412   -7018.6884  0.3368 
   00037    0.4304   -7056.4156  0.3382 
   00038    0.4332   -7018.5263  0.3382 
   00039    0.4472   -7046.7016  0.3282 
   00040    0.4504   -7053.4880  0.3317 
   00041    0.4324   -7065.9467  0.3356 
   00042    0.4468   -7136.9711  0.3376 
   00043    0.4348   -7208.8029  0.3498 
   00044    0.4316   -7177.3892  0.3465 
   00045    0.4340   -7156.9367  0.3385 
   00046    0.4120   -7187.9504  0.3407 
   00047    0.4288   -7211.8433  0.3486 
   00048    0.4332   -7196.6759  0.3515 
   00049    0.4284   -7165.2711  0.3537 
   00050    0.4308   -7135.9927  0.3544 
   00051    0.4420   -7164.1493  0.3580 
   00052    0.4336   -7186.0016  0.3568 
   00053    0.4368   -7182.0346  0.3716 
   00054    0.4300   -7241.1091  0.3723 
   00055    0.4500   -7183.2701  0.3712 
   00056    0.4216   -7170.2535  0.3708 
   00057    0.4208   -7177.4170  0.3599 
   00058    0.4560   -7131.8260  0.3601 
   00059    0.4512   -7157.4656  0.3560 
   00060    0.4276   -7158.2365  0.3472 
   00061    0.4316   -7165.3897  0.3468 
   00062    0.4396   -7132.2151  0.3377 
   00063    0.4420   -7132.6927  0.3300 
   00064    0.4396   -7158.6779  0.3306 
   00065    0.4340   -7200.8126  0.3431 
   00066    0.4376   -7197.8635  0.3507 
   00067    0.4316   -7177.3178  0.3602 
   00068    0.4484   -7180.3239  0.3540 
   00069    0.4272   -7142.9382  0.3570 
   00070    0.4400   -7166.3002  0.3610 
   00071    0.4496   -7160.0071  0.3634 
   00072    0.4300   -7213.5446  0.3657 
   00073    0.4336   -7218.5345  0.3703 
   00074    0.4372   -7238.8463  0.3751 
   00075    0.4228   -7237.0768  0.3709 
   00076    0.4392   -7237.5721  0.3636 
   00077    0.4240   -7164.2879  0.3585 
   00078    0.4448   -7150.6210  0.3622 
   00079    0.4368   -7164.5537  0.3578 
   00080    0.4228   -7166.2801  0.3603 
   00081    0.4076   -7164.7341  0.3582 
   00082    0.4316   -7179.0525  0.3623 
   00083    0.4248   -7271.9534  0.3700 
   00084    0.4392   -7285.4024  0.3789 
   00085    0.4456   -7294.3507  0.3772 
   00086    0.4216   -7261.0271  0.3759 
   00087    0.4164   -7296.7789  0.3856 
   00088    0.4432   -7271.7758  0.3857 
   00089    0.4196   -7326.9975  0.3901 
   00090    0.4348   -7232.0885  0.3860 
   00091    0.4268   -7233.7415  0.3872 
   00092    0.4264   -7198.7268  0.3931 
   00093    0.4340   -7173.6364  0.3952 
   00094    0.4160   -7285.1980  0.4054 
   00095    0.4368   -7280.4825  0.4079 
   00096    0.4172   -7301.9979  0.4068 
   00097    0.4244   -7287.0615  0.3993 
   00098    0.4452   -7239.1615  0.4038 
   00099    0.4328   -7244.7663  0.3973 
   00100    0.4220   -7240.5596  0.3962 
   00101    0.4292   -7277.0542  0.3962 
   00102    0.4336   -7277.8155  0.3959 
   00103    0.4192   -7290.6044  0.4065 
   00104    0.4364   -7192.3069  0.3987 
   00105    0.4432   -7199.9917  0.4016 
   00106    0.4540   -7273.6504  0.3941 
   00107    0.4200   -7335.9432  0.3957 
   00108    0.4128   -7328.1487  0.3959 
   00109    0.4228   -7312.1799  0.4004 
   00110    0.4188   -7289.3887  0.4067 
   00111    0.4080   -7323.0383  0.4104 
   00112    0.4396   -7318.3121  0.4041 
   00113    0.4352   -7350.0987  0.3990 
   00114    0.4052   -7313.4899  0.3984 
   00115    0.4400   -7355.0178  0.3903 
   00116    0.4384   -7397.0309  0.3950 
   00117    0.3980   -7394.3529  0.3967 
   00118    0.4280   -7323.8843  0.4007 
   00119    0.4316   -7329.3030  0.3967 
   00120    0.4188   -7345.3866  0.3967 
   00121    0.4264   -7342.2469  0.3933 
   00122    0.4116   -7275.6129  0.3890 
   00123    0.4212   -7269.6190  0.3883 
   00124    0.4480   -7319.1931  0.3903 
   00125    0.4184   -7356.1978  0.3847 
   00126    0.4012   -7290.0107  0.3839 
   00127    0.4144   -7304.0895  0.3871 
   00128    0.4100   -7306.8756  0.3847 
   00129    0.4092   -7337.8290  0.3779 
   00130    0.4336   -7291.5251  0.3779 
   00131    0.4436   -7282.0115  0.3805 
   00132    0.4240   -7201.8080  0.3744 
   00133    0.4320   -7271.5293  0.3855 
   00134    0.4264   -7279.8572  0.3903 
   00135    0.4344   -7335.3656  0.3950 
   00136    0.4148   -7311.3145  0.3911 
   00137    0.4056   -7308.5999  0.3953 
   00138    0.4196   -7327.4338  0.3965 
   00139    0.4072   -7393.7898  0.3989 
   00140    0.4096   -7430.1572  0.3919 
   00141    0.4176   -7448.3864  0.3919 
   00142    0.4136   -7384.8767  0.3956 
   00143    0.4284   -7366.1907  0.3936 
   00144    0.4372   -7360.8190  0.3984 
   00145    0.4116   -7415.2610  0.3953 
   00146    0.4300   -7406.8444  0.3916 
   00147    0.4100   -7425.2053  0.3891 
   00148    0.4148   -7373.8813  0.3948 
   00149    0.4236   -7371.1877  0.3946 
   00150    0.4112   -7357.0153  0.4054 
   00151    0.4396   -7369.4581  0.3981 
   00152    0.4296   -7370.0697  0.3985 
   00153    0.4260   -7361.6781  0.3935 
   00154    0.4072   -7346.6654  0.3871 
   00155    0.4108   -7396.9082  0.3861 
   00156    0.4184   -7422.9989  0.3930 
   00157    0.4036   -7437.1314  0.3931 
   00158    0.4076   -7416.6062  0.3826 
   00159    0.4104   -7386.1983  0.3795 
   00160    0.4208   -7355.3160  0.3745 
   00161    0.4100   -7368.7242  0.3775 
   00162    0.4140   -7304.6542  0.3756 
   00163    0.4228   -7344.7142  0.3831 
   00164    0.4296   -7404.6268  0.3884 
   00165    0.4124   -7423.5961  0.3882 
   00166    0.4160   -7452.8822  0.3904 
   00167    0.4088   -7468.6941  0.3981 
   00168    0.4156   -7442.7022  0.3924 
   00169    0.4108   -7391.6402  0.3859 
   00170    0.4244   -7400.6912  0.3911 
   00171    0.4200   -7395.0367  0.3876 
   00172    0.4284   -7429.2552  0.3822 
   00173    0.4228   -7395.2416  0.3723 
   00174    0.4104   -7324.0990  0.3675 
   00175    0.4400   -7341.6934  0.3667 
   00176    0.4192   -7434.3484  0.3632 
   00177    0.4144   -7418.1051  0.3629 
   00178    0.4100   -7426.5890  0.3672 
   00179    0.4084   -7492.3820  0.3721 
   00180    0.4280   -7510.4403  0.3736 
   00181    0.4280   -7470.6418  0.3673 
   00182    0.4176   -7476.5546  0.3644 
   00183    0.4256   -7466.2575  0.3594 
   00184    0.3912   -7423.2628  0.3662 
   00185    0.4212   -7461.4786  0.3639 
   00186    0.4088   -7448.8165  0.3673 
   00187    0.4104   -7381.0279  0.3739 
   00188    0.4184   -7367.9871  0.3686 
   00189    0.4212   -7388.7887  0.3682 
   00190    0.4168   -7458.1230  0.3691 
   00191    0.4240   -7461.2110  0.3605 
   00192    0.4160   -7472.0709  0.3646 
   00193    0.4120   -7467.7613  0.3677 
   00194    0.4208   -7459.4696  0.3634 
   00195    0.4276   -7432.1999  0.3673 
   00196    0.4340   -7412.0519  0.3672 
   00197    0.4224   -7442.5998  0.3653 
   00198    0.4192   -7478.6862  0.3601 
   00199    0.3988   -7495.9540  0.3594 
   00200    0.4216   -7458.4042  0.3645 
   00201    0.4212   -7400.4910  0.3634 
   00202    0.4072   -7412.6047  0.3714 
   00203    0.3988   -7405.6291  0.3644 
   00204    0.4200   -7435.0852  0.3727 
   00205    0.4200   -7463.1240  0.3785 
   00206    0.4160   -7496.2506  0.3847 
   00207    0.4252   -7491.3372  0.3844 
   00208    0.4012   -7522.9950  0.3813 
   00209    0.4212   -7505.3762  0.3761 
   00210    0.4152   -7423.5607  0.3768 
   00211    0.4120   -7442.7216  0.3805 
   00212    0.4340   -7379.8504  0.3901 
   00213    0.4248   -7385.2835  0.3967 
   00214    0.4276   -7399.6657  0.3982 
   00215    0.4200   -7412.9330  0.3913 
   00216    0.4236   -7403.9415  0.3869 
   00217    0.4212   -7335.1733  0.3908 
   00218    0.4108   -7423.8648  0.3909 
   00219    0.4140   -7457.7171  0.3911 
   00220    0.4172   -7388.4033  0.3899 
   00221    0.4288   -7382.0912  0.3917 
   00222    0.4372   -7400.0578  0.3908 
   00223    0.4168   -7371.6401  0.3907 
   00224    0.4088   -7420.1016  0.3813 
   00225    0.4184   -7384.6560  0.3870 
   00226    0.4148   -7370.4773  0.3860 
   00227    0.4280   -7321.1640  0.3957 
   00228    0.4124   -7358.9412  0.4014 
   00229    0.4168   -7356.7670  0.3990 
   00230    0.3896   -7366.2881  0.3923 
   00231    0.4204   -7354.1766  0.3977 
   00232    0.4268   -7361.0226  0.4036 
   00233    0.4168   -7424.7185  0.4073 
   00234    0.4208   -7370.5328  0.4030 
   00235    0.4272   -7359.5623  0.4067 
   00236    0.4336   -7423.5741  0.4132 
   00237    0.4100   -7403.0781  0.4093 
   00238    0.4220   -7388.7239  0.4101 
   00239    0.4084   -7417.9747  0.4076 
   00240    0.4092   -7368.6519  0.4025 
   00241    0.4212   -7384.3259  0.4131 
   00242    0.4284   -7445.3257  0.4134 
   00243    0.4364   -7349.5824  0.4146 
   00244    0.4352   -7313.3564  0.4144 
   00245    0.4228   -7357.2459  0.4131 
   00246    0.4184   -7348.6215  0.4147 
   00247    0.4204   -7393.4593  0.4134 
   00248    0.4328   -7430.0137  0.4150 
   00249    0.4104   -7418.3451  0.4110 
   00250    0.4220   -7396.6660  0.4162 
   00251    0.4112   -7422.3760  0.4262 
   00252    0.4368   -7377.9527  0.4244 
   00253    0.4184   -7463.1301  0.4313 
   00254    0.4152   -7409.5033  0.4301 
   00255    0.4180   -7423.9953  0.4287 
   00256    0.4156   -7429.6531  0.4328 
   00257    0.4072   -7459.9860  0.4277 
   00258    0.4132   -7403.0347  0.4250 
   00259    0.4124   -7364.7695  0.4232 
   00260    0.4356   -7356.2140  0.4239 
   00261    0.4188   -7384.7453  0.4237 
   00262    0.4212   -7372.0123  0.4342 
   00263    0.4128   -7416.9504  0.4339 
   00264    0.4176   -7455.9006  0.4241 
   00265    0.4016   -7438.6899  0.4222 
   00266    0.3964   -7439.7607  0.4269 
   00267    0.4136   -7484.6036  0.4304 
   00268    0.4304   -7497.5566  0.4249 
   00269    0.4128   -7448.2082  0.4205 
   00270    0.4176   -7451.8811  0.4156 
   00271    0.4148   -7535.2596  0.4177 
   00272    0.4076   -7582.3796  0.4155 
   00273    0.4076   -7562.8208  0.4212 
   00274    0.4320   -7486.1142  0.4151 
   00275    0.4164   -7464.8761  0.4118 
   00276    0.4116   -7511.3920  0.4210 
   00277    0.4008   -7511.0710  0.4116 
   00278    0.4152   -7589.8908  0.4253 
   00279    0.3948   -7551.8500  0.4241 
   00280    0.4144   -7593.4984  0.4282 
   00281    0.4204   -7554.2625  0.4325 
   00282    0.4224   -7570.2516  0.4283 
   00283    0.4116   -7598.3363  0.4314 
   00284    0.4004   -7610.8996  0.4273 
   00285    0.4136   -7554.9944  0.4203 
   00286    0.4180   -7521.3841  0.4200 
   00287    0.4212   -7496.6541  0.4143 
   00288    0.4280   -7491.9563  0.4102 
   00289    0.4108   -7513.7637  0.4110 
   00290    0.4064   -7521.3588  0.4102 
   00291    0.4148   -7536.4718  0.4076 
   00292    0.4128   -7501.6027  0.4155 
   00293    0.4144   -7476.5724  0.4239 
   00294    0.4124   -7542.8941  0.4334 
   00295    0.4032   -7510.8435  0.4373 
   00296    0.4312   -7477.7840  0.4337 
   00297    0.4168   -7523.6623  0.4320 
   00298    0.4304   -7559.1814  0.4411 
   00299    0.4228   -7546.9743  0.4426 
   00300    0.3848   -7519.4476  0.4427 
   00301    0.4236   -7556.4376  0.4436 
   00302    0.4080   -7503.9426  0.4394 
   00303    0.4204   -7534.5270  0.4423 
   00304    0.4128   -7480.5883  0.4419 
   00305    0.4244   -7453.8521  0.4321 
   00306    0.4280   -7413.3610  0.4365 
   00307    0.4120   -7441.0167  0.4361 
   00308    0.4192   -7516.2790  0.4319 
   00309    0.4048   -7417.8112  0.4290 
   00310    0.4300   -7402.0781  0.4288 
   00311    0.4376   -7440.9147  0.4248 
   00312    0.4284   -7491.2064  0.4271 
   00313    0.4228   -7568.7846  0.4258 
   00314    0.4304   -7560.4461  0.4317 
   00315    0.4228   -7595.9727  0.4370 
   00316    0.4196   -7606.1097  0.4414 
   00317    0.4200   -7638.7167  0.4444 
   00318    0.4008   -7692.3736  0.4448 
   00319    0.4224   -7642.3480  0.4428 
   00320    0.4052   -7685.4041  0.4367 
   00321    0.4172   -7700.2872  0.4478 
   00322    0.4224   -7691.9108  0.4458 
   00323    0.4212   -7713.8870  0.4456 
   00324    0.4096   -7710.1144  0.4443 
   00325    0.4016   -7744.5594  0.4488 
   00326    0.4272   -7731.4444  0.4470 
   00327    0.4180   -7791.6191  0.4528 
   00328    0.3964   -7791.1473  0.4538 
   00329    0.4100   -7756.9018  0.4575 
   00330    0.4168   -7711.5730  0.4626 
   00331    0.4116   -7808.7112  0.4609 
   00332    0.4056   -7778.8517  0.4641 
   00333    0.3944   -7809.5100  0.4679 
   00334    0.4148   -7846.9176  0.4729 
   00335    0.4020   -7867.2533  0.4774 
   00336    0.3972   -7819.7388  0.4800 
   00337    0.4080   -7840.9570  0.4793 
   00338    0.4040   -7914.1493  0.4800 
   00339    0.4008   -7856.3595  0.4821 
   00340    0.4080   -7821.6865  0.4795 
   00341    0.4084   -7835.7975  0.4806 
   00342    0.4236   -7823.4464  0.4797 
   00343    0.3996   -7856.5725  0.4839 
   00344    0.4064   -7814.7268  0.4831 
   00345    0.4092   -7857.1289  0.4895 
   00346    0.4232   -7816.0889  0.4857 
   00347    0.4052   -7790.6130  0.4812 
   00348    0.4056   -7769.7598  0.4793 
   00349    0.4124   -7833.4355  0.4839 
   00350    0.3916   -7793.7302  0.4878 
   00351    0.3952   -7836.6697  0.4918 
   00352    0.3988   -7824.3999  0.4924 
   00353    0.3976   -7896.3205  0.5032 
   00354    0.4036   -7917.8731  0.5017 
   00355    0.4036   -7936.2723  0.4927 
   00356    0.4004   -7871.9514  0.4905 
   00357    0.4028   -7920.5013  0.4925 
   00358    0.4168   -7921.0816  0.4928 
   00359    0.3888   -7927.0651  0.4959 
   00360    0.4064   -7835.3045  0.4911 
   00361    0.4260   -7773.9074  0.4840 
   00362    0.3896   -7842.9698  0.4894 
   00363    0.4000   -7850.4423  0.4888 
   00364    0.4104   -7896.3572  0.4874 
   00365    0.4008   -7889.3259  0.4827 
   00366    0.3888   -7861.1592  0.4830 
   00367    0.3984   -7869.4843  0.4840 
   00368    0.4116   -7881.2486  0.4821 
   00369    0.3892   -7858.2924  0.4821 
   00370    0.4020   -7837.6226  0.4818 
   00371    0.4036   -7832.3108  0.4732 
   00372    0.3952   -7775.5540  0.4761 
   00373    0.3980   -7742.3209  0.4725 
   00374    0.4048   -7732.9391  0.4744 
   00375    0.4104   -7748.8142  0.4700 
   00376    0.3932   -7761.0777  0.4712 
   00377    0.4212   -7775.7269  0.4800 
   00378    0.4064   -7805.2210  0.4820 
   00379    0.4300   -7796.9454  0.4831 
   00380    0.3984   -7866.1362  0.4846 
   00381    0.4232   -7845.2414  0.4783 
   00382    0.4168   -7854.2685  0.4764 
   00383    0.4024   -7841.1838  0.4792 
   00384    0.4176   -7894.1474  0.4804 
   00385    0.4124   -7870.1533  0.4857 
   00386    0.3916   -7889.6824  0.4894 
   00387    0.3980   -7866.0359  0.4882 
   00388    0.4028   -7859.3120  0.4911 
   00389    0.4036   -7917.3912  0.4899 
   00390    0.3980   -7897.3833  0.4865 
   00391    0.4048   -7892.8991  0.4845 
   00392    0.3976   -7925.5182  0.4831 
   00393    0.4092   -7904.0173  0.4809 
   00394    0.4104   -7893.3346  0.4728 
   00395    0.4140   -7851.0441  0.4678 
   00396    0.4076   -7903.2243  0.4648 
   00397    0.4288   -7879.3251  0.4673 
   00398    0.4116   -7919.6775  0.4624 
   00399    0.4088   -7865.1598  0.4616 
   00400    0.3912   -7877.4946  0.4675 
   00401    0.3944   -7896.2692  0.4640 
   00402    0.3944   -7937.4046  0.4592 
   00403    0.3936   -7884.2381  0.4620 
   00404    0.3924   -7857.7253  0.4566 
   00405    0.3992   -7855.8098  0.4508 
   00406    0.3936   -7858.6460  0.4476 
   00407    0.4056   -7869.6962  0.4458 
   00408    0.3952   -7858.9226  0.4494 
   00409    0.4148   -7812.2648  0.4451 
   00410    0.4140   -7870.2727  0.4542 
   00411    0.4000   -7785.1965  0.4554 
   00412    0.4192   -7865.6211  0.4524 
   00413    0.4172   -7896.8970  0.4456 
   00414    0.4152   -7986.1790  0.4507 
   00415    0.3944   -7966.9558  0.4403 
   00416    0.3828   -8005.4284  0.4445 
   00417    0.3908   -7997.9587  0.4482 
   00418    0.4124   -7994.1224  0.4470 
   00419    0.4000   -8028.8403  0.4497 
   00420    0.4024   -8018.7112  0.4570 
   00421    0.4008   -7909.5283  0.4531 
   00422    0.3992   -7902.9770  0.4421 
   00423    0.4000   -7823.2977  0.4330 
   00424    0.4120   -7928.3899  0.4362 
   00425    0.3928   -7915.0769  0.4400 
   00426    0.4036   -7865.4858  0.4374 
   00427    0.3964   -7883.0162  0.4353 
   00428    0.4044   -7922.3805  0.4439 
   00429    0.3988   -7930.7542  0.4405 
   00430    0.3888   -7891.4354  0.4414 
   00431    0.3984   -7887.3991  0.4395 
   00432    0.4060   -7874.7644  0.4400 
   00433    0.4000   -7955.6507  0.4563 
   00434    0.3912   -7926.0009  0.4484 
   00435    0.4032   -7850.8557  0.4485 
   00436    0.4008   -7795.9775  0.4453 
   00437    0.4256   -7821.7945  0.4489 
   00438    0.3760   -7790.8869  0.4510 
   00439    0.3952   -7824.2826  0.4466 
   00440    0.4100   -7872.4748  0.4431 
   00441    0.3956   -7882.0082  0.4434 
   00442    0.3892   -7869.7683  0.4473 
   00443    0.4092   -7836.2109  0.4526 
   00444    0.4184   -7870.0309  0.4577 
   00445    0.3928   -7966.1253  0.4633 
   00446    0.4104   -7886.6540  0.4633 
   00447    0.4060   -7911.0009  0.4639 
   00448    0.4064   -7865.2271  0.4662 
   00449    0.4108   -7834.1816  0.4673 
   00450    0.4132   -7837.6743  0.4669 
   00451    0.3756   -7819.2507  0.4739 
   00452    0.4032   -7862.6032  0.4666 
   00453    0.4168   -7947.1627  0.4675 
   00454    0.4096   -7949.0781  0.4634 
   00455    0.4144   -7950.5469  0.4669 
   00456    0.3856   -7964.5210  0.4645 
   00457    0.4088   -7876.6965  0.4650 
   00458    0.4076   -7928.8837  0.4738 
   00459    0.3884   -7873.8642  0.4662 
   00460    0.3884   -7868.4290  0.4578 
   00461    0.4068   -7858.0269  0.4576 
   00462    0.4000   -7876.4827  0.4574 
   00463    0.3884   -7899.1442  0.4611 
   00464    0.4016   -7888.7548  0.4615 
   00465    0.4048   -7942.2002  0.4609 
   00466    0.3904   -7940.6256  0.4595 
   00467    0.3972   -7940.4185  0.4582 
   00468    0.3688   -7954.9875  0.4613 
   00469    0.4040   -7919.3559  0.4644 
   00470    0.3996   -7949.2298  0.4729 
   00471    0.4152   -7933.6780  0.4749 
   00472    0.3932   -7954.9432  0.4668 
   00473    0.3876   -7956.5976  0.4615 
   00474    0.4060   -7932.9645  0.4681 
   00475    0.3996   -7944.2878  0.4630 
   00476    0.4108   -7876.1090  0.4642 
   00477    0.3964   -7854.3675  0.4619 
   00478    0.3988   -7865.1674  0.4699 
   00479    0.4120   -7865.5289  0.4738 
   00480    0.3980   -7912.3483  0.4737 
   00481    0.3992   -7868.7633  0.4700 
   00482    0.4004   -7859.2787  0.4706 
   00483    0.3984   -7871.3558  0.4711 
   00484    0.4096   -7903.7534  0.4679 
   00485    0.4020   -7899.3381  0.4630 
   00486    0.4048   -7839.7545  0.4570 
   00487    0.4088   -7820.9123  0.4551 
   00488    0.4068   -7774.9166  0.4549 
   00489    0.4180   -7828.3791  0.4521 
   00490    0.4188   -7833.9634  0.4549 
   00491    0.4228   -7821.8707  0.4568 
   00492    0.4120   -7803.7435  0.4572 
   00493    0.3980   -7865.9522  0.4598 
   00494    0.4108   -7907.4154  0.4571 
   00495    0.4084   -7877.1927  0.4569 
   00496    0.3868   -7842.6541  0.4653 
   00497    0.4072   -7834.1201  0.4572 
   00498    0.4068   -7786.6522  0.4552 
   00499    0.3988   -7831.6953  0.4566 
   00500    0.4028   -7798.9537  0.4505 
   00501    0.4160   -7768.4718  0.4568 
   00502    0.3904   -7793.9936  0.4546 
   00503    0.4156   -7803.2349  0.4542 
   00504    0.3996   -7769.8714  0.4519 
   00505    0.4032   -7796.6250  0.4487 
   00506    0.3912   -7855.6788  0.4492 
   00507    0.3884   -7823.4534  0.4547 
   00508    0.4044   -7884.9388  0.4600 
   00509    0.4088   -7895.9387  0.4606 
   00510    0.3864   -7902.4828  0.4564 
   00511    0.4044   -7924.5107  0.4569 
   00512    0.4136   -7897.7182  0.4572 
   00513    0.4080   -7892.1093  0.4574 
   00514    0.4180   -7872.4620  0.4594 
   00515    0.3972   -7906.9911  0.4625 
   00516    0.3904   -7919.5493  0.4551 
   00517    0.3908   -7898.6534  0.4629 
   00518    0.3984   -7896.4926  0.4633 
   00519    0.3924   -7845.2335  0.4671 
   00520    0.4132   -7884.9676  0.4606 
   00521    0.3852   -7891.1809  0.4654 
   00522    0.4012   -7925.6452  0.4699 
   00523    0.4076   -7890.1672  0.4607 
   00524    0.4188   -7895.7663  0.4554 
   00525    0.4084   -7864.3337  0.4485 
   00526    0.4220   -7874.1569  0.4461 
   00527    0.4032   -7840.3885  0.4459 
   00528    0.3960   -7880.3684  0.4530 
   00529    0.4104   -7951.8619  0.4531 
   00530    0.3980   -7998.1876  0.4592 
   00531    0.3988   -8012.4669  0.4634 
   00532    0.3908   -8038.1032  0.4735 
   00533    0.3928   -8019.0683  0.4711 
   00534    0.3916   -7961.8327  0.4615 
   00535    0.4072   -7947.9974  0.4601 
   00536    0.4016   -7975.0321  0.4684 
   00537    0.3936   -7940.6740  0.4675 
   00538    0.4020   -7949.5656  0.4700 
   00539    0.4044   -7991.5390  0.4666 
   00540    0.4092   -7998.6000  0.4632 
   00541    0.3868   -7994.1425  0.4591 
   00542    0.3988   -7946.7042  0.4554 
   00543    0.3976   -7935.5849  0.4587 
   00544    0.4012   -7953.5105  0.4595 
   00545    0.3968   -7945.8053  0.4653 
   00546    0.4144   -7939.3073  0.4665 
   00547    0.3884   -7907.4125  0.4714 
   00548    0.4076   -7918.5171  0.4772 
   00549    0.3992   -7904.6096  0.4715 
   00550    0.3956   -7932.1699  0.4657 
   00551    0.3960   -7906.0783  0.4624 
   00552    0.4028   -7913.5710  0.4679 
   00553    0.4056   -7848.5751  0.4576 
   00554    0.4036   -7859.2386  0.4520 
   00555    0.3972   -7893.2620  0.4542 
   00556    0.4016   -7918.3817  0.4600 
   00557    0.4008   -7962.8975  0.4648 
   00558    0.4060   -7968.2491  0.4692 
   00559    0.3776   -7943.3657  0.4666 
   00560    0.4012   -7952.5971  0.4668 
   00561    0.4012   -7978.0909  0.4671 
   00562    0.3940   -8013.4927  0.4625 
   00563    0.3856   -7974.7460  0.4715 
   00564    0.4160   -7947.1215  0.4716 
   00565    0.3992   -7958.7645  0.4685 
   00566    0.4136   -7895.0649  0.4656 
   00567    0.3968   -7960.5111  0.4621 
   00568    0.4100   -7917.9890  0.4683 
   00569    0.4128   -7896.7245  0.4711 
   00570    0.3964   -7820.1851  0.4680 
   00571    0.4108   -7802.7190  0.4656 
   00572    0.4108   -7785.4449  0.4681 
   00573    0.3852   -7735.6941  0.4612 
   00574    0.4300   -7818.9627  0.4677 
   00575    0.4144   -7846.3231  0.4663 
   00576    0.4176   -7836.9680  0.4707 
   00577    0.4024   -7812.2605  0.4671 
   00578    0.4044   -7844.4001  0.4680 
   00579    0.3924   -7877.4440  0.4682 
   00580    0.4104   -7841.6282  0.4671 
   00581    0.4252   -7796.2974  0.4696 
   00582    0.4164   -7797.5698  0.4737 
   00583    0.3988   -7792.9773  0.4758 
   00584    0.3928   -7826.7826  0.4746 
   00585    0.4156   -7789.6601  0.4802 
   00586    0.4000   -7793.9770  0.4836 
   00587    0.4104   -7803.5274  0.4760 
   00588    0.4140   -7812.6340  0.4778 
   00589    0.3940   -7862.3095  0.4871 
   00590    0.4028   -7918.3466  0.4848 
   00591    0.4264   -7888.0770  0.4820 
   00592    0.4104   -7880.5702  0.4739 
   00593    0.4076   -7894.8645  0.4770 
   00594    0.4188   -7896.1656  0.4735 
   00595    0.4020   -7885.6677  0.4749 
   00596    0.4008   -7873.4158  0.4694 
   00597    0.4108   -7841.3661  0.4727 
   00598    0.3928   -7873.8672  0.4700 
   00599    0.4004   -7917.2934  0.4715 
   00600    0.4092   -7890.5257  0.4637 
   00601    0.4072   -7922.5620  0.4635 
   00602    0.3972   -7942.1721  0.4686 
   00603    0.4168   -7973.5393  0.4716 
   00604    0.3952   -7905.9388  0.4653 
   00605    0.3928   -7823.8997  0.4655 
   00606    0.4188   -7821.8451  0.4684 
   00607    0.4120   -7855.7120  0.4729 
   00608    0.3948   -7839.1502  0.4816 
   00609    0.4088   -7832.9350  0.4835 
   00610    0.4032   -7901.5243  0.4830 
   00611    0.4044   -7916.6630  0.4804 
   00612    0.4100   -7955.5411  0.4796 
   00613    0.4000   -7887.1197  0.4775 
   00614    0.4040   -7889.4843  0.4797 
   00615    0.3908   -7847.9426  0.4663 
   00616    0.4084   -7835.4756  0.4737 
   00617    0.4036   -7820.6895  0.4778 
   00618    0.4192   -7871.2748  0.4751 
   00619    0.3864   -7812.5329  0.4707 
   00620    0.3888   -7813.5000  0.4699 
   00621    0.4140   -7848.3351  0.4662 
   00622    0.3940   -7818.7371  0.4667 
   00623    0.3760   -7827.0237  0.4707 
   00624    0.4052   -7846.0670  0.4703 
   00625    0.4188   -7884.6305  0.4673 
   00626    0.3996   -7917.5485  0.4632 
   00627    0.4068   -7944.3226  0.4575 
   00628    0.4152   -7971.2698  0.4659 
   00629    0.3984   -7935.8683  0.4685 
   00630    0.3980   -7909.1745  0.4529 
   00631    0.4048   -7940.2435  0.4612 
   00632    0.4152   -7922.6138  0.4606 
   00633    0.4144   -7886.8273  0.4674 
   00634    0.3912   -7846.6225  0.4644 
   00635    0.4108   -7894.7878  0.4693 
   00636    0.4064   -7915.3877  0.4742 
   00637    0.4028   -7912.7322  0.4655 
   00638    0.4024   -7853.5263  0.4746 
   00639    0.3864   -7917.2251  0.4665 
   00640    0.4084   -7866.3831  0.4650 
   00641    0.4048   -7852.4852  0.4680 
   00642    0.4072   -7843.6278  0.4671 
   00643    0.4148   -7886.8928  0.4668 
   00644    0.3872   -7906.9346  0.4650 
   00645    0.4164   -7878.0678  0.4660 
   00646    0.4076   -7882.3398  0.4672 
   00647    0.3976   -7794.4027  0.4674 
   00648    0.4028   -7871.6465  0.4706 
   00649    0.4076   -7816.7787  0.4601 
   00650    0.4144   -7864.6822  0.4546 
   00651    0.3956   -7886.8275  0.4558 
   00652    0.3988   -7896.0419  0.4620 
   00653    0.3872   -7916.5856  0.4572 
   00654    0.4024   -7905.2664  0.4575 
   00655    0.3936   -7907.8172  0.4643 
   00656    0.4092   -7927.4423  0.4671 
   00657    0.3880   -7910.9675  0.4593 
   00658    0.3932   -7925.0526  0.4586 
   00659    0.4024   -7887.7130  0.4528 
   00660    0.4184   -7865.9468  0.4560 
   00661    0.4072   -7862.4258  0.4514 
   00662    0.4052   -7960.9788  0.4599 
   00663    0.4048   -7959.4788  0.4632 
   00664    0.4136   -7889.6525  0.4581 
   00665    0.4084   -7871.5445  0.4618 
   00666    0.4120   -7927.0998  0.4656 
   00667    0.3956   -7869.0441  0.4574 
   00668    0.4092   -7790.7049  0.4544 
   00669    0.4012   -7876.7857  0.4604 
   00670    0.3912   -7908.6090  0.4608 
   00671    0.3852   -7904.4895  0.4597 
   00672    0.4036   -7958.1679  0.4556 
   00673    0.3908   -7928.6406  0.4594 
   00674    0.4048   -7899.3470  0.4657 
   00675    0.4092   -7912.2579  0.4609 
   00676    0.4176   -7829.7722  0.4586 
   00677    0.4040   -7882.2652  0.4526 
   00678    0.3944   -7923.3523  0.4548 
   00679    0.3972   -7893.6080  0.4518 
   00680    0.4208   -7853.0705  0.4626 
   00681    0.4020   -7826.6202  0.4566 
   00682    0.4032   -7808.6536  0.4603 
   00683    0.4044   -7808.6388  0.4645 
   00684    0.4024   -7794.2616  0.4604 
   00685    0.4156   -7812.3839  0.4583 
   00686    0.3936   -7804.3194  0.4579 
   00687    0.3904   -7835.3624  0.4598 
   00688    0.4032   -7760.4743  0.4637 
   00689    0.4140   -7779.3533  0.4591 
   00690    0.4168   -7800.8052  0.4548 
   00691    0.4020   -7797.1179  0.4542 
   00692    0.4048   -7876.5958  0.4558 
   00693    0.3828   -7899.6026  0.4620 
   00694    0.4036   -7911.6926  0.4599 
   00695    0.4076   -7886.1636  0.4588 
   00696    0.4040   -7865.7898  0.4554 
   00697    0.3900   -7807.9957  0.4599 
   00698    0.4036   -7779.3278  0.4632 
   00699    0.3948   -7875.4463  0.4576 
   00700    0.3940   -7817.6970  0.4592 
   00701    0.3988   -7868.0839  0.4623 
   00702    0.4064   -7866.9031  0.4622 
   00703    0.4008   -7904.2276  0.4648 
   00704    0.4116   -7820.8616  0.4561 
   00705    0.4016   -7860.5018  0.4572 
   00706    0.4236   -7791.5938  0.4523 
   00707    0.4028   -7836.4012  0.4514 
   00708    0.4112   -7789.6337  0.4567 
   00709    0.3920   -7826.6080  0.4606 
   00710    0.3952   -7824.4508  0.4660 
   00711    0.4112   -7803.8552  0.4716 
   00712    0.4208   -7846.7592  0.4671 
   00713    0.3936   -7896.7794  0.4608 
   00714    0.3936   -7850.5866  0.4616 
   00715    0.3908   -7821.8781  0.4629 
   00716    0.3992   -7836.9424  0.4577 
   00717    0.4144   -7803.1271  0.4587 
   00718    0.4136   -7839.3444  0.4622 
   00719    0.3916   -7889.5758  0.4629 
   00720    0.3772   -7857.4269  0.4656 
   00721    0.4060   -7884.8437  0.4686 
   00722    0.3940   -7876.8918  0.4752 
   00723    0.4120   -7943.3467  0.4736 
   00724    0.4080   -8019.8590  0.4719 
   00725    0.3988   -7956.2234  0.4647 
   00726    0.4028   -7965.6658  0.4589 
   00727    0.3992   -7996.2721  0.4606 
   00728    0.3960   -7994.5499  0.4634 
   00729    0.4080   -7971.1207  0.4644 
   00730    0.4036   -7913.3320  0.4687 
   00731    0.4044   -7857.1283  0.4676 
   00732    0.4080   -7888.0716  0.4638 
   00733    0.3912   -7858.1835  0.4637 
   00734    0.3912   -7817.3507  0.4707 
   00735    0.4020   -7867.3861  0.4734 
   00736    0.4012   -7847.4882  0.4779 
   00737    0.3940   -7849.5425  0.4639 
   00738    0.4056   -7867.7718  0.4612 
   00739    0.4020   -7814.7574  0.4658 
   00740    0.4064   -7805.5699  0.4561 
   00741    0.4044   -7898.2618  0.4553 
   00742    0.3996   -7908.7226  0.4580 
   00743    0.4100   -7890.0261  0.4517 
   00744    0.3848   -7920.3278  0.4578 
   00745    0.4164   -7919.3815  0.4586 
   00746    0.3996   -7891.4654  0.4563 
   00747    0.3836   -7909.3141  0.4564 
   00748    0.4108   -7895.8904  0.4588 
   00749    0.4060   -7905.8118  0.4648 
   00750    0.3880   -7930.0708  0.4725 
   00751    0.4004   -7895.2797  0.4675 
   00752    0.4064   -7924.7591  0.4701 
   00753    0.3904   -7956.4678  0.4761 
   00754    0.3764   -7876.4739  0.4666 
   00755    0.4056   -7887.5366  0.4782 
   00756    0.4076   -7944.7225  0.4735 
   00757    0.3840   -7960.2159  0.4645 
   00758    0.4048   -8025.1666  0.4611 
   00759    0.3904   -7931.8474  0.4577 
   00760    0.4000   -7938.0015  0.4587 
   00761    0.4032   -7916.9371  0.4603 
   00762    0.4040   -7972.0529  0.4635 
   00763    0.3984   -7991.6405  0.4587 
   00764    0.4256   -7904.5582  0.4553 
   00765    0.4092   -7899.3275  0.4459 
   00766    0.4004   -7943.9373  0.4469 
   00767    0.3904   -7932.0253  0.4433 
   00768    0.4040   -7942.2776  0.4415 
   00769    0.3944   -7976.8330  0.4519 
   00770    0.3972   -7940.4026  0.4462 
   00771    0.3920   -7908.7570  0.4465 
   00772    0.4084   -7863.1828  0.4437 
   00773    0.3980   -7817.6035  0.4369 
   00774    0.4228   -7805.7807  0.4386 
   00775    0.4064   -7826.1560  0.4524 
   00776    0.4136   -7919.6283  0.4551 
   00777    0.4108   -7910.0912  0.4551 
   00778    0.3976   -7898.2229  0.4474 
   00779    0.4040   -7860.2626  0.4448 
   00780    0.4040   -7861.9759  0.4433 
   00781    0.3948   -7877.7202  0.4448 
   00782    0.4024   -7876.5205  0.4403 
   00783    0.4208   -7846.3870  0.4479 
   00784    0.4068   -7830.9730  0.4484 
   00785    0.3968   -7819.9145  0.4520 
   00786    0.4120   -7799.7404  0.4514 
   00787    0.4148   -7866.0247  0.4559 
   00788    0.4204   -7890.6412  0.4673 
   00789    0.4196   -7947.6358  0.4683 
   00790    0.4052   -7876.8704  0.4654 
   00791    0.3972   -7840.9567  0.4607 
   00792    0.4148   -7883.9863  0.4657 
   00793    0.3984   -7918.2376  0.4738 
   00794    0.3960   -7875.9467  0.4821 
   00795    0.4136   -7819.6916  0.4745 
   00796    0.3960   -7767.7814  0.4630 
   00797    0.4088   -7810.2380  0.4583 
   00798    0.4072   -7832.0708  0.4535 
   00799    0.4096   -7803.7535  0.4571 
   00800    0.4212   -7847.5169  0.4605 
   00801    0.4128   -7824.3635  0.4659 
   00802    0.4100   -7883.6623  0.4716 
   00803    0.4096   -7864.9694  0.4692 
   00804    0.3980   -7839.4113  0.4653 
   00805    0.4088   -7837.0545  0.4609 
   00806    0.4032   -7908.9076  0.4522 
   00807    0.3916   -7916.5856  0.4550 
   00808    0.4184   -7924.0753  0.4614 
   00809    0.4176   -7935.1829  0.4560 
   00810    0.4156   -7919.5276  0.4557 
   00811    0.3872   -7967.0613  0.4572 
   00812    0.3868   -7929.3567  0.4585 
   00813    0.3800   -7893.7507  0.4613 
   00814    0.3700   -7923.3611  0.4584 
   00815    0.3844   -7929.9512  0.4669 
   00816    0.3776   -7933.0052  0.4653 
   00817    0.3748   -7887.2717  0.4632 
   00818    0.3932   -7890.4773  0.4717 
   00819    0.3896   -7948.7004  0.4729 
   00820    0.3984   -7881.6337  0.4702 
   00821    0.4068   -7851.3224  0.4677 
   00822    0.4140   -7949.7893  0.4775 
   00823    0.4008   -7940.9769  0.4808 
   00824    0.4060   -7887.3674  0.4828 
   00825    0.4008   -7873.9809  0.4837 
   00826    0.3960   -7951.6360  0.4824 
   00827    0.3968   -7965.3294  0.4843 
   00828    0.3936   -7946.4062  0.4747 
   00829    0.3876   -7959.8295  0.4716 
   00830    0.4132   -7969.1515  0.4674 
   00831    0.4212   -7957.4415  0.4595 
   00832    0.3876   -7963.3347  0.4552 
   00833    0.4100   -7913.6582  0.4527 
   00834    0.4020   -7898.1120  0.4507 
   00835    0.4000   -7930.7511  0.4623 
   00836    0.4120   -7830.0137  0.4531 
   00837    0.3952   -7820.8418  0.4577 
   00838    0.4012   -7827.2469  0.4582 
   00839    0.4124   -7928.4052  0.4535 
   00840    0.3908   -7923.2177  0.4543 
   00841    0.4136   -7860.4334  0.4514 
   00842    0.4000   -7873.8273  0.4494 
   00843    0.3952   -7913.5970  0.4495 
   00844    0.3964   -7911.3675  0.4524 
   00845    0.3996   -7919.3121  0.4520 
   00846    0.4128   -7914.7083  0.4490 
   00847    0.3816   -7953.8540  0.4542 
   00848    0.3772   -7987.0637  0.4553 
   00849    0.4080   -7932.0489  0.4566 
   00850    0.3920   -7904.4452  0.4533 
   00851    0.4084   -7880.9132  0.4513 
   00852    0.4044   -7895.4232  0.4513 
   00853    0.4040   -7937.2264  0.4533 
   00854    0.3972   -7947.5357  0.4530 
   00855    0.4072   -7909.4472  0.4537 
   00856    0.3940   -7931.6853  0.4532 
   00857    0.4016   -7824.7671  0.4587 
   00858    0.4096   -7867.7122  0.4540 
   00859    0.4028   -7887.6167  0.4527 
   00860    0.4236   -7905.5826  0.4493 
   00861    0.4052   -7857.1126  0.4487 
   00862    0.4060   -7896.1631  0.4523 
   00863    0.4032   -7912.8603  0.4469 
   00864    0.3972   -7869.0611  0.4471 
   00865    0.3932   -7803.7878  0.4517 
   00866    0.4052   -7802.0489  0.4511 
   00867    0.4016   -7859.5126  0.4577 
   00868    0.3948   -7860.8986  0.4541 
   00869    0.4152   -7781.7809  0.4524 
   00870    0.4120   -7802.0964  0.4490 
   00871    0.4080   -7831.7100  0.4543 
   00872    0.4072   -7852.9069  0.4539 
   00873    0.4172   -7864.6267  0.4574 
   00874    0.3972   -7883.1751  0.4632 
   00875    0.4084   -7862.2372  0.4711 
   00876    0.3928   -7881.0417  0.4765 
   00877    0.4020   -7940.0871  0.4776 
   00878    0.4044   -7924.3745  0.4767 
   00879    0.3960   -7946.0058  0.4800 
   00880    0.3968   -7912.5789  0.4715 
   00881    0.4036   -7852.8377  0.4677 
   00882    0.4060   -7915.0740  0.4714 
   00883    0.3868   -7961.7644  0.4700 
   00884    0.3852   -7925.1482  0.4695 
   00885    0.4064   -7904.5024  0.4745 
   00886    0.3964   -7925.6903  0.4681 
   00887    0.3940   -7871.9877  0.4733 
   00888    0.4092   -7825.4815  0.4663 
   00889    0.4056   -7826.1968  0.4683 
   00890    0.4172   -7887.0412  0.4772 
   00891    0.4056   -7883.4938  0.4836 
   00892    0.4080   -7943.8087  0.4876 
   00893    0.4028   -7954.9548  0.4907 
   00894    0.4020   -7961.3519  0.4892 
   00895    0.4108   -7961.3525  0.4910 
   00896    0.4064   -8012.6084  0.4898 
   00897    0.3824   -7982.1405  0.4899 
   00898    0.3920   -7942.0733  0.4922 
   00899    0.3872   -7957.5482  0.4902 
   00900    0.3744   -7917.6951  0.4854 
   00901    0.4136   -7906.8723  0.4811 
   00902    0.3944   -7933.3470  0.4768 
   00903    0.4068   -7986.0909  0.4816 
   00904    0.4164   -7996.6616  0.4761 
   00905    0.4016   -7983.5042  0.4788 
   00906    0.3980   -7918.5435  0.4766 
   00907    0.4168   -7953.7900  0.4739 
   00908    0.4004   -7934.2172  0.4721 
   00909    0.4060   -7924.9876  0.4696 
   00910    0.4020   -7924.0224  0.4772 
   00911    0.3996   -7939.3651  0.4707 
   00912    0.4164   -7896.3507  0.4627 
   00913    0.3868   -7887.0915  0.4633 
   00914    0.3992   -7912.2278  0.4620 
   00915    0.4124   -7944.7199  0.4764 
   00916    0.3864   -7914.8562  0.4704 
   00917    0.3924   -7943.5265  0.4647 
   00918    0.3828   -7959.5634  0.4661 
   00919    0.4000   -7991.8114  0.4753 
   00920    0.4032   -7954.3445  0.4775 
   00921    0.4076   -7898.7223  0.4741 
   00922    0.4032   -7900.5823  0.4760 
   00923    0.4108   -7933.0328  0.4812 
   00924    0.3920   -7978.5378  0.4913 
   00925    0.4288   -7963.7272  0.4937 
   00926    0.4004   -7947.1807  0.4916 
   00927    0.4040   -7977.5763  0.4954 
   00928    0.3676   -7973.3022  0.4985 
   00929    0.4076   -8007.1130  0.5024 
   00930    0.3896   -8006.8078  0.4972 
   00931    0.4036   -7994.3956  0.4910 
   00932    0.4004   -7991.8491  0.4909 
   00933    0.3936   -7993.6686  0.4862 
   00934    0.3972   -7923.1951  0.4848 
   00935    0.4136   -7970.8130  0.4831 
   00936    0.3944   -7925.9635  0.4836 
   00937    0.4028   -7945.9170  0.4820 
   00938    0.3820   -7927.6149  0.4798 
   00939    0.4008   -7884.3162  0.4801 
   00940    0.4088   -7964.1585  0.4721 
   00941    0.4044   -7911.2289  0.4646 
   00942    0.3904   -7856.8366  0.4734 
   00943    0.4008   -7753.0488  0.4760 
   00944    0.3980   -7811.7699  0.4791 
   00945    0.3936   -7816.1063  0.4695 
   00946    0.3896   -7769.2209  0.4639 
   00947    0.3908   -7818.5302  0.4633 
   00948    0.4072   -7839.0686  0.4688 
   00949    0.4144   -7877.0066  0.4662 
   00950    0.4108   -7848.6449  0.4712 
   00951    0.3992   -7830.2406  0.4705 
   00952    0.3960   -7890.8728  0.4777 
   00953    0.4024   -7867.4909  0.4758 
   00954    0.3972   -7850.5991  0.4760 
   00955    0.4052   -7910.0879  0.4727 
   00956    0.4116   -7851.0209  0.4761 
   00957    0.4068   -7854.0695  0.4817 
   00958    0.3904   -7826.6133  0.4865 
   00959    0.4260   -7821.6369  0.4885 
   00960    0.4144   -7794.5023  0.4923 
   00961    0.4036   -7810.6781  0.4911 
   00962    0.4132   -7818.0694  0.4918 
   00963    0.4004   -7852.4499  0.4883 
   00964    0.4152   -7891.1505  0.4838 
   00965    0.3944   -7893.1139  0.4856 
   00966    0.4108   -7900.9955  0.4836 
   00967    0.3988   -7855.6386  0.4765 
   00968    0.3884   -7986.2024  0.4882 
   00969    0.4172   -7986.0317  0.4888 
   00970    0.4024   -7999.3054  0.4904 
   00971    0.3988   -7966.7424  0.4916 
   00972    0.3964   -7999.4583  0.4934 
   00973    0.3972   -7908.6477  0.4885 
   00974    0.4040   -7969.6640  0.4887 
   00975    0.3972   -7930.4832  0.4862 
   00976    0.3968   -7899.2186  0.4823 
   00977    0.4044   -7900.1537  0.4785 
   00978    0.3968   -7912.9551  0.4784 
   00979    0.4004   -7903.3788  0.4726 
   00980    0.3960   -7936.3258  0.4724 
   00981    0.4008   -7893.0421  0.4830 
   00982    0.3972   -7946.9741  0.4742 
   00983    0.3928   -7984.9818  0.4812 
   00984    0.3888   -7968.2454  0.4752 
   00985    0.3956   -7922.0908  0.4721 
   00986    0.3892   -7926.8988  0.4748 
   00987    0.4012   -7905.5393  0.4796 
   00988    0.3968   -7924.1736  0.4789 
   00989    0.4052   -7893.5177  0.4756 
   00990    0.4088   -7882.3858  0.4790 
   00991    0.4008   -7948.8824  0.4720 
   00992    0.3944   -8028.7309  0.4719 
   00993    0.4052   -7964.2155  0.4806 
   00994    0.3792   -7942.3119  0.4794 
   00995    0.3988   -7947.3495  0.4794 
   00996    0.4112   -7910.7656  0.4723 
   00997    0.3840   -7877.5502  0.4748 
   00998    0.4212   -7858.8350  0.4728 
   00999    0.3996   -7903.2279  0.4698 
   01000    0.3972   -7883.8068  0.4724 
