#=====================================================
# File created:        Tue-12-Mar-2024-at-06-50-45AM
# Size of lattice:     50x50
# Number of MC steps:  1000
# Reduced temperature: 0.650
# Run time (s):        1.313515
#=====================================================
# MC step:  Ratio:     Energy:   Order:
#=====================================================
   00000    0.5000   -2436.6561  0.2544 
   00001    0.6780   -3771.5345  0.2547 
   00002    0.6244   -4470.7617  0.2648 
   00003    0.5544   -4827.3418  0.2525 
   00004    0.5520   -5205.4547  0.2616 
   00005    0.5288   -5456.9674  0.2723 
   00006    0.4948   -5742.8112  0.2678 
   00007    0.5120   -5906.2794  0.2654 
   00008    0.4876   -6066.0725  0.2665 
   00009    0.4996   -6269.3454  0.2678 
   00010    0.4828   -6321.1969  0.2658 
   00011    0.4884   -6365.5982  0.2610 
   00012    0.4804   -6481.5812  0.2676 
   00013    0.4492   -6549.7335  0.2683 
   00014    0.4564   -6592.5442  0.2736 
   00015    0.4656   -6575.7235  0.2831 
   00016    0.4808   -6685.2217  0.2856 
   00017    0.4476   -6735.9575  0.2844 
   00018    0.4644   -6818.8985  0.2891 
   00019    0.4452   -6866.8149  0.2954 
   00020    0.4432   -6843.9396  0.2878 
   00021    0.4448   -6885.9959  0.2822 
   00022    0.4364   -6912.8605  0.2843 
   00023    0.4328   -6974.4535  0.2859 
   00024    0.4536   -6913.4225  0.2890 
   00025    0.4512   -6970.6432  0.2919 
   00026    0.4308   -6960.2082  0.2992 
   00027    0.4200   -6955.7749  0.2990 
   00028    0.4500   -6968.7888  0.3006 
   00029    0.4328   -6975.5353  0.2922 
   00030    0.4616   -7018.1299  0.2926 
   00031    0.4396   -7034.9037  0.2955 
   00032    0.4308   -7058.2995  0.2963 
   00033    0.4420   -7094.3016  0.2978 
   00034    0.4304   -7125.6668  0.2998 
   00035    0.4292   -7170.6715  0.2961 
   00036    0.4336   -7176.3286  0.2905 
   00037    0.4232   -7205.1180  0.2941 
   00038    0.4268   -7191.9732  0.2913 
   00039    0.4356   -7156.0308  0.3007 
   00040    0.4364   -7160.6326  0.3021 
   00041    0.4536   -7128.4220  0.3090 
   00042    0.4372   -7248.6221  0.3130 
   00043    0.4264   -7280.4028  0.3018 
   00044    0.4356   -7256.5044  0.3067 
   00045    0.4280   -7280.6650  0.3122 
   00046    0.4232   -7326.2985  0.3167 
   00047    0.4180   -7297.7886  0.3281 
   00048    0.4260   -7291.4323  0.3289 
   00049    0.4288   -7265.0004  0.3232 
   00050    0.4332   -7287.1618  0.3145 
   00051    0.4384   -7281.5533  0.3168 
   00052    0.4176   -7307.1261  0.3205 
   00053    0.4388   -7270.9177  0.3181 
   00054    0.4192   -7301.9015  0.3182 
   00055    0.4360   -7345.9756  0.3161 
   00056    0.4200   -7391.3552  0.3106 
   00057    0.4112   -7395.8539  0.3101 
   00058    0.4144   -7345.0051  0.3209 
   00059    0.4264   -7346.5279  0.3154 
   00060    0.4268   -7321.6908  0.3173 
   00061    0.4360   -7285.5736  0.3218 
   00062    0.4096   -7286.3861  0.3187 
   00063    0.4504   -7270.8243  0.3215 
   00064    0.4188   -7267.4428  0.3240 
   00065    0.4280   -7245.0449  0.3219 
   00066    0.4088   -7295.1183  0.3173 
   00067    0.4184   -7324.5544  0.3139 
   00068    0.4364   -7381.5237  0.3169 
   00069    0.4064   -7314.0552  0.3215 
   00070    0.4144   -7269.8874  0.3202 
   00071    0.4340   -7334.4395  0.3203 
   00072    0.4368   -7339.2739  0.3277 
   00073    0.4292   -7298.0331  0.3293 
   00074    0.4248   -7313.3048  0.3242 
   00075    0.4264   -7304.0476  0.3207 
   00076    0.4432   -7307.8385  0.3266 
   00077    0.4200   -7341.4799  0.3259 
   00078    0.4216   -7338.6018  0.3291 
   00079    0.4388   -7322.0239  0.3360 
   00080    0.4352   -7284.0678  0.3408 
   00081    0.4212   -7288.2179  0.3433 
   00082    0.4264   -7281.5871  0.3341 
   00083    0.4268   -7302.3129  0.3209 
   00084    0.4532   -7334.0494  0.3303 
   00085    0.4308   -7339.5248  0.3364 
   00086    0.4188   -7333.6654  0.3337 
   00087    0.3968   -7378.4708  0.3322 
   00088    0.4300   -7329.5688  0.3381 
   00089    0.4204   -7319.2000  0.3371 
   00090    0.4136   -7300.9009  0.3340 
   00091    0.4332   -7279.7959  0.3333 
   00092    0.4120   -7360.5692  0.3242 
   00093    0.4248   -7397.8336  0.3351 
   00094    0.4260   -7477.2557  0.3414 
   00095    0.4344   -7423.1220  0.3436 
   00096    0.4084   -7357.1281  0.3443 
   00097    0.4400   -7342.2266  0.3439 
   00098    0.4160   -7422.2363  0.3448 
   00099    0.4204   -7424.8503  0.3378 
   00100    0.4160   -7388.9972  0.3304 
   00101    0.4200   -7429.5564  0.3243 
   00102    0.4332   -7427.7478  0.3244 
   00103    0.4500   -7445.3759  0.3238 
   00104    0.4232   -7406.0497  0.3139 
   00105    0.4052   -7397.9599  0.3114 
   00106    0.4260   -7359.7644  0.3169 
   00107    0.4136   -7396.6274  0.3173 
   00108    0.4192   -7396.9425  0.3294 
   00109    0.4232   -7456.0047  0.3339 
   00110    0.4172   -7439.9423  0.3288 
   00111    0.4368   -7453.0861  0.3268 
   00112    0.4184   -7435.9771  0.3288 
   00113    0.4004   -7415.1480  0.3259 
   00114    0.4040   -7413.3506  0.3261 
   00115    0.4196   -7425.6250  0.3260 
   00116    0.4320   -7428.4291  0.3250 
   00117    0.4240   -7408.9089  0.3299 
   00118    0.4292   -7358.1613  0.3255 
   00119    0.4272   -7398.1631  0.3246 
   00120    0.4264   -7371.8488  0.3189 
   00121    0.4348   -7363.3700  0.3220 
   00122    0.4312   -7367.9725  0.3154 
   00123    0.4228   -7349.8389  0.3147 
   00124    0.4340   -7331.6358  0.3131 
   00125    0.4148   -7381.4489  0.3218 
   00126    0.4192   -7430.4622  0.3159 
   00127    0.4252   -7426.7126  0.3194 
   00128    0.4292   -7488.2443  0.3175 
   00129    0.4212   -7488.3883  0.3208 
   00130    0.4196   -7518.9563  0.3125 
   00131    0.4092   -7412.0606  0.3236 
   00132    0.4480   -7384.4917  0.3178 
   00133    0.4396   -7364.4804  0.3297 
   00134    0.4292   -7426.1554  0.3329 
   00135    0.4120   -7480.8520  0.3408 
   00136    0.4244   -7451.7649  0.3443 
   00137    0.4152   -7448.2694  0.3493 
   00138    0.4308   -7432.1590  0.3425 
   00139    0.4312   -7402.1179  0.3336 
   00140    0.4200   -7427.0472  0.3387 
   00141    0.4340   -7494.6859  0.3424 
   00142    0.4172   -7568.2520  0.3408 
   00143    0.4176   -7531.2843  0.3385 
   00144    0.4080   -7485.9922  0.3388 
   00145    0.4136   -7491.0505  0.3384 
   00146    0.4152   -7494.6982  0.3366 
   00147    0.4112   -7504.9510  0.3376 
   00148    0.4168   -7502.8958  0.3377 
   00149    0.4488   -7503.4012  0.3423 
   00150    0.4024   -7494.1184  0.3495 
   00151    0.4024   -7492.7940  0.3563 
   00152    0.4136   -7418.4536  0.3584 
   00153    0.4184   -7381.8337  0.3604 
   00154    0.4312   -7408.2078  0.3607 
   00155    0.4084   -7431.1978  0.3544 
   00156    0.4252   -7395.1425  0.3588 
   00157    0.4280   -7438.9490  0.3523 
   00158    0.4340   -7372.4878  0.3553 
   00159    0.4060   -7396.9644  0.3578 
   00160    0.4216   -7385.1217  0.3562 
   00161    0.4196   -7375.5913  0.3527 
   00162    0.4284   -7387.0077  0.3471 
   00163    0.4120   -7420.1844  0.3585 
   00164    0.4260   -7419.3580  0.3593 
   00165    0.4388   -7415.1782  0.3531 
   00166    0.4156   -7416.6456  0.3408 
   00167    0.4176   -7464.3713  0.3424 
   00168    0.4280   -7522.9618  0.3392 
   00169    0.4068   -7471.5118  0.3440 
   00170    0.4208   -7512.1946  0.3388 
   00171    0.4164   -7437.0315  0.3454 
   00172    0.4244   -7495.6001  0.3498 
   00173    0.4056   -7493.7128  0.3433 
   00174    0.3980   -7492.5216  0.3466 
   00175    0.4184   -7508.9379  0.3450 
   00176    0.4256   -7486.5658  0.3534 
   00177    0.4040   -7536.3193  0.3545 
   00178    0.4116   -7474.2324  0.3543 
   00179    0.4124   -7504.1365  0.3525 
   00180    0.4188   -7461.1508  0.3572 
   00181    0.4116   -7447.1785  0.3678 
   00182    0.4192   -7437.1843  0.3597 
   00183    0.4244   -7418.2650  0.3570 
   00184    0.3980   -7406.1543  0.3510 
   00185    0.4176   -7434.8735  0.3473 
   00186    0.4004   -7441.9673  0.3422 
   00187    0.4296   -7392.0886  0.3437 
   00188    0.4360   -7425.2976  0.3539 
   00189    0.4240   -7422.1478  0.3612 
   00190    0.4280   -7471.1419  0.3637 
   00191    0.4100   -7519.6339  0.3658 
   00192    0.4012   -7556.4192  0.3754 
   00193    0.4432   -7618.6014  0.3759 
   00194    0.4212   -7609.3493  0.3777 
   00195    0.4168   -7545.5394  0.3731 
   00196    0.4068   -7539.9268  0.3729 
   00197    0.4400   -7543.1915  0.3694 
   00198    0.4316   -7581.9844  0.3721 
   00199    0.4160   -7518.5175  0.3635 
   00200    0.4020   -7491.6268  0.3640 
   00201    0.4168   -7440.2878  0.3557 
   00202    0.4416   -7424.9388  0.3519 
   00203    0.4412   -7375.2284  0.3467 
   00204    0.4176   -7398.0121  0.3451 
   00205    0.4300   -7428.7550  0.3464 
   00206    0.4300   -7435.4251  0.3487 
   00207    0.4264   -7503.3084  0.3517 
   00208    0.4228   -7488.3964  0.3496 
   00209    0.4192   -7512.2374  0.3570 
   00210    0.4156   -7497.5666  0.3544 
   00211    0.4208   -7489.5855  0.3558 
   00212    0.4332   -7510.6194  0.3645 
   00213    0.4140   -7582.7546  0.3662 
   00214    0.4208   -7546.0906  0.3582 
   00215    0.4140   -7592.4880  0.3592 
   00216    0.4132   -7582.5070  0.3654 
   00217    0.4232   -7582.0946  0.3639 
   00218    0.4156   -7547.2154  0.3599 
   00219    0.4156   -7594.3028  0.3566 
   00220    0.4068   -7557.5313  0.3585 
   00221    0.4032   -7540.4640  0.3608 
   00222    0.4120   -7544.2051  0.3542 
   00223    0.4368   -7486.6124  0.3485 
   00224    0.4300   -7496.1552  0.3588 
   00225    0.4380   -7591.6924  0.3568 
   00226    0.4088   -7614.3668  0.3444 
   00227    0.4204   -7646.6886  0.3438 
   00228    0.4268   -7669.4637  0.3487 
   00229    0.4100   -7733.3104  0.3398 
   00230    0.4172   -7717.0814  0.3451 
   00231    0.4084   -7746.0446  0.3522 
   00232    0.4104   -7750.9915  0.3669 
   00233    0.4124   -7768.7469  0.3649 
   00234    0.4112   -7727.3026  0.3624 
   00235    0.4140   -7736.0268  0.3608 
   00236    0.4084   -7750.5390  0.3589 
   00237    0.3996   -7722.4590  0.3557 
   00238    0.4124   -7747.7462  0.3643 
   00239    0.4032   -7739.9716  0.3608 
   00240    0.4192   -7657.3141  0.3554 
   00241    0.3916   -7650.0850  0.3530 
   00242    0.4260   -7667.8157  0.3591 
   00243    0.4064   -7633.9540  0.3484 
   00244    0.4140   -7684.9789  0.3501 
   00245    0.4056   -7695.1093  0.3551 
   00246    0.4200   -7667.4170  0.3533 
   00247    0.4060   -7689.1001  0.3453 
   00248    0.4164   -7687.9678  0.3402 
   00249    0.4176   -7684.0253  0.3404 
   00250    0.4300   -7718.7997  0.3424 
   00251    0.4220   -7736.8048  0.3443 
   00252    0.4196   -7748.7846  0.3430 
   00253    0.4000   -7719.3698  0.3405 
   00254    0.4224   -7670.0852  0.3505 
   00255    0.4072   -7696.6427  0.3504 
   00256    0.4168   -7759.5364  0.3370 
   00257    0.4004   -7707.0606  0.3400 
   00258    0.3952   -7752.6059  0.3408 
   00259    0.4100   -7758.2033  0.3400 
   00260    0.4040   -7738.3276  0.3393 
   00261    0.4172   -7782.7708  0.3347 
   00262    0.4056   -7794.9936  0.3337 
   00263    0.4124   -7777.8431  0.3345 
   00264    0.4088   -7824.9264  0.3321 
   00265    0.4152   -7822.9921  0.3351 
   00266    0.4140   -7862.9356  0.3412 
   00267    0.4044   -7865.0942  0.3422 
   00268    0.4200   -7904.5253  0.3461 
   00269    0.3912   -7926.2311  0.3429 
   00270    0.4068   -7915.8166  0.3365 
   00271    0.4224   -7913.3643  0.3358 
   00272    0.4100   -7859.2274  0.3397 
   00273    0.4012   -7867.2554  0.3377 
   00274    0.4100   -7834.9542  0.3451 
   00275    0.4020   -7817.7892  0.3423 
   00276    0.4212   -7829.3153  0.3395 
   00277    0.4032   -7856.3941  0.3416 
   00278    0.3860   -7864.6620  0.3438 
   00279    0.3928   -7825.2283  0.3406 
   00280    0.4004   -7850.5501  0.3434 
   00281    0.4032   -7858.6380  0.3468 
   00282    0.3968   -7892.7318  0.3498 
   00283    0.3936   -7946.0542  0.3577 
   00284    0.4004   -7851.7646  0.3600 
   00285    0.4032   -7868.9215  0.3550 
   00286    0.4228   -7877.8042  0.3519 
   00287    0.4008   -7800.0068  0.3554 
   00288    0.4216   -7774.2599  0.3466 
   00289    0.3972   -7755.0186  0.3548 
   00290    0.4176   -7810.3545  0.3594 
   00291    0.4056   -7794.6728  0.3542 
   00292    0.4188   -7712.4942  0.3545 
   00293    0.4208   -7687.5414  0.3577 
   00294    0.4252   -7672.7500  0.3666 
   00295    0.4244   -7748.2573  0.3695 
   00296    0.4240   -7758.7066  0.3674 
   00297    0.4000   -7788.9860  0.3568 
   00298    0.3984   -7767.3889  0.3507 
   00299    0.4128   -7802.2305  0.3568 
   00300    0.4048   -7857.0598  0.3523 
   00301    0.4088   -7775.5385  0.3514 
   00302    0.4204   -7749.8710  0.3478 
   00303    0.4200   -7764.3518  0.3451 
   00304    0.4140   -7786.2401  0.3464 
   00305    0.4044   -7754.2075  0.3497 
   00306    0.4036   -7777.9524  0.3513 
   00307    0.4064   -7834.6393  0.3531 
   00308    0.4036   -7859.4087  0.3532 
   00309    0.4128   -7845.1337  0.3438 
   00310    0.4020   -7849.1721  0.3420 
   00311    0.4128   -7846.7302  0.3412 
   00312    0.4124   -7809.0912  0.3493 
   00313    0.4116   -7804.3196  0.3520 
   00314    0.4004   -7756.6515  0.3508 
   00315    0.4120   -7748.7828  0.3501 
   00316    0.4212   -7751.5945  0.3572 
   00317    0.4076   -7822.2365  0.3558 
   00318    0.3952   -7799.2688  0.3520 
   00319    0.4028   -7782.0774  0.3543 
   00320    0.3992   -7820.4857  0.3527 
   00321    0.4088   -7865.8186  0.3602 
   00322    0.4196   -7815.3819  0.3615 
   00323    0.3832   -7798.1537  0.3542 
   00324    0.4124   -7720.2768  0.3467 
   00325    0.4108   -7687.4343  0.3553 
   00326    0.4104   -7692.8391  0.3554 
   00327    0.4172   -7657.4609  0.3534 
   00328    0.4096   -7667.1013  0.3479 
   00329    0.4052   -7727.2532  0.3474 
   00330    0.4164   -7723.6515  0.3525 
   00331    0.4144   -7763.8401  0.3606 
   00332    0.3996   -7769.2565  0.3629 
   00333    0.4112   -7876.5657  0.3637 
   00334    0.4056   -7804.4962  0.3626 
   00335    0.3976   -7812.7185  0.3619 
   00336    0.4112   -7843.1108  0.3657 
   00337    0.3984   -7861.8599  0.3587 
   00338    0.4080   -7793.0883  0.3606 
   00339    0.4088   -7781.3399  0.3565 
   00340    0.3888   -7767.3272  0.3583 
   00341    0.4116   -7772.6472  0.3620 
   00342    0.4028   -7788.8182  0.3629 
   00343    0.4076   -7805.0757  0.3625 
   00344    0.3952   -7765.9724  0.3614 
   00345    0.3908   -7790.6244  0.3556 
   00346    0.4152   -7756.8640  0.3596 
   00347    0.4200   -7767.2561  0.3571 
   00348    0.4024   -7693.0232  0.3614 
   00349    0.4124   -7728.1051  0.3587 
   00350    0.4164   -7712.6473  0.3569 
   00351    0.4036   -7758.2109  0.3640 
   00352    0.3904   -7755.8424  0.3699 
   00353    0.4080   -7781.2126  0.3694 
   00354    0.4056   -7769.5855  0.3710 
   00355    0.4088   -7769.9824  0.3695 
   00356    0.4000   -7775.8924  0.3686 
   00357    0.4156   -7806.0497  0.3694 
   00358    0.4204   -7786.4836  0.3676 
   00359    0.4036   -7815.7345  0.3696 
   00360    0.4168   -7835.0765  0.3781 
   00361    0.4060   -7884.2500  0.3858 
   00362    0.3952   -7804.2035  0.3878 
   00363    0.4244   -7799.0019  0.3813 
   00364    0.4068   -7794.1721  0.3806 
   00365    0.4164   -7862.8278  0.3710 
   00366    0.4192   -7819.8830  0.3719 
   00367    0.3972   -7781.1511  0.3731 
   00368    0.4116   -7768.0390  0.3728 
   00369    0.4056   -7781.1494  0.3719 
   00370    0.4024   -7833.6410  0.3743 
   00371    0.4020   -7839.0482  0.3660 
   00372    0.4148   -7815.8566  0.3643 
   00373    0.4040   -7757.1782  0.3650 
   00374    0.3972   -7749.8631  0.3663 
   00375    0.4084   -7694.1456  0.3615 
   00376    0.3952   -7776.6632  0.3619 
   00377    0.4084   -7806.6733  0.3637 
   00378    0.4156   -7761.4651  0.3634 
   00379    0.4316   -7778.2049  0.3677 
   00380    0.4092   -7869.2517  0.3671 
   00381    0.4152   -7818.9607  0.3621 
   00382    0.4152   -7767.4818  0.3677 
   00383    0.4276   -7809.5529  0.3591 
   00384    0.4156   -7835.9840  0.3552 
   00385    0.4056   -7832.0275  0.3507 
   00386    0.4036   -7790.1868  0.3522 
   00387    0.4012   -7799.7643  0.3538 
   00388    0.4048   -7773.2527  0.3504 
   00389    0.4044   -7749.3142  0.3543 
   00390    0.4196   -7794.9737  0.3484 
   00391    0.4152   -7830.9221  0.3516 
   00392    0.3908   -7800.9326  0.3444 
   00393    0.3964   -7819.6112  0.3565 
   00394    0.4136   -7803.7891  0.3529 
   00395    0.4244   -7808.3895  0.3556 
   00396    0.4276   -7760.0887  0.3455 
   00397    0.4140   -7852.7707  0.3475 
   00398    0.4040   -7785.1025  0.3534 
   00399    0.4116   -7786.9001  0.3576 
   00400    0.4096   -7804.0572  0.3556 
   00401    0.4064   -7792.7653  0.3581 
   00402    0.4096   -7824.2392  0.3592 
   00403    0.4084   -7806.3578  0.3669 
   00404    0.4176   -7761.3252  0.3713 
   00405    0.4192   -7738.6995  0.3721 
   00406    0.3972   -7740.3400  0.3599 
   00407    0.3944   -7826.2515  0.3571 
   00408    0.4008   -7848.5375  0.3560 
   00409    0.4260   -7867.8807  0.3620 
   00410    0.3976   -7810.6964  0.3645 
   00411    0.4020   -7822.4674  0.3646 
   00412    0.4228   -7810.0512  0.3634 
   00413    0.3916   -7774.7076  0.3651 
   00414    0.4084   -7728.3012  0.3656 
   00415    0.4256   -7778.2009  0.3659 
   00416    0.4268   -7787.9457  0.3664 
   00417    0.4132   -7790.7629  0.3731 
   00418    0.4032   -7796.7401  0.3776 
   00419    0.3968   -7748.0793  0.3798 
   00420    0.4244   -7757.6311  0.3814 
   00421    0.4160   -7792.0381  0.3796 
   00422    0.4128   -7778.1745  0.3800 
   00423    0.4052   -7769.0995  0.3868 
   00424    0.4176   -7798.2877  0.3831 
   00425    0.4064   -7858.2816  0.3911 
   00426    0.4080   -7868.8789  0.3850 
   00427    0.4104   -7855.7405  0.3918 
   00428    0.4168   -7808.5882  0.3967 
   00429    0.4076   -7828.1109  0.3958 
   00430    0.4160   -7881.3606  0.3967 
   00431    0.4132   -7817.6656  0.3917 
   00432    0.4096   -7911.7707  0.3995 
   00433    0.4272   -7868.2390  0.3960 
   00434    0.4144   -7796.1102  0.3908 
   00435    0.4244   -7809.8194  0.3986 
   00436    0.4108   -7863.8481  0.3946 
   00437    0.3944   -7855.3541  0.4026 
   00438    0.4072   -7913.5475  0.3973 
   00439    0.4108   -7867.1086  0.3924 
   00440    0.3888   -7846.8965  0.3917 
   00441    0.4124   -7788.3059  0.3899 
   00442    0.4064   -7791.9346  0.3816 
   00443    0.3964   -7751.7867  0.3846 
   00444    0.4048   -7785.0492  0.3863 
   00445    0.4144   -7826.8807  0.3873 
   00446    0.3976   -7804.9745  0.3876 
   00447    0.4196   -7834.2216  0.3857 
   00448    0.4084   -7852.5769  0.3839 
   00449    0.4012   -7799.9768  0.3852 
   00450    0.4096   -7864.7274  0.3943 
   00451    0.4108   -7901.4824  0.3944 
   00452    0.4112   -7907.7103  0.3926 
   00453    0.3932   -7840.4235  0.3896 
   00454    0.4108   -7830.4728  0.3862 
   00455    0.4076   -7847.2662  0.3806 
   00456    0.4008   -7785.8026  0.3732 
   00457    0.4064   -7786.2021  0.3819 
   00458    0.4228   -7886.1913  0.3798 
   00459    0.4080   -7906.1410  0.3791 
   00460    0.4100   -7881.8881  0.3849 
   00461    0.4176   -7855.2670  0.3775 
   00462    0.4040   -7848.7632  0.3857 
   00463    0.4116   -7847.3835  0.3832 
   00464    0.3884   -7829.8177  0.3714 
   00465    0.4212   -7809.7316  0.3786 
   00466    0.4252   -7819.0816  0.3786 
   00467    0.4240   -7845.5933  0.3851 
   00468    0.3876   -7906.8948  0.3810 
   00469    0.3844   -7909.3915  0.3797 
   00470    0.4108   -7838.1860  0.3753 
   00471    0.3960   -7849.2750  0.3732 
   00472    0.3972   -7894.8602  0.3721 
   00473    0.4048   -7906.0138  0.3728 
   00474    0.4032   -7937.8293  0.3792 
   00475    0.3952   -7890.5939  0.3792 
   00476    0.4076   -7850.5916  0.3826 
   00477    0.4160   -7844.0764  0.3812 
   00478    0.4080   -7870.3604  0.3753 
   00479    0.4008   -7818.1566  0.3737 
   00480    0.4044   -7795.3360  0.3714 
   00481    0.4024   -7914.1876  0.3732 
   00482    0.3924   -7960.1704  0.3676 
   00483    0.4076   -7916.6771  0.3703 
   00484    0.3960   -7902.5696  0.3709 
   00485    0.3924   -7888.4216  0.3711 
   00486    0.4068   -7901.4919  0.3772 
   00487    0.4056   -7851.8853  0.3704 
   00488    0.3976   -7847.3158  0.3706 
   00489    0.3940   -7858.3828  0.3702 
   00490    0.4112   -7821.9800  0.3758 
   00491    0.4088   -7822.1375  0.3730 
   00492    0.4064   -7787.3652  0.3742 
   00493    0.4144   -7819.7146  0.3663 
   00494    0.4064   -7796.5726  0.3635 
   00495    0.4128   -7777.8922  0.3611 
   00496    0.4192   -7757.6616  0.3655 
   00497    0.4136   -7748.0624  0.3705 
   00498    0.4048   -7799.5213  0.3723 
   00499    0.4140   -7736.4699  0.3664 
   00500    0.4036   -7762.7033  0.3643 
   00501    0.4176   -7755.3883  0.3687 
   00502    0.4108   -7745.7066  0.3671 
   00503    0.4076   -7780.6662  0.3665 
   00504    0.4092   -7780.6271  0.3707 
   00505    0.4052   -7810.8901  0.3718 
   00506    0.4092   -7797.8220  0.3692 
   00507    0.4160   -7761.7896  0.3735 
   00508    0.4060   -7661.8685  0.3788 
   00509    0.4264   -7644.3573  0.3736 
   00510    0.4076   -7684.0271  0.3788 
   00511    0.4224   -7789.7304  0.3786 
   00512    0.4172   -7808.8259  0.3761 
   00513    0.4044   -7845.8200  0.3715 
   00514    0.4016   -7883.1250  0.3719 
   00515    0.4004   -7813.1859  0.3750 
   00516    0.3996   -7770.9715  0.3694 
   00517    0.3976   -7809.2668  0.3638 
   00518    0.4064   -7828.9894  0.3630 
   00519    0.4108   -7783.4982  0.3586 
   00520    0.4132   -7697.2236  0.3607 
   00521    0.4252   -7732.0117  0.3650 
   00522    0.4160   -7760.8500  0.3729 
   00523    0.4044   -7750.7256  0.3725 
   00524    0.4012   -7724.9115  0.3698 
   00525    0.4188   -7745.4414  0.3692 
   00526    0.4180   -7724.5936  0.3741 
   00527    0.4096   -7738.1466  0.3732 
   00528    0.4244   -7804.1814  0.3737 
   00529    0.4080   -7804.3462  0.3759 
   00530    0.4224   -7861.1492  0.3842 
   00531    0.4100   -7808.4862  0.3785 
   00532    0.4124   -7796.2454  0.3674 
   00533    0.3940   -7780.1769  0.3730 
   00534    0.4088   -7759.5840  0.3754 
   00535    0.4016   -7766.9137  0.3761 
   00536    0.4116   -7772.2259  0.3710 
   00537    0.4236   -7808.8775  0.3685 
   00538    0.4136   -7801.0309  0.3737 
   00539    0.4088   -7819.6404  0.3719 
   00540    0.4088   -7829.6783  0.3766 
   00541    0.4044   -7763.3781  0.3721 
   00542    0.4172   -7743.4755  0.3734 
   00543    0.4232   -7778.2739  0.3689 
   00544    0.3996   -7780.1727  0.3748 
   00545    0.4196   -7781.1940  0.3706 
   00546    0.4072   -7789.2418  0.3754 
   00547    0.4104   -7878.3663  0.3710 
   00548    0.4140   -7819.8156  0.3711 
   00549    0.4068   -7791.4440  0.3703 
   00550    0.4096   -7760.5432  0.3674 
   00551    0.4016   -7669.2245  0.3743 
   00552    0.4096   -7621.7526  0.3706 
   00553    0.4064   -7697.7194  0.3696 
   00554    0.4304   -7743.3544  0.3646 
   00555    0.4160   -7782.8913  0.3589 
   00556    0.4156   -7764.4883  0.3651 
   00557    0.4124   -7714.2512  0.3698 
   00558    0.4248   -7786.1996  0.3743 
   00559    0.4096   -7852.0221  0.3820 
   00560    0.4072   -7809.4693  0.3758 
   00561    0.4120   -7859.3296  0.3763 
   00562    0.3920   -7798.8939  0.3797 
   00563    0.4032   -7847.5176  0.3862 
   00564    0.3988   -7892.5354  0.3892 
   00565    0.3980   -7837.3191  0.3912 
   00566    0.4008   -7844.4222  0.3842 
   00567    0.4068   -7812.1137  0.3829 
   00568    0.4068   -7793.6586  0.3787 
   00569    0.4080   -7766.6731  0.3727 
   00570    0.4052   -7832.5983  0.3661 
   00571    0.3960   -7817.8062  0.3676 
   00572    0.4028   -7786.2423  0.3644 
   00573    0.4256   -7760.5135  0.3611 
   00574    0.4212   -7798.8249  0.3593 
   00575    0.3968   -7824.1973  0.3556 
   00576    0.4096   -7824.5777  0.3571 
   00577    0.4072   -7846.1676  0.3507 
   00578    0.3948   -7846.7380  0.3601 
   00579    0.4084   -7853.4380  0.3661 
   00580    0.4096   -7798.3614  0.3662 
   00581    0.4136   -7812.2886  0.3656 
   00582    0.4112   -7776.2823  0.3698 
   00583    0.4204   -7739.6009  0.3671 
   00584    0.4216   -7729.3110  0.3665 
   00585    0.4024   -7737.1614  0.3693 
   00586    0.4060   -7755.1935  0.3759 
   00587    0.4256   -7717.2253  0.3686 
   00588    0.3952   -7780.3723  0.3634 
   00589    0.3964   -7785.6442  0.3622 
   00590    0.3968   -7768.4916  0.3597 
   00591    0.4028   -7741.8875  0.3623 
   00592    0.4100   -7724.5832  0.3611 
   00593    0.4272   -7715.5208  0.3684 
   00594    0.4172   -7715.4708  0.3719 
   00595    0.4092   -7809.0594  0.3682 
   00596    0.3936   -7811.1097  0.3766 
   00597    0.4088   -7871.6503  0.3781 
   00598    0.4028   -7808.4052  0.3737 
   00599    0.4188   -7845.2706  0.3755 
   00600    0.4108   -7819.1066  0.3758 
   00601    0.4024   -7859.2974  0.3737 
   00602    0.4088   -7822.4151  0.3753 
   00603    0.4120   -7810.7579  0.3784 
   00604    0.3956   -7804.2919  0.3806 
   00605    0.4180   -7794.2454  0.3747 
   00606    0.4044   -7845.7167  0.3731 
   00607    0.4320   -7827.1163  0.3732 
   00608    0.4256   -7770.1017  0.3639 
   00609    0.4184   -7749.0847  0.3638 
   00610    0.4020   -7769.4834  0.3645 
   00611    0.4248   -7767.6174  0.3735 
   00612    0.4244   -7809.9778  0.3813 
   00613    0.3952   -7819.9100  0.3830 
   00614    0.4072   -7797.4202  0.3749 
   00615    0.4040   -7804.7373  0.3726 
   00616    0.3912   -7743.1512  0.3704 
   00617    0.4108   -7745.0017  0.3693 
   00618    0.3952   -7813.8948  0.3669 
   00619    0.4080   -7812.8041  0.3628 
   00620    0.4060   -7795.9234  0.3635 
   00621    0.4048   -7854.3680  0.3633 
   00622    0.4152   -7868.5950  0.3631 
   00623    0.4124   -7888.4967  0.3624 
   00624    0.4100   -7835.7962  0.3583 
   00625    0.4064   -7814.3855  0.3658 
   00626    0.3980   -7774.5138  0.3632 
   00627    0.4088   -7719.9585  0.3589 
   00628    0.4108   -7754.7193  0.3652 
   00629    0.4064   -7824.6981  0.3588 
   00630    0.4148   -7773.6595  0.3616 
   00631    0.4128   -7822.1234  0.3659 
   00632    0.4128   -7836.5287  0.3659 
   00633    0.4068   -7788.3990  0.3649 
   00634    0.4088   -7743.6141  0.3645 
   00635    0.4080   -7728.7146  0.3727 
   00636    0.4288   -7714.8560  0.3766 
   00637    0.3996   -7741.9447  0.3737 
   00638    0.4128   -7757.2942  0.3757 
   00639    0.4364   -7708.7133  0.3753 
   00640    0.4100   -7645.1074  0.3792 
   00641    0.4068   -7635.1088  0.3752 
   00642    0.4104   -7637.9842  0.3793 
   00643    0.4240   -7645.0757  0.3816 
   00644    0.4344   -7710.7244  0.3850 
   00645    0.4168   -7692.1065  0.3797 
   00646    0.4172   -7818.1470  0.3797 
   00647    0.4176   -7743.7544  0.3789 
   00648    0.4044   -7780.6180  0.3782 
   00649    0.4132   -7822.2622  0.3829 
   00650    0.4236   -7824.8813  0.3878 
   00651    0.3992   -7753.2779  0.3842 
   00652    0.3984   -7835.1148  0.3897 
   00653    0.4108   -7751.2725  0.3809 
   00654    0.4228   -7821.9228  0.3862 
   00655    0.4128   -7858.2682  0.3854 
   00656    0.4200   -7866.4592  0.3851 
   00657    0.4052   -7879.9738  0.3919 
   00658    0.4188   -7827.6105  0.3888 
   00659    0.3868   -7837.3120  0.3848 
   00660    0.3920   -7864.8749  0.3858 
   00661    0.4016   -7869.3891  0.3813 
   00662    0.4168   -7839.3068  0.3771 
   00663    0.4112   -7848.2317  0.3837 
   00664    0.4064   -7789.9379  0.3845 
   00665    0.4156   -7819.6490  0.3872 
   00666    0.4108   -7849.5598  0.3866 
   00667    0.4120   -7887.3739  0.3942 
   00668    0.4108   -7946.2660  0.4014 
   00669    0.3944   -7930.2766  0.4018 
   00670    0.3952   -7968.6888  0.3999 
   00671    0.4016   -7873.0154  0.3971 
   00672    0.3920   -7891.5034  0.4019 
   00673    0.4004   -7886.2056  0.4027 
   00674    0.3988   -7892.5675  0.4064 
   00675    0.4152   -7882.7994  0.4075 
   00676    0.4044   -7841.4630  0.4190 
   00677    0.4072   -7859.0677  0.4123 
   00678    0.4136   -7842.6253  0.4103 
   00679    0.3960   -7814.3086  0.4067 
   00680    0.3964   -7830.1314  0.4101 
   00681    0.4004   -7840.0694  0.4093 
   00682    0.4296   -7847.4355  0.4041 
   00683    0.4160   -7873.1687  0.4071 
   00684    0.3972   -7821.8466  0.4063 
   00685    0.3948   -7830.1410  0.4100 
   00686    0.4108   -7893.7388  0.4126 
   00687    0.4016   -7911.2695  0.4061 
   00688    0.4340   -7917.4435  0.4082 
   00689    0.3980   -7939.9909  0.4106 
   00690    0.4140   -7885.4024  0.4107 
   00691    0.4072   -7881.4295  0.4053 
   00692    0.4008   -7883.4632  0.4049 
   00693    0.3996   -7871.0728  0.4060 
   00694    0.3904   -7846.4697  0.4034 
   00695    0.4032   -7869.4845  0.4109 
   00696    0.4156   -7879.6537  0.4097 
   00697    0.4052   -7840.2795  0.4028 
   00698    0.4128   -7800.3501  0.4104 
   00699    0.4116   -7744.1095  0.4135 
   00700    0.4328   -7775.6083  0.4132 
   00701    0.4100   -7756.7441  0.4111 
   00702    0.4256   -7750.5000  0.4195 
   00703    0.4072   -7782.0287  0.4210 
   00704    0.4152   -7794.9846  0.4068 
   00705    0.4032   -7835.8183  0.4045 
   00706    0.4068   -7887.2347  0.4096 
   00707    0.4156   -7827.8105  0.4148 
   00708    0.3984   -7803.6458  0.4238 
   00709    0.4208   -7800.6108  0.4213 
   00710    0.4024   -7764.5870  0.4248 
   00711    0.4208   -7785.7682  0.4225 
   00712    0.3996   -7830.6877  0.4217 
   00713    0.4048   -7818.4889  0.4244 
   00714    0.4140   -7764.5442  0.4188 
   00715    0.4068   -7754.4247  0.4151 
   00716    0.4168   -7753.8545  0.4122 
   00717    0.4140   -7694.0957  0.4099 
   00718    0.4276   -7666.7670  0.4101 
   00719    0.4128   -7649.9905  0.4039 
   00720    0.4164   -7721.9450  0.3986 
   00721    0.3988   -7728.1725  0.3980 
   00722    0.3928   -7774.6325  0.4012 
   00723    0.4092   -7772.3047  0.4062 
   00724    0.4208   -7778.9774  0.4049 
   00725    0.4004   -7735.0899  0.4063 
   00726    0.4168   -7673.7405  0.4015 
   00727    0.4132   -7734.9956  0.4041 
   00728    0.4092   -7799.7865  0.4022 
   00729    0.4164   -7769.7637  0.4002 
   00730    0.4216   -7811.7784  0.4023 
   00731    0.4180   -7800.5092  0.4073 
   00732    0.4100   -7809.5469  0.4026 
   00733    0.4076   -7834.6966  0.4090 
   00734    0.3952   -7807.8135  0.4059 
   00735    0.3916   -7814.6464  0.4011 
   00736    0.4340   -7855.3675  0.4060 
   00737    0.4172   -7847.6106  0.4125 
   00738    0.4192   -7795.0255  0.4114 
   00739    0.4160   -7775.3090  0.4078 
   00740    0.3944   -7801.4379  0.4130 
   00741    0.4092   -7774.7706  0.4140 
   00742    0.4072   -7820.7987  0.4118 
   00743    0.4056   -7826.4071  0.4171 
   00744    0.4060   -7813.8904  0.4147 
   00745    0.4088   -7805.0625  0.4168 
   00746    0.4000   -7857.6959  0.4191 
   00747    0.4012   -7814.0158  0.4237 
   00748    0.4060   -7802.4224  0.4217 
   00749    0.4292   -7873.0828  0.4255 
   00750    0.4008   -7887.6059  0.4242 
   00751    0.3992   -7863.8283  0.4267 
   00752    0.3904   -7828.6391  0.4260 
   00753    0.4128   -7780.7276  0.4165 
   00754    0.4052   -7761.5263  0.4165 
   00755    0.4264   -7795.4644  0.4152 
   00756    0.4028   -7770.6475  0.4136 
   00757    0.4116   -7856.2329  0.4116 
   00758    0.4036   -7815.6497  0.4090 
   00759    0.4140   -7784.5366  0.4082 
   00760    0.3968   -7805.8355  0.4102 
   00761    0.4100   -7791.8777  0.4128 
   00762    0.4076   -7759.2201  0.4133 
   00763    0.4080   -7803.1413  0.4210 
   00764    0.4060   -7792.7921  0.4222 
   00765    0.4116   -7811.6392  0.4110 
   00766    0.4232   -7784.9429  0.4031 
   00767    0.4320   -7753.7865  0.4023 
   00768    0.4084   -7746.6272  0.4018 
   00769    0.4072   -7794.0611  0.3992 
   00770    0.4064   -7793.5849  0.4021 
   00771    0.4328   -7825.2510  0.3994 
   00772    0.4120   -7862.8066  0.3985 
   00773    0.3948   -7848.2526  0.4031 
   00774    0.4172   -7936.7339  0.4073 
   00775    0.4096   -7869.2295  0.4109 
   00776    0.3892   -7886.8669  0.4006 
   00777    0.4164   -7835.5943  0.4039 
   00778    0.4212   -7834.6399  0.4039 
   00779    0.4204   -7824.4158  0.3910 
   00780    0.3984   -7864.0904  0.3831 
   00781    0.3896   -7873.4780  0.3777 
   00782    0.3976   -7780.6312  0.3768 
   00783    0.4028   -7863.4828  0.3734 
   00784    0.4120   -7865.2150  0.3757 
   00785    0.4064   -7876.2089  0.3735 
   00786    0.4072   -7906.9218  0.3727 
   00787    0.4204   -7930.6889  0.3691 
   00788    0.4064   -7883.7278  0.3648 
   00789    0.3860   -7893.8636  0.3724 
   00790    0.3944   -7854.0983  0.3797 
   00791    0.4112   -7784.1973  0.3772 
   00792    0.4024   -7770.6767  0.3731 
   00793    0.4192   -7793.0418  0.3668 
   00794    0.4084   -7760.2904  0.3584 
   00795    0.4092   -7813.1423  0.3604 
   00796    0.3980   -7858.4091  0.3600 
   00797    0.4052   -7868.2315  0.3636 
   00798    0.3964   -7848.5007  0.3724 
   00799    0.3968   -7859.6191  0.3635 
   00800    0.4116   -7851.1156  0.3599 
   00801    0.4152   -7791.8003  0.3594 
   00802    0.4188   -7819.3690  0.3643 
   00803    0.4192   -7839.3578  0.3667 
   00804    0.4144   -7887.7518  0.3602 
   00805    0.3928   -7907.1536  0.3661 
   00806    0.4036   -7856.7161  0.3649 
   00807    0.3908   -7821.6967  0.3630 
   00808    0.4092   -7838.2793  0.3621 
   00809    0.3972   -7807.1919  0.3682 
   00810    0.4036   -7828.9750  0.3669 
   00811    0.4052   -7849.0626  0.3713 
   00812    0.4028   -7782.9821  0.3691 
   00813    0.4272   -7786.3816  0.3745 
   00814    0.3992   -7779.8470  0.3647 
   00815    0.4020   -7768.7472  0.3621 
   00816    0.4076   -7740.8955  0.3551 
   00817    0.4316   -7736.6436  0.3524 
   00818    0.4092   -7761.1550  0.3522 
   00819    0.4156   -7779.3397  0.3600 
   00820    0.4044   -7766.5699  0.3568 
   00821    0.4084   -7792.4970  0.3652 
   00822    0.3920   -7814.3746  0.3676 
   00823    0.4092   -7822.0260  0.3672 
   00824    0.4144   -7811.9559  0.3683 
   00825    0.4136   -7797.7894  0.3723 
   00826    0.4208   -7890.0834  0.3740 
   00827    0.4272   -7869.2481  0.3782 
   00828    0.4236   -7805.4876  0.3731 
   00829    0.4156   -7819.6801  0.3736 
   00830    0.4224   -7877.5359  0.3693 
   00831    0.4060   -7844.0344  0.3662 
   00832    0.4064   -7745.4647  0.3738 
   00833    0.3932   -7779.3707  0.3747 
   00834    0.4188   -7788.5967  0.3813 
   00835    0.4036   -7848.8703  0.3824 
   00836    0.4108   -7815.5877  0.3723 
   00837    0.3984   -7770.7341  0.3740 
   00838    0.4296   -7741.8899  0.3783 
   00839    0.4216   -7776.2396  0.3737 
   00840    0.4088   -7798.6908  0.3743 
   00841    0.4200   -7870.1466  0.3726 
   00842    0.3984   -7837.0715  0.3778 
   00843    0.4112   -7829.5400  0.3666 
   00844    0.4116   -7875.9271  0.3648 
   00845    0.4184   -7850.0982  0.3714 
   00846    0.4180   -7882.5432  0.3760 
   00847    0.4136   -7822.3194  0.3768 
   00848    0.4048   -7778.2284  0.3751 
   00849    0.4188   -7772.8969  0.3850 
   00850    0.4220   -7748.3126  0.3819 
   00851    0.4076   -7758.3814  0.3796 
   00852    0.4000   -7788.9325  0.3831 
   00853    0.4048   -7766.4419  0.3831 
   00854    0.4148   -7734.1005  0.3782 
   00855    0.4152   -7774.1383  0.3765 
   00856    0.3988   -7744.3526  0.3764 
   00857    0.4056   -7785.8104  0.3871 
   00858    0.4292   -7808.8134  0.3835 
   00859    0.4204   -7791.6922  0.3791 
   00860    0.3932   -7802.9889  0.3795 
   00861    0.4156   -7754.7463  0.3717 
   00862    0.4304   -7778.0475  0.3608 
   00863    0.4128   -7839.2698  0.3579 
   00864    0.4184   -7732.7454  0.3537 
   00865    0.4212   -7761.7115  0.3611 
   00866    0.4060   -7771.1207  0.3629 
   00867    0.3992   -7699.1277  0.3626 
   00868    0.3956   -7739.5159  0.3685 
   00869    0.4112   -7708.5922  0.3675 
   00870    0.4160   -7801.0221  0.3730 
   00871    0.4204   -7897.8232  0.3770 
   00872    0.3940   -7852.3835  0.3669 
   00873    0.4092   -7946.3801  0.3729 
   00874    0.4136   -7873.0911  0.3770 
   00875    0.4012   -7874.5236  0.3751 
   00876    0.3960   -7877.2590  0.3761 
   00877    0.4028   -7898.1327  0.3706 
   00878    0.3964   -7928.6252  0.3686 
   00879    0.3944   -7882.1799  0.3681 
   00880    0.4064   -7910.6335  0.3764 
   00881    0.4056   -7841.4183  0.3767 
   00882    0.4172   -7795.5596  0.3808 
   00883    0.4164   -7744.0546  0.3877 
   00884    0.4128   -7789.6394  0.3916 
   00885    0.4040   -7848.1912  0.3947 
   00886    0.3932   -7861.1822  0.3945 
   00887    0.4056   -7846.5079  0.3948 
   00888    0.3916   -7860.3874  0.3953 
   00889    0.4204   -7908.7559  0.3909 
   00890    0.3960   -7846.6145  0.3864 
   00891    0.4140   -7807.1121  0.3781 
   00892    0.3956   -7855.0679  0.3763 
   00893    0.4040   -7834.8855  0.3720 
   00894    0.4076   -7780.7147  0.3709 
   00895    0.4020   -7730.1432  0.3659 
   00896    0.4180   -7734.7595  0.3588 
   00897    0.3928   -7781.6306  0.3639 
   00898    0.4116   -7835.9457  0.3640 
   00899    0.4092   -7810.9597  0.3708 
   00900    0.3988   -7831.5674  0.3769 
   00901    0.4072   -7811.7516  0.3762 
   00902    0.4000   -7835.3872  0.3812 
   00903    0.4236   -7790.6726  0.3788 
   00904    0.4328   -7810.4865  0.3845 
   00905    0.4084   -7831.7603  0.3812 
   00906    0.4084   -7820.8617  0.3847 
   00907    0.4084   -7766.3560  0.3905 
   00908    0.4136   -7787.3492  0.3923 
   00909    0.3968   -7806.0924  0.3904 
   00910    0.4088   -7763.6014  0.3919 
   00911    0.4028   -7702.8495  0.3900 
   00912    0.4012   -7743.2000  0.3861 
   00913    0.4004   -7783.7713  0.3863 
   00914    0.4132   -7757.1235  0.3814 
   00915    0.4052   -7755.9053  0.3788 
   00916    0.4072   -7798.6981  0.3906 
   00917    0.4116   -7817.2042  0.3926 
   00918    0.4308   -7830.6378  0.3922 
   00919    0.4044   -7838.1309  0.3907 
   00920    0.4260   -7880.5964  0.3877 
   00921    0.4096   -7870.6692  0.3867 
   00922    0.4092   -7744.2748  0.3837 
   00923    0.3932   -7782.3758  0.3859 
   00924    0.4028   -7819.8218  0.3758 
   00925    0.3976   -7878.3865  0.3746 
   00926    0.4088   -7841.3668  0.3833 
   00927    0.4120   -7836.4742  0.3761 
   00928    0.4180   -7815.5628  0.3828 
   00929    0.4000   -7816.2560  0.3792 
   00930    0.4120   -7781.0149  0.3639 
   00931    0.4136   -7780.7626  0.3681 
   00932    0.4252   -7720.8434  0.3770 
   00933    0.4076   -7718.4936  0.3844 
   00934    0.4320   -7757.7593  0.3790 
   00935    0.4204   -7793.2593  0.3713 
   00936    0.4012   -7803.4147  0.3630 
   00937    0.4180   -7804.6468  0.3644 
   00938    0.4032   -7803.8755  0.3605 
   00939    0.4156   -7743.1784  0.3594 
   00940    0.4124   -7741.8397  0.3529 
   00941    0.4028   -7781.9835  0.3560 
   00942    0.4136   -7772.7500  0.3629 
   00943    0.4180   -7756.4314  0.3570 
   00944    0.4132   -7748.4639  0.3583 
   00945    0.4100   -7718.3297  0.3608 
   00946    0.4052   -7658.6109  0.3584 
   00947    0.4200   -7691.7161  0.3576 
   00948    0.4256   -7703.0376  0.3496 
   00949    0.4100   -7725.2962  0.3506 
   00950    0.4196   -7691.0918  0.3522 
   00951    0.4116   -7645.3361  0.3557 
   00952    0.4244   -7621.5261  0.3527 
   00953    0.4248   -7657.7285  0.3508 
   00954    0.4040   -7684.1380  0.3563 
   00955    0.4276   -7741.9379  0.3520 
   00956    0.4032   -7692.6315  0.3532 
   00957    0.4100   -7694.5915  0.3532 
   00958    0.4024   -7755.7159  0.3575 
   00959    0.4012   -7735.4632  0.3649 
   00960    0.3904   -7762.4965  0.3629 
   00961    0.4048   -7767.2695  0.3643 
   00962    0.4048   -7747.0712  0.3602 
   00963    0.4076   -7710.7443  0.3661 
   00964    0.3944   -7741.6984  0.3596 
   00965    0.4168   -7742.7464  0.3657 
   00966    0.3976   -7712.2804  0.3659 
   00967    0.4168   -7757.2898  0.3723 
   00968    0.4088   -7753.4361  0.3721 
   00969    0.4056   -7774.5180  0.3759 
   00970    0.4000   -7777.2419  0.3802 
   00971    0.3976   -7830.2730  0.3840 
   00972    0.4088   -7825.2689  0.3886 
   00973    0.4060   -7770.5617  0.3884 
   00974    0.4300   -7794.0509  0.3928 
   00975    0.3948   -7800.5303  0.4033 
   00976    0.4136   -7798.5067  0.3967 
   00977    0.4080   -7828.4204  0.3911 
   00978    0.3912   -7801.7294  0.3956 
   00979    0.4080   -7789.0223  0.4005 
   00980    0.4016   -7821.8178  0.4052 
   00981    0.4036   -7791.9208  0.4074 
   00982    0.4300   -7767.4211  0.4094 
   00983    0.4280   -7801.0411  0.4005 
   00984    0.4148   -7739.2809  0.3976 
   00985    0.3964   -7746.9325  0.4032 
   00986    0.4044   -7805.9961  0.3927 
   00987    0.4008   -7797.6375  0.3857 
   00988    0.4148   -7818.1218  0.3855 
   00989    0.4004   -7810.4058  0.3842 
   00990    0.4048   -7855.4816  0.3820 
   00991    0.4116   -7858.0638  0.3920 
   00992    0.4004   -7887.2650  0.4005 
   00993    0.4180   -7818.9383  0.3980 
   00994    0.4136   -7794.3660  0.3965 
   00995    0.4136   -7791.7286  0.3931 
   00996    0.4132   -7755.1346  0.3915 
   00997    0.4064   -7748.3326  0.3900 
   00998    0.4064   -7763.3461  0.3904 
   00999    0.4144   -7747.7546  0.3856 
   01000    0.4016   -7670.4148  0.3868 
