#=====================================================
# File created:        Mon-11-Mar-2024-at-10-36-10PM
# Size of lattice:     50x50
# Number of MC steps:  1000
# Reduced temperature: 0.650
# Run time (s):        18.344568
#=====================================================
# MC step:  Ratio:     Energy:   Order:
#=====================================================
   00000    0.5000   -2420.3885  0.2710 
   00001    0.6648   -3708.8600  0.2714 
   00002    0.6164   -4524.7548  0.2698 
   00003    0.5744   -5055.5513  0.2833 
   00004    0.5440   -5504.2254  0.2939 
   00005    0.5152   -5858.3871  0.2929 
   00006    0.5076   -6089.8966  0.2989 
   00007    0.4808   -6251.0280  0.3110 
   00008    0.4792   -6427.7327  0.3223 
   00009    0.4852   -6468.3271  0.3187 
   00010    0.4692   -6550.4235  0.3185 
   00011    0.4484   -6631.7089  0.3318 
   00012    0.4596   -6629.6636  0.3358 
   00013    0.4572   -6739.2162  0.3467 
   00014    0.4528   -6791.5366  0.3462 
   00015    0.4556   -6835.8382  0.3531 
   00016    0.4692   -6890.2239  0.3519 
   00017    0.4484   -6948.0288  0.3447 
   00018    0.4432   -6951.1569  0.3414 
   00019    0.4288   -7028.6486  0.3568 
   00020    0.4384   -7107.3039  0.3633 
   00021    0.4316   -7201.9731  0.3619 
   00022    0.4084   -7174.8367  0.3645 
   00023    0.4476   -7196.7885  0.3687 
   00024    0.4600   -7169.7309  0.3718 
   00025    0.4400   -7279.3391  0.3781 
   00026    0.4276   -7328.9048  0.3986 
   00027    0.4260   -7356.0063  0.3941 
   00028    0.4248   -7399.9798  0.3963 
   00029    0.4248   -7406.0386  0.3930 
   00030    0.4336   -7379.5925  0.3905 
   00031    0.4476   -7422.0472  0.3930 
   00032    0.4160   -7490.3513  0.3890 
   00033    0.4152   -7486.2149  0.3856 
   00034    0.4412   -7408.7001  0.3882 
   00035    0.4368   -7481.8323  0.3942 
   00036    0.4240   -7519.6812  0.4008 
   00037    0.4244   -7565.7241  0.3989 
   00038    0.4072   -7640.5211  0.3927 
   00039    0.4140   -7682.8562  0.3936 
   00040    0.3964   -7646.4744  0.3873 
   00041    0.4200   -7650.3081  0.3950 
   00042    0.4212   -7658.3362  0.3970 
   00043    0.4188   -7632.7957  0.3958 
   00044    0.4292   -7656.8626  0.4107 
   00045    0.4132   -7649.1105  0.4127 
   00046    0.4104   -7734.7069  0.4224 
   00047    0.4212   -7699.4800  0.4265 
   00048    0.4136   -7695.4504  0.4322 
   00049    0.3980   -7722.5875  0.4373 
   00050    0.4080   -7754.5695  0.4314 
   00051    0.4200   -7751.8392  0.4243 
   00052    0.4112   -7754.3190  0.4247 
   00053    0.4116   -7734.4608  0.4182 
   00054    0.3972   -7754.7144  0.4156 
   00055    0.4072   -7842.6048  0.4248 
   00056    0.3912   -7816.5863  0.4251 
   00057    0.4032   -7766.8870  0.4238 
   00058    0.4116   -7800.9974  0.4227 
   00059    0.4020   -7822.7491  0.4162 
   00060    0.4196   -7827.2156  0.4096 
   00061    0.3940   -7808.7671  0.4047 
   00062    0.4036   -7832.2349  0.4029 
   00063    0.3864   -7780.4792  0.3965 
   00064    0.3972   -7807.6491  0.3933 
   00065    0.4152   -7826.3852  0.3825 
   00066    0.4152   -7790.2445  0.3793 
   00067    0.4096   -7783.4869  0.3923 
   00068    0.4112   -7774.5241  0.3900 
   00069    0.4196   -7774.4418  0.3905 
   00070    0.4020   -7805.3833  0.3895 
   00071    0.4024   -7811.2973  0.3880 
   00072    0.4076   -7812.3176  0.3860 
   00073    0.4016   -7801.7417  0.3955 
   00074    0.3844   -7753.6987  0.3993 
   00075    0.4052   -7789.6373  0.3992 
   00076    0.4056   -7799.0444  0.4072 
   00077    0.4104   -7856.6217  0.4063 
   00078    0.3952   -7832.6598  0.4082 
   00079    0.4244   -7880.5578  0.4174 
   00080    0.4016   -7913.9665  0.4186 
   00081    0.4012   -7866.8844  0.4158 
   00082    0.3988   -7878.5079  0.4179 
   00083    0.4076   -7842.8911  0.4240 
   00084    0.4052   -7846.0421  0.4299 
   00085    0.3932   -7864.0009  0.4262 
   00086    0.4004   -7830.4559  0.4233 
   00087    0.3888   -7894.1291  0.4357 
   00088    0.3824   -7847.8036  0.4369 
   00089    0.3860   -7910.2063  0.4399 
   00090    0.4056   -7931.1821  0.4385 
   00091    0.4236   -7947.9323  0.4345 
   00092    0.4028   -7904.3817  0.4353 
   00093    0.4044   -7901.4824  0.4364 
   00094    0.4268   -7886.7680  0.4356 
   00095    0.3928   -7874.3159  0.4370 
   00096    0.3920   -7836.4847  0.4430 
   00097    0.4168   -7856.3015  0.4482 
   00098    0.4076   -7803.3868  0.4487 
   00099    0.4144   -7786.5999  0.4443 
   00100    0.3980   -7895.8027  0.4483 
   00101    0.4100   -7929.8399  0.4525 
   00102    0.3976   -7886.5078  0.4594 
   00103    0.4012   -7864.4765  0.4553 
   00104    0.3960   -7853.7076  0.4515 
   00105    0.4136   -7873.5609  0.4512 
   00106    0.4024   -7860.6294  0.4482 
   00107    0.4076   -7889.4880  0.4510 
   00108    0.3988   -7897.9149  0.4552 
   00109    0.4024   -7833.6325  0.4549 
   00110    0.4008   -7838.6734  0.4583 
   00111    0.4052   -7818.9437  0.4655 
   00112    0.4316   -7808.9872  0.4664 
   00113    0.4048   -7826.9147  0.4677 
   00114    0.4216   -7865.6873  0.4659 
   00115    0.4116   -7828.6462  0.4543 
   00116    0.4116   -7763.4123  0.4479 
   00117    0.4100   -7820.3613  0.4516 
   00118    0.4008   -7805.9556  0.4525 
   00119    0.4104   -7802.3674  0.4599 
   00120    0.4052   -7728.1345  0.4517 
   00121    0.4056   -7715.5095  0.4579 
   00122    0.4200   -7779.1566  0.4586 
   00123    0.3988   -7809.9552  0.4581 
   00124    0.3976   -7771.4207  0.4551 
   00125    0.4064   -7804.6947  0.4532 
   00126    0.4296   -7788.9076  0.4478 
   00127    0.4024   -7851.3237  0.4415 
   00128    0.4104   -7874.2281  0.4361 
   00129    0.4084   -7829.2592  0.4330 
   00130    0.4024   -7904.5174  0.4375 
   00131    0.4168   -7877.5912  0.4357 
   00132    0.3976   -7801.4212  0.4433 
   00133    0.3900   -7742.2465  0.4436 
   00134    0.4356   -7727.3104  0.4500 
   00135    0.3944   -7755.0741  0.4550 
   00136    0.4016   -7776.6907  0.4552 
   00137    0.3936   -7757.6352  0.4595 
   00138    0.3948   -7767.6974  0.4604 
   00139    0.4204   -7789.2587  0.4673 
   00140    0.3936   -7771.2820  0.4703 
   00141    0.4128   -7841.5971  0.4712 
   00142    0.4148   -7820.5674  0.4716 
   00143    0.4000   -7845.6435  0.4750 
   00144    0.4016   -7847.0118  0.4758 
   00145    0.4160   -7920.4410  0.4760 
   00146    0.4044   -7900.2213  0.4815 
   00147    0.4004   -7893.0158  0.4785 
   00148    0.4132   -7868.6234  0.4814 
   00149    0.4080   -7767.8049  0.4804 
   00150    0.4072   -7794.6274  0.4798 
   00151    0.4100   -7808.8784  0.4795 
   00152    0.3980   -7811.4497  0.4850 
   00153    0.4008   -7859.9782  0.4875 
   00154    0.4028   -7832.0925  0.4904 
   00155    0.4172   -7795.8853  0.4854 
   00156    0.4036   -7788.7552  0.4832 
   00157    0.4188   -7809.8971  0.4909 
   00158    0.4144   -7819.4658  0.4826 
   00159    0.4068   -7866.8768  0.4860 
   00160    0.4184   -7870.1138  0.4862 
   00161    0.4084   -7855.0618  0.4816 
   00162    0.4080   -7841.4331  0.4832 
   00163    0.3928   -7890.2542  0.4815 
   00164    0.4072   -7876.9483  0.4873 
   00165    0.3916   -7869.1508  0.4881 
   00166    0.4228   -7915.6919  0.4951 
   00167    0.3924   -7947.5867  0.4957 
   00168    0.4140   -7966.8764  0.5022 
   00169    0.3992   -7938.6512  0.5019 
   00170    0.3924   -7975.3832  0.5012 
   00171    0.3928   -7929.8690  0.5098 
   00172    0.3904   -7934.8898  0.4940 
   00173    0.4060   -7888.1902  0.4889 
   00174    0.4060   -7850.1209  0.4826 
   00175    0.4180   -7899.8391  0.4770 
   00176    0.4196   -7889.3437  0.4713 
   00177    0.4056   -7872.1490  0.4787 
   00178    0.4124   -7889.4318  0.4853 
   00179    0.4008   -7914.1351  0.4917 
   00180    0.4092   -7899.3249  0.4893 
   00181    0.3968   -7872.9125  0.4883 
   00182    0.3996   -7887.6134  0.4908 
   00183    0.4128   -7862.4906  0.4837 
   00184    0.4120   -7886.8254  0.4819 
   00185    0.4036   -7878.8484  0.4889 
   00186    0.4056   -7902.1545  0.4834 
   00187    0.4016   -7937.7813  0.4915 
   00188    0.3972   -7908.0589  0.4939 
   00189    0.3872   -7931.1010  0.4953 
   00190    0.4040   -7944.5275  0.4988 
   00191    0.3948   -7966.2600  0.5006 
   00192    0.3988   -7896.2396  0.4973 
   00193    0.4092   -7961.3395  0.4940 
   00194    0.3904   -7984.2860  0.4983 
   00195    0.4068   -7943.6686  0.4935 
   00196    0.4036   -7980.6793  0.4896 
   00197    0.3888   -7945.0497  0.4904 
   00198    0.4176   -7939.5166  0.4853 
   00199    0.4212   -7975.0382  0.4830 
   00200    0.4052   -7949.1492  0.4744 
   00201    0.4164   -7996.9746  0.4715 
   00202    0.3968   -7932.4560  0.4720 
   00203    0.4056   -7950.0175  0.4780 
   00204    0.3996   -7969.6964  0.4748 
   00205    0.4008   -7946.7153  0.4748 
   00206    0.4272   -7919.3183  0.4674 
   00207    0.4044   -7907.9133  0.4682 
   00208    0.4012   -7911.8038  0.4668 
   00209    0.4024   -7929.6583  0.4615 
   00210    0.4104   -7881.9181  0.4604 
   00211    0.4136   -7878.0641  0.4501 
   00212    0.3956   -7926.7176  0.4589 
   00213    0.4064   -7934.3570  0.4660 
   00214    0.3924   -7904.7271  0.4595 
   00215    0.4140   -7851.0497  0.4632 
   00216    0.4088   -7840.6292  0.4601 
   00217    0.3952   -7809.5697  0.4627 
   00218    0.4024   -7873.9384  0.4632 
   00219    0.4136   -7800.3829  0.4595 
   00220    0.4024   -7802.7268  0.4585 
   00221    0.4056   -7773.0128  0.4558 
   00222    0.3884   -7828.6010  0.4558 
   00223    0.4064   -7874.3855  0.4552 
   00224    0.3988   -7872.8720  0.4569 
   00225    0.3988   -7828.7564  0.4638 
   00226    0.4012   -7850.3125  0.4604 
   00227    0.3976   -7862.4497  0.4689 
   00228    0.4184   -7869.1035  0.4708 
   00229    0.3984   -7891.8939  0.4789 
   00230    0.4052   -7935.6535  0.4755 
   00231    0.4016   -7894.7950  0.4761 
   00232    0.3980   -7890.5025  0.4773 
   00233    0.4268   -7808.7057  0.4787 
   00234    0.4272   -7832.3132  0.4785 
   00235    0.4056   -7867.5930  0.4812 
   00236    0.4224   -7916.8188  0.4766 
   00237    0.4072   -7910.6049  0.4778 
   00238    0.3964   -7838.9922  0.4763 
   00239    0.4016   -7859.6645  0.4710 
   00240    0.3900   -7850.0473  0.4715 
   00241    0.4016   -7864.5500  0.4773 
   00242    0.3936   -7797.2945  0.4760 
   00243    0.4004   -7825.9050  0.4752 
   00244    0.4016   -7785.9065  0.4830 
   00245    0.4200   -7818.5936  0.4754 
   00246    0.4280   -7754.6534  0.4690 
   00247    0.4056   -7779.7740  0.4739 
   00248    0.3984   -7783.9781  0.4715 
   00249    0.4152   -7838.3982  0.4673 
   00250    0.3992   -7879.9862  0.4703 
   00251    0.4048   -7868.9537  0.4687 
   00252    0.4116   -7775.9571  0.4705 
   00253    0.4100   -7797.2374  0.4686 
   00254    0.4060   -7899.5224  0.4774 
   00255    0.4060   -7895.0110  0.4759 
   00256    0.4060   -7873.4615  0.4772 
   00257    0.4236   -7815.9606  0.4820 
   00258    0.4044   -7857.6387  0.4836 
   00259    0.4096   -7857.1885  0.4890 
   00260    0.4076   -7889.0729  0.4897 
   00261    0.3924   -7828.4728  0.4880 
   00262    0.3956   -7806.6534  0.4814 
   00263    0.4156   -7835.0314  0.4841 
   00264    0.4064   -7851.9820  0.4743 
   00265    0.4160   -7849.3500  0.4706 
   00266    0.4152   -7874.7509  0.4777 
   00267    0.3896   -7857.2246  0.4776 
   00268    0.4068   -7840.9479  0.4701 
   00269    0.4044   -7849.3628  0.4688 
   00270    0.4168   -7838.2694  0.4655 
   00271    0.4196   -7850.2365  0.4618 
   00272    0.3980   -7821.7918  0.4581 
   00273    0.4172   -7849.0335  0.4592 
   00274    0.4072   -7806.7818  0.4582 
   00275    0.4100   -7898.5980  0.4600 
   00276    0.4032   -7925.9601  0.4498 
   00277    0.4124   -7898.0481  0.4518 
   00278    0.4052   -7838.2293  0.4475 
   00279    0.4032   -7777.2133  0.4513 
   00280    0.4064   -7887.3821  0.4521 
   00281    0.4080   -7885.1104  0.4564 
   00282    0.4096   -7957.0819  0.4750 
   00283    0.3956   -7971.5251  0.4762 
   00284    0.4084   -7982.2358  0.4770 
   00285    0.3984   -7952.7327  0.4761 
   00286    0.4212   -7913.4476  0.4817 
   00287    0.3892   -7906.9667  0.4891 
   00288    0.4032   -7870.4339  0.4835 
   00289    0.3968   -7946.5373  0.4872 
   00290    0.4000   -7900.4916  0.4874 
   00291    0.3864   -7884.8021  0.4826 
   00292    0.4004   -7870.0326  0.4830 
   00293    0.3844   -7887.0059  0.4856 
   00294    0.3876   -7955.4299  0.4904 
   00295    0.3940   -7957.4508  0.4955 
   00296    0.4056   -7906.1476  0.4931 
   00297    0.4140   -7951.0844  0.4934 
   00298    0.4012   -7938.2996  0.4953 
   00299    0.4028   -7929.5966  0.4976 
   00300    0.4000   -7925.2464  0.5042 
   00301    0.4044   -7897.1596  0.5063 
   00302    0.3964   -7888.8983  0.5059 
   00303    0.3956   -7901.0572  0.5014 
   00304    0.4048   -7913.2916  0.5040 
   00305    0.4060   -7897.8368  0.5045 
   00306    0.4028   -7921.3765  0.5079 
   00307    0.4160   -7930.8159  0.5088 
   00308    0.4216   -7917.0599  0.5043 
   00309    0.3908   -7952.4228  0.5093 
   00310    0.3832   -7975.2276  0.5141 
   00311    0.4024   -7957.8364  0.5084 
   00312    0.3916   -7957.8221  0.5058 
   00313    0.4020   -7965.8916  0.5010 
   00314    0.4096   -7902.0800  0.4984 
   00315    0.4176   -7866.3162  0.5013 
   00316    0.3940   -7858.0771  0.5001 
   00317    0.4100   -7913.4326  0.4968 
   00318    0.3996   -7951.4937  0.4905 
   00319    0.4060   -7928.2118  0.4812 
   00320    0.4208   -7901.2914  0.4813 
   00321    0.4048   -7938.6087  0.4865 
   00322    0.3868   -7953.9099  0.4869 
   00323    0.4080   -7953.0907  0.4955 
   00324    0.4040   -7904.8148  0.4951 
   00325    0.4040   -7865.0685  0.4915 
   00326    0.3980   -7896.4496  0.4990 
   00327    0.3948   -7826.5926  0.5036 
   00328    0.4028   -7861.7372  0.5074 
   00329    0.4100   -7868.1582  0.4989 
   00330    0.4048   -7946.0406  0.5039 
   00331    0.4044   -7934.3312  0.4920 
   00332    0.4000   -7917.3214  0.4881 
   00333    0.4088   -7904.0894  0.4884 
   00334    0.4024   -7892.7164  0.4904 
   00335    0.3936   -7892.7609  0.4896 
   00336    0.4004   -7949.6092  0.4938 
   00337    0.4204   -7908.7203  0.4885 
   00338    0.3912   -7937.3962  0.4828 
   00339    0.3948   -8030.9001  0.4867 
   00340    0.4144   -8014.3184  0.4899 
   00341    0.4044   -7996.4307  0.4936 
   00342    0.3868   -8019.4346  0.4898 
   00343    0.4112   -7949.6047  0.4880 
   00344    0.4004   -7976.9652  0.4967 
   00345    0.3960   -7942.3938  0.4882 
   00346    0.4128   -7981.7315  0.4841 
   00347    0.4052   -8010.6153  0.4933 
   00348    0.4000   -8019.5054  0.4987 
   00349    0.3920   -8010.7952  0.4976 
   00350    0.3972   -8019.0145  0.5014 
   00351    0.4100   -7924.8879  0.4990 
   00352    0.3880   -7989.6203  0.5043 
   00353    0.3948   -7953.6203  0.5006 
   00354    0.4060   -8015.6828  0.5037 
   00355    0.3888   -8051.5307  0.5052 
   00356    0.4000   -7991.4880  0.5053 
   00357    0.4100   -8011.3485  0.5043 
   00358    0.3904   -8033.6414  0.5045 
   00359    0.4072   -7972.3972  0.4988 
   00360    0.4096   -8003.0264  0.4925 
   00361    0.3984   -7977.5994  0.4982 
   00362    0.4028   -8004.9118  0.4967 
   00363    0.3928   -8022.9750  0.4983 
   00364    0.3920   -7918.7828  0.4986 
   00365    0.4032   -7971.4407  0.5003 
   00366    0.4080   -8036.8794  0.5098 
   00367    0.3984   -8018.4764  0.5078 
   00368    0.4008   -8040.4386  0.5082 
   00369    0.3928   -8024.8012  0.5081 
   00370    0.4032   -7981.2895  0.5112 
   00371    0.4000   -7937.3258  0.5123 
   00372    0.3928   -7967.4556  0.5041 
   00373    0.3884   -7963.0838  0.5166 
   00374    0.3752   -7981.3811  0.5262 
   00375    0.3812   -8020.3469  0.5266 
   00376    0.3832   -8052.3465  0.5337 
   00377    0.4080   -8023.6454  0.5350 
   00378    0.3744   -8089.2152  0.5335 
   00379    0.3996   -8167.6854  0.5355 
   00380    0.3932   -8148.6083  0.5366 
   00381    0.4120   -8123.4402  0.5354 
   00382    0.4092   -8178.8147  0.5371 
   00383    0.3840   -8224.5760  0.5415 
   00384    0.3692   -8165.6465  0.5440 
   00385    0.3884   -8101.7749  0.5375 
   00386    0.4016   -8125.1441  0.5406 
   00387    0.3856   -8104.5618  0.5399 
   00388    0.4020   -8118.2671  0.5462 
   00389    0.3956   -8043.8364  0.5424 
   00390    0.3976   -8077.4398  0.5439 
   00391    0.4168   -8055.3179  0.5539 
   00392    0.3944   -7990.2276  0.5585 
   00393    0.3952   -8024.4990  0.5550 
   00394    0.4160   -7998.4486  0.5629 
   00395    0.3996   -7990.3050  0.5610 
   00396    0.4052   -8035.2618  0.5684 
   00397    0.3916   -8012.6072  0.5650 
   00398    0.3952   -7994.9660  0.5578 
   00399    0.3876   -7939.3132  0.5542 
   00400    0.4092   -7972.2933  0.5472 
   00401    0.3892   -7994.0124  0.5466 
   00402    0.3748   -7944.0406  0.5436 
   00403    0.4196   -7925.7207  0.5417 
   00404    0.3988   -7949.8653  0.5507 
   00405    0.3904   -7989.8588  0.5434 
   00406    0.3976   -7968.0583  0.5528 
   00407    0.4068   -7971.2729  0.5556 
   00408    0.3928   -7933.9388  0.5610 
   00409    0.3936   -7966.7328  0.5613 
   00410    0.4032   -7966.3364  0.5626 
   00411    0.4104   -8016.2218  0.5595 
   00412    0.3720   -8039.2248  0.5609 
   00413    0.3976   -7967.9326  0.5608 
   00414    0.4144   -7947.0681  0.5612 
   00415    0.4140   -7980.1907  0.5598 
   00416    0.3956   -7986.8414  0.5556 
   00417    0.3960   -7922.1420  0.5541 
   00418    0.4232   -7959.3977  0.5578 
   00419    0.3736   -8026.1239  0.5606 
   00420    0.3888   -8064.5074  0.5637 
   00421    0.4120   -8023.7130  0.5636 
   00422    0.3984   -7972.5706  0.5677 
   00423    0.4112   -7913.3199  0.5743 
   00424    0.3828   -7925.5679  0.5776 
   00425    0.3940   -7963.1226  0.5751 
   00426    0.3936   -7938.8468  0.5802 
   00427    0.4100   -7936.1062  0.5800 
   00428    0.3920   -7899.1655  0.5678 
   00429    0.3924   -7919.0381  0.5719 
   00430    0.4104   -7969.0773  0.5658 
   00431    0.4060   -7957.9287  0.5638 
   00432    0.4152   -7964.0561  0.5693 
   00433    0.4148   -7917.1020  0.5676 
   00434    0.4080   -7886.0459  0.5728 
   00435    0.4200   -7860.8569  0.5659 
   00436    0.4008   -7921.1267  0.5678 
   00437    0.3968   -7965.8065  0.5633 
   00438    0.3928   -7966.0428  0.5643 
   00439    0.4048   -7933.0815  0.5677 
   00440    0.4064   -7918.9607  0.5668 
   00441    0.3996   -8004.9038  0.5655 
   00442    0.3996   -7967.6430  0.5598 
   00443    0.3960   -7972.8811  0.5586 
   00444    0.4184   -7977.2384  0.5675 
   00445    0.3996   -8025.7508  0.5673 
   00446    0.4108   -7967.0523  0.5663 
   00447    0.3916   -7991.8447  0.5622 
   00448    0.3948   -7919.6318  0.5671 
   00449    0.3980   -7996.1023  0.5704 
   00450    0.3980   -7965.9648  0.5714 
   00451    0.4076   -7965.4788  0.5752 
   00452    0.4020   -7938.8655  0.5682 
   00453    0.4104   -7892.7259  0.5638 
   00454    0.4020   -7968.1940  0.5609 
   00455    0.3932   -7923.6260  0.5665 
   00456    0.3976   -7881.5043  0.5700 
   00457    0.4160   -7833.0330  0.5767 
   00458    0.3968   -7861.5405  0.5681 
   00459    0.4076   -7869.4915  0.5607 
   00460    0.4204   -7834.0962  0.5576 
   00461    0.4028   -7840.0773  0.5641 
   00462    0.4188   -7860.9515  0.5718 
   00463    0.4204   -7797.4161  0.5714 
   00464    0.3884   -7829.5282  0.5627 
   00465    0.3936   -7881.3106  0.5682 
   00466    0.4144   -7913.0973  0.5785 
   00467    0.4076   -7940.4572  0.5801 
   00468    0.3924   -7944.3898  0.5771 
   00469    0.4112   -7969.7199  0.5746 
   00470    0.3984   -7982.1871  0.5721 
   00471    0.4112   -8005.0216  0.5806 
   00472    0.3948   -8012.3000  0.5752 
   00473    0.4024   -8027.0615  0.5734 
   00474    0.4020   -8003.5079  0.5682 
   00475    0.4008   -7938.5627  0.5623 
   00476    0.4040   -7971.9933  0.5625 
   00477    0.4056   -7921.5406  0.5633 
   00478    0.4112   -7996.7631  0.5616 
   00479    0.4112   -8009.8610  0.5638 
   00480    0.3868   -7936.3255  0.5547 
   00481    0.4032   -7963.7015  0.5614 
   00482    0.4144   -7932.6183  0.5596 
   00483    0.4000   -7937.7885  0.5575 
   00484    0.4004   -8015.5010  0.5528 
   00485    0.3940   -8030.1892  0.5479 
   00486    0.3840   -7981.3864  0.5463 
   00487    0.3940   -7990.6033  0.5439 
   00488    0.4024   -7969.9481  0.5465 
   00489    0.4136   -8012.8026  0.5494 
   00490    0.3892   -8009.2041  0.5496 
   00491    0.3988   -8054.4696  0.5550 
   00492    0.3812   -7993.3136  0.5546 
   00493    0.3860   -8014.7464  0.5553 
   00494    0.4004   -8027.3478  0.5508 
   00495    0.3912   -8022.1194  0.5546 
   00496    0.4044   -8025.4050  0.5520 
   00497    0.4016   -8005.3806  0.5421 
   00498    0.3972   -7947.9168  0.5383 
   00499    0.4048   -7928.2744  0.5357 
   00500    0.4060   -7903.3289  0.5403 
   00501    0.4244   -7959.6261  0.5507 
   00502    0.4172   -7983.0970  0.5486 
   00503    0.3936   -7997.9278  0.5451 
   00504    0.3964   -7996.9087  0.5449 
   00505    0.3804   -8016.7574  0.5434 
   00506    0.3892   -7997.4877  0.5402 
   00507    0.4060   -7978.9934  0.5404 
   00508    0.4108   -8010.0624  0.5433 
   00509    0.3844   -7986.2227  0.5376 
   00510    0.3904   -7894.6809  0.5432 
   00511    0.4044   -7876.8645  0.5381 
   00512    0.3992   -7917.0382  0.5417 
   00513    0.4032   -7888.8296  0.5434 
   00514    0.4068   -7890.7973  0.5446 
   00515    0.4040   -7921.8885  0.5577 
   00516    0.3792   -7983.6886  0.5562 
   00517    0.3968   -7975.4830  0.5543 
   00518    0.3932   -7963.9910  0.5468 
   00519    0.4060   -7969.2781  0.5498 
   00520    0.3820   -8019.3169  0.5501 
   00521    0.4116   -7942.8261  0.5413 
   00522    0.4140   -7988.0405  0.5433 
   00523    0.3884   -7925.2137  0.5334 
   00524    0.4028   -7943.8710  0.5390 
   00525    0.3912   -7982.0131  0.5443 
   00526    0.4040   -7926.0257  0.5462 
   00527    0.4052   -7908.6820  0.5343 
   00528    0.3944   -7958.5055  0.5355 
   00529    0.3876   -7890.1716  0.5356 
   00530    0.3860   -7957.6001  0.5364 
   00531    0.4116   -7889.1992  0.5314 
   00532    0.4072   -7909.5840  0.5225 
   00533    0.3900   -7932.5709  0.5204 
   00534    0.3944   -7875.0584  0.5209 
   00535    0.4076   -7900.4047  0.5237 
   00536    0.4088   -7898.7329  0.5220 
   00537    0.3848   -7899.3791  0.5235 
   00538    0.3952   -7930.1086  0.5275 
   00539    0.4040   -8011.6383  0.5357 
   00540    0.4040   -8021.1823  0.5434 
   00541    0.3960   -8030.8058  0.5497 
   00542    0.3920   -7995.4174  0.5468 
   00543    0.4140   -8003.1062  0.5569 
   00544    0.4032   -8009.0979  0.5617 
   00545    0.4072   -8010.5432  0.5655 
   00546    0.4028   -7989.0414  0.5701 
   00547    0.4128   -7988.9695  0.5662 
   00548    0.3848   -8031.0453  0.5787 
   00549    0.3960   -7982.5574  0.5758 
   00550    0.3824   -8023.9555  0.5810 
   00551    0.3804   -7990.7856  0.5820 
   00552    0.3948   -8040.3601  0.5864 
   00553    0.4092   -8032.3127  0.5821 
   00554    0.4236   -8029.9097  0.5780 
   00555    0.3968   -8058.1559  0.5809 
   00556    0.4072   -8057.4906  0.5819 
   00557    0.3932   -8050.5676  0.5821 
   00558    0.3864   -8028.8059  0.5693 
   00559    0.3992   -8044.0256  0.5768 
   00560    0.3812   -8069.4057  0.5710 
   00561    0.3900   -8046.8201  0.5685 
   00562    0.4176   -8053.3225  0.5700 
   00563    0.3940   -8125.2278  0.5621 
   00564    0.3936   -8096.2907  0.5586 
   00565    0.3956   -8077.8345  0.5559 
   00566    0.4020   -8039.2230  0.5592 
   00567    0.3856   -8075.4395  0.5535 
   00568    0.4044   -8045.6238  0.5556 
   00569    0.3908   -8048.8242  0.5494 
   00570    0.4112   -8009.6002  0.5461 
   00571    0.4108   -8012.4613  0.5400 
   00572    0.4020   -8027.9212  0.5393 
   00573    0.3936   -8021.9551  0.5427 
   00574    0.4040   -8016.1829  0.5488 
   00575    0.3984   -7942.9039  0.5411 
   00576    0.4124   -7893.3735  0.5291 
   00577    0.3984   -7925.5801  0.5324 
   00578    0.4300   -7875.3274  0.5280 
   00579    0.3904   -7909.3474  0.5319 
   00580    0.4100   -7907.3275  0.5287 
   00581    0.4036   -7867.4258  0.5288 
   00582    0.4012   -7851.3887  0.5214 
   00583    0.3992   -7876.8971  0.5325 
   00584    0.3992   -7923.0192  0.5369 
   00585    0.4100   -7981.3859  0.5459 
   00586    0.4104   -7981.3941  0.5402 
   00587    0.3988   -7998.9278  0.5420 
   00588    0.3984   -7962.2270  0.5423 
   00589    0.3940   -7963.2776  0.5415 
   00590    0.4160   -7988.1302  0.5535 
   00591    0.4144   -7940.3330  0.5557 
   00592    0.4168   -7967.4942  0.5588 
   00593    0.4012   -7966.7816  0.5690 
   00594    0.4100   -7968.2582  0.5706 
   00595    0.4040   -7979.9197  0.5708 
   00596    0.4064   -7963.4346  0.5718 
   00597    0.3968   -7996.9639  0.5752 
   00598    0.3704   -7991.5384  0.5737 
   00599    0.4116   -7998.6648  0.5689 
   00600    0.3876   -7994.1469  0.5716 
   00601    0.4060   -7939.3647  0.5663 
   00602    0.4028   -7927.4746  0.5612 
   00603    0.4076   -7946.1350  0.5662 
   00604    0.3976   -7919.3919  0.5667 
   00605    0.4024   -7941.0890  0.5640 
   00606    0.4088   -7974.1437  0.5716 
   00607    0.3996   -7983.2544  0.5682 
   00608    0.4008   -7959.2243  0.5652 
   00609    0.3984   -7996.6527  0.5606 
   00610    0.3948   -7966.0101  0.5665 
   00611    0.4060   -7920.5032  0.5706 
   00612    0.3940   -7935.5022  0.5756 
   00613    0.3992   -7930.4623  0.5748 
   00614    0.4072   -7959.7175  0.5852 
   00615    0.3944   -7983.8641  0.5897 
   00616    0.4044   -7995.6485  0.5843 
   00617    0.3992   -7942.3801  0.5820 
   00618    0.3816   -7940.6310  0.5865 
   00619    0.4040   -7907.7654  0.5832 
   00620    0.4100   -7958.9315  0.5826 
   00621    0.4120   -8002.2391  0.5901 
   00622    0.4192   -8002.0128  0.5926 
   00623    0.4136   -7921.5212  0.5908 
   00624    0.4064   -7962.2982  0.5948 
   00625    0.4096   -7985.3573  0.5983 
   00626    0.3964   -7988.6968  0.5962 
   00627    0.4068   -7966.8872  0.5997 
   00628    0.3868   -7988.4248  0.6062 
   00629    0.4016   -7987.8843  0.6077 
   00630    0.4064   -7959.9739  0.6106 
   00631    0.3920   -7986.6912  0.6134 
   00632    0.3948   -8000.1290  0.6207 
   00633    0.3848   -7940.8908  0.6185 
   00634    0.3936   -8033.0502  0.6172 
   00635    0.3788   -7990.3884  0.6127 
   00636    0.3964   -7973.3524  0.6133 
   00637    0.4076   -7950.2941  0.6065 
   00638    0.4192   -7897.7484  0.6019 
   00639    0.3988   -7870.3513  0.6023 
   00640    0.3952   -7872.3389  0.6022 
   00641    0.4008   -7829.0082  0.5987 
   00642    0.3912   -7877.6387  0.5990 
   00643    0.4100   -7942.9010  0.6034 
   00644    0.3952   -7862.5683  0.5986 
   00645    0.4036   -7851.4215  0.6016 
   00646    0.4076   -7816.9882  0.5988 
   00647    0.4168   -7876.4292  0.6020 
   00648    0.4116   -7894.9235  0.6048 
   00649    0.4044   -7892.2393  0.6087 
   00650    0.3988   -7931.7772  0.6061 
   00651    0.4164   -7912.9087  0.6111 
   00652    0.4056   -7953.4239  0.6093 
   00653    0.3820   -7941.0321  0.6072 
   00654    0.4092   -7987.0453  0.6177 
   00655    0.4160   -7954.8051  0.6194 
   00656    0.4116   -7880.9355  0.6135 
   00657    0.3996   -7885.8083  0.6139 
   00658    0.4044   -7905.6336  0.6124 
   00659    0.3852   -7939.8072  0.6105 
   00660    0.3984   -7939.3991  0.6060 
   00661    0.4136   -7900.2237  0.6065 
   00662    0.4124   -7897.1495  0.6074 
   00663    0.4156   -7963.7044  0.6145 
   00664    0.4000   -7974.2904  0.6124 
   00665    0.4012   -7954.8902  0.6131 
   00666    0.3936   -7908.7724  0.6172 
   00667    0.4188   -7833.1418  0.6130 
   00668    0.4060   -7835.1178  0.6167 
   00669    0.3920   -7917.9008  0.6235 
   00670    0.3976   -7901.9578  0.6218 
   00671    0.4020   -7935.9171  0.6325 
   00672    0.4216   -7914.2810  0.6349 
   00673    0.3860   -8002.7177  0.6327 
   00674    0.4020   -7983.1542  0.6329 
   00675    0.4132   -7905.3343  0.6275 
   00676    0.4232   -7959.4674  0.6408 
   00677    0.4056   -7954.2524  0.6378 
   00678    0.3920   -7958.7537  0.6364 
   00679    0.4204   -8022.5987  0.6435 
   00680    0.3984   -8028.1031  0.6430 
   00681    0.3976   -8062.5660  0.6432 
   00682    0.3948   -8056.7311  0.6479 
   00683    0.4012   -8022.1040  0.6462 
   00684    0.4072   -7971.4452  0.6474 
   00685    0.3824   -7954.4984  0.6482 
   00686    0.4020   -7966.5780  0.6418 
   00687    0.3928   -7986.1878  0.6460 
   00688    0.4056   -8035.2729  0.6468 
   00689    0.3976   -7978.3408  0.6473 
   00690    0.3828   -8016.6250  0.6479 
   00691    0.3956   -8028.2678  0.6436 
   00692    0.3936   -7999.8876  0.6424 
   00693    0.3944   -8032.0282  0.6466 
   00694    0.4200   -7989.1568  0.6433 
   00695    0.4084   -7996.1267  0.6364 
   00696    0.4256   -7990.7869  0.6363 
   00697    0.4132   -7997.0590  0.6343 
   00698    0.4236   -7991.2195  0.6379 
   00699    0.3888   -7991.5626  0.6383 
   00700    0.4008   -7947.6635  0.6269 
   00701    0.4016   -7902.9272  0.6253 
   00702    0.4040   -7921.7843  0.6266 
   00703    0.4152   -7911.9788  0.6272 
   00704    0.4196   -7937.3866  0.6231 
   00705    0.3952   -7865.7194  0.6208 
   00706    0.4144   -7904.6969  0.6361 
   00707    0.4056   -7919.3939  0.6300 
   00708    0.3756   -7898.8251  0.6301 
   00709    0.4132   -7907.2791  0.6338 
   00710    0.3872   -7917.1596  0.6365 
   00711    0.4048   -7940.8702  0.6426 
   00712    0.4056   -7970.4638  0.6424 
   00713    0.4032   -7926.5176  0.6390 
   00714    0.4016   -7897.4706  0.6378 
   00715    0.4108   -7922.0290  0.6427 
   00716    0.3948   -7961.6753  0.6443 
   00717    0.3928   -7916.0015  0.6485 
   00718    0.4132   -7948.1965  0.6508 
   00719    0.3780   -8036.7969  0.6480 
   00720    0.4024   -8040.0638  0.6489 
   00721    0.4084   -8010.4830  0.6442 
   00722    0.4004   -8001.2934  0.6440 
   00723    0.4188   -7966.5682  0.6423 
   00724    0.4036   -7941.3237  0.6435 
   00725    0.4068   -7989.7362  0.6421 
   00726    0.3896   -8003.9759  0.6393 
   00727    0.4040   -7997.5213  0.6441 
   00728    0.4128   -7958.0673  0.6474 
   00729    0.4016   -7980.5421  0.6408 
   00730    0.4040   -7924.5058  0.6331 
   00731    0.3940   -7896.1619  0.6298 
   00732    0.3936   -7864.4856  0.6245 
   00733    0.4008   -7924.9782  0.6284 
   00734    0.4024   -7904.6015  0.6328 
   00735    0.4132   -7935.8243  0.6309 
   00736    0.4092   -7915.4091  0.6272 
   00737    0.4144   -7928.4762  0.6246 
   00738    0.4072   -7925.5644  0.6259 
   00739    0.4032   -7905.4964  0.6272 
   00740    0.4228   -7863.4563  0.6222 
   00741    0.4056   -7914.2888  0.6145 
   00742    0.3920   -7955.5745  0.6204 
   00743    0.4076   -7935.0443  0.6165 
   00744    0.3992   -7953.7139  0.6198 
   00745    0.3912   -8008.1732  0.6251 
   00746    0.4060   -7988.0199  0.6289 
   00747    0.3840   -7931.9498  0.6288 
   00748    0.3972   -7953.2537  0.6255 
   00749    0.3892   -7920.5266  0.6293 
   00750    0.4088   -7993.9128  0.6233 
   00751    0.3924   -8009.2577  0.6246 
   00752    0.4040   -7981.5876  0.6161 
   00753    0.4080   -7971.7095  0.6194 
   00754    0.3996   -8048.5389  0.6218 
   00755    0.3808   -8000.3880  0.6259 
   00756    0.3804   -8017.0816  0.6246 
   00757    0.3920   -8026.6225  0.6205 
   00758    0.3944   -8001.5774  0.6256 
   00759    0.4080   -7992.0784  0.6284 
   00760    0.3940   -8029.6430  0.6301 
   00761    0.4044   -8040.8137  0.6316 
   00762    0.3976   -8038.7577  0.6276 
   00763    0.4088   -8041.8714  0.6276 
   00764    0.3984   -7970.3356  0.6182 
   00765    0.4120   -7910.8399  0.6111 
   00766    0.3884   -7899.1293  0.6097 
   00767    0.4032   -7923.8781  0.6073 
   00768    0.3908   -8005.9802  0.6094 
   00769    0.4136   -7991.8382  0.6094 
   00770    0.4000   -7961.8743  0.6092 
   00771    0.3996   -7933.7627  0.6069 
   00772    0.3988   -7945.8062  0.6144 
   00773    0.3952   -8006.8879  0.6175 
   00774    0.3976   -7997.2715  0.6149 
   00775    0.3940   -7944.7218  0.6135 
   00776    0.3868   -7957.4529  0.6056 
   00777    0.3996   -7876.5335  0.5979 
   00778    0.3732   -7906.5157  0.5951 
   00779    0.4120   -7955.3048  0.5968 
   00780    0.3816   -7950.5180  0.5927 
   00781    0.4088   -7923.7985  0.5961 
   00782    0.3904   -7908.9634  0.5963 
   00783    0.3964   -7886.6678  0.5979 
   00784    0.3892   -7894.6647  0.5972 
   00785    0.4052   -7980.1160  0.6018 
   00786    0.4056   -7989.7822  0.6053 
   00787    0.4028   -8003.8926  0.6109 
   00788    0.3908   -8014.7548  0.6106 
   00789    0.4064   -7949.1071  0.6123 
   00790    0.3956   -7891.1033  0.6134 
   00791    0.3992   -7894.5437  0.6185 
   00792    0.4028   -7908.6450  0.6255 
   00793    0.4004   -7943.1814  0.6264 
   00794    0.4124   -7910.1939  0.6212 
   00795    0.3956   -7951.9732  0.6244 
   00796    0.4056   -7960.8296  0.6278 
   00797    0.4084   -7916.1081  0.6270 
   00798    0.4000   -7914.6537  0.6269 
   00799    0.4140   -7995.3302  0.6315 
   00800    0.3960   -8025.8210  0.6300 
   00801    0.3888   -8030.0453  0.6301 
   00802    0.3920   -8029.3484  0.6303 
   00803    0.3880   -7998.1666  0.6301 
   00804    0.3816   -7985.7392  0.6304 
   00805    0.4012   -7977.0938  0.6323 
   00806    0.3912   -8013.5186  0.6387 
   00807    0.4028   -8016.4705  0.6338 
   00808    0.4032   -8013.9007  0.6385 
   00809    0.4076   -8022.3640  0.6402 
   00810    0.3940   -8000.3957  0.6426 
   00811    0.4044   -7987.2085  0.6379 
   00812    0.3880   -8020.5221  0.6392 
   00813    0.3988   -7988.0851  0.6372 
   00814    0.4032   -7985.3302  0.6404 
   00815    0.3956   -8015.0701  0.6425 
   00816    0.4016   -8042.5708  0.6424 
   00817    0.3884   -8029.6484  0.6400 
   00818    0.3884   -7990.5578  0.6363 
   00819    0.3912   -8033.8172  0.6388 
   00820    0.3968   -8010.9693  0.6484 
   00821    0.3988   -7943.7899  0.6428 
   00822    0.3928   -7953.4061  0.6439 
   00823    0.4044   -7936.2214  0.6467 
   00824    0.4136   -7941.9818  0.6429 
   00825    0.4072   -8029.4746  0.6453 
   00826    0.3896   -8003.6029  0.6433 
   00827    0.3852   -7961.4792  0.6424 
   00828    0.4088   -7932.1182  0.6443 
   00829    0.4056   -7952.7528  0.6448 
   00830    0.3952   -7915.2029  0.6522 
   00831    0.4208   -7986.8641  0.6548 
   00832    0.3912   -7993.0912  0.6568 
   00833    0.4244   -7993.2950  0.6660 
   00834    0.3756   -8001.7726  0.6600 
   00835    0.4012   -7988.6965  0.6619 
   00836    0.4012   -8011.2256  0.6632 
   00837    0.3928   -7967.3299  0.6558 
   00838    0.4044   -7977.7003  0.6499 
   00839    0.3980   -7989.4090  0.6503 
   00840    0.3960   -7959.0391  0.6524 
   00841    0.3944   -7985.1567  0.6505 
   00842    0.3992   -7996.3351  0.6527 
   00843    0.4004   -7992.3794  0.6515 
   00844    0.4004   -8007.4172  0.6480 
   00845    0.3932   -7998.0032  0.6523 
   00846    0.3972   -7998.0920  0.6508 
   00847    0.4024   -7965.2191  0.6523 
   00848    0.4136   -7984.4920  0.6448 
   00849    0.3932   -7987.9045  0.6432 
   00850    0.3972   -7954.3692  0.6430 
   00851    0.3996   -7953.6436  0.6438 
   00852    0.3892   -7998.6259  0.6435 
   00853    0.4140   -7984.3549  0.6432 
   00854    0.3976   -7979.3484  0.6430 
   00855    0.4056   -8011.6299  0.6407 
   00856    0.3992   -8025.2845  0.6470 
   00857    0.4236   -7976.3306  0.6436 
   00858    0.4084   -7946.6192  0.6421 
   00859    0.4012   -7936.2945  0.6431 
   00860    0.4008   -7981.3120  0.6414 
   00861    0.4172   -7961.9507  0.6449 
   00862    0.4140   -7969.6520  0.6475 
   00863    0.3884   -7910.7327  0.6475 
   00864    0.4120   -7916.9535  0.6496 
   00865    0.4148   -7978.9478  0.6531 
   00866    0.4080   -7907.8227  0.6487 
   00867    0.4112   -7918.3630  0.6504 
   00868    0.4264   -7919.7575  0.6488 
   00869    0.3980   -7971.9728  0.6568 
   00870    0.3952   -7977.1566  0.6568 
   00871    0.4004   -8021.8468  0.6574 
   00872    0.3916   -7951.6854  0.6525 
   00873    0.4124   -7939.4555  0.6551 
   00874    0.4016   -7962.4128  0.6578 
   00875    0.3992   -7957.7578  0.6521 
   00876    0.4116   -8050.4451  0.6565 
   00877    0.4016   -8025.6502  0.6597 
   00878    0.3952   -8008.6771  0.6568 
   00879    0.3936   -8046.1187  0.6561 
   00880    0.3936   -8077.2166  0.6567 
   00881    0.3896   -8105.1642  0.6571 
   00882    0.4156   -8033.5644  0.6553 
   00883    0.3744   -8057.4659  0.6594 
   00884    0.4020   -8032.6013  0.6506 
   00885    0.4004   -8014.5693  0.6480 
   00886    0.3832   -8019.8379  0.6515 
   00887    0.4048   -8050.0628  0.6620 
   00888    0.4048   -8087.2280  0.6632 
   00889    0.3932   -8079.7827  0.6590 
   00890    0.3916   -8101.1642  0.6586 
   00891    0.3968   -8122.7013  0.6619 
   00892    0.4000   -8123.2265  0.6594 
   00893    0.3840   -8081.3868  0.6670 
   00894    0.4056   -8078.6697  0.6643 
   00895    0.3996   -8090.0831  0.6668 
   00896    0.3852   -8046.9102  0.6643 
   00897    0.3956   -8034.7984  0.6629 
   00898    0.3828   -8027.8148  0.6691 
   00899    0.3960   -8000.5972  0.6601 
   00900    0.4000   -7994.7040  0.6682 
   00901    0.4048   -7954.3163  0.6630 
   00902    0.4240   -7970.0557  0.6660 
   00903    0.4052   -7894.0023  0.6541 
   00904    0.4052   -7911.9239  0.6580 
   00905    0.4068   -7955.6599  0.6579 
   00906    0.4052   -7923.6690  0.6545 
   00907    0.3988   -7866.2358  0.6546 
   00908    0.4016   -7929.4459  0.6531 
   00909    0.4000   -7961.6123  0.6536 
   00910    0.3924   -7960.4285  0.6548 
   00911    0.3920   -7954.9338  0.6626 
   00912    0.3868   -7962.7925  0.6605 
   00913    0.3864   -7993.4871  0.6674 
   00914    0.4036   -8002.0940  0.6650 
   00915    0.4004   -7933.9614  0.6646 
   00916    0.3992   -7983.8138  0.6660 
   00917    0.3908   -8011.2217  0.6656 
   00918    0.3976   -8011.7051  0.6675 
   00919    0.4032   -8057.5515  0.6661 
   00920    0.3940   -8101.9850  0.6721 
   00921    0.4000   -8075.6839  0.6632 
   00922    0.4088   -8105.0303  0.6617 
   00923    0.4024   -8089.9852  0.6645 
   00924    0.3984   -8077.5943  0.6639 
   00925    0.3964   -8071.5966  0.6700 
   00926    0.4000   -8017.4363  0.6710 
   00927    0.3964   -8039.4173  0.6671 
   00928    0.3832   -8028.8959  0.6722 
   00929    0.3848   -8082.6080  0.6745 
   00930    0.4008   -8131.4662  0.6755 
   00931    0.3956   -8091.6679  0.6719 
   00932    0.4112   -8077.9087  0.6676 
   00933    0.3832   -8058.1703  0.6656 
   00934    0.3976   -8002.3950  0.6692 
   00935    0.4088   -7963.1099  0.6665 
   00936    0.3792   -7941.4335  0.6674 
   00937    0.4120   -7937.3448  0.6700 
   00938    0.4044   -7929.5489  0.6731 
   00939    0.4264   -7930.2031  0.6714 
   00940    0.3980   -7947.0618  0.6740 
   00941    0.3896   -7964.7992  0.6754 
   00942    0.4120   -8024.6602  0.6793 
   00943    0.3888   -8059.7593  0.6841 
   00944    0.3772   -8037.6965  0.6823 
   00945    0.3924   -8023.7512  0.6800 
   00946    0.3992   -8066.3536  0.6816 
   00947    0.3944   -8046.2336  0.6799 
   00948    0.3892   -8014.3208  0.6783 
   00949    0.4080   -7989.3349  0.6745 
   00950    0.4248   -7968.6474  0.6805 
   00951    0.4172   -8011.1925  0.6851 
   00952    0.4068   -7965.4849  0.6713 
   00953    0.3904   -7911.1774  0.6644 
   00954    0.4064   -7915.8170  0.6692 
   00955    0.4060   -7997.2223  0.6678 
   00956    0.3980   -8099.9486  0.6753 
   00957    0.3952   -8071.3798  0.6694 
   00958    0.3876   -8074.6663  0.6706 
   00959    0.3836   -8056.0223  0.6713 
   00960    0.4044   -8085.8849  0.6728 
   00961    0.3944   -8012.2841  0.6713 
   00962    0.4108   -7986.6399  0.6660 
   00963    0.4048   -7957.7049  0.6716 
   00964    0.4220   -7975.0205  0.6759 
   00965    0.3968   -8030.1760  0.6803 
   00966    0.4120   -8008.3597  0.6717 
   00967    0.4044   -8054.2374  0.6743 
   00968    0.3952   -8060.9799  0.6730 
   00969    0.3940   -8063.4519  0.6738 
   00970    0.4000   -8005.7390  0.6735 
   00971    0.4064   -7983.9502  0.6762 
   00972    0.4024   -7943.4537  0.6619 
   00973    0.4196   -7982.0273  0.6724 
   00974    0.3912   -7968.6488  0.6802 
   00975    0.4116   -7980.9008  0.6719 
   00976    0.4044   -7988.5074  0.6718 
   00977    0.4180   -7966.2665  0.6681 
   00978    0.4004   -7984.3561  0.6718 
   00979    0.4080   -7989.0280  0.6758 
   00980    0.4004   -8018.0669  0.6818 
   00981    0.4028   -7969.2113  0.6779 
   00982    0.3996   -8028.1401  0.6808 
   00983    0.3904   -8041.5425  0.6890 
   00984    0.4064   -8008.9059  0.6895 
   00985    0.3932   -8025.6315  0.6900 
   00986    0.3988   -8006.5834  0.6855 
   00987    0.3920   -8050.1319  0.6877 
   00988    0.3956   -7976.5202  0.6874 
   00989    0.4028   -7970.1707  0.6861 
   00990    0.3912   -7997.3348  0.6917 
   00991    0.4220   -8017.0998  0.6937 
   00992    0.3868   -8027.9863  0.6921 
   00993    0.4088   -8001.3016  0.6979 
   00994    0.4092   -7948.7169  0.6882 
   00995    0.3968   -7957.7933  0.6927 
   00996    0.3936   -8032.5870  0.6908 
   00997    0.3916   -8065.3310  0.6915 
   00998    0.3984   -8070.5198  0.6838 
   00999    0.4052   -8053.6782  0.6815 
   01000    0.4092   -8014.8881  0.6853 
