#=====================================================
# File created:        Tue-12-Mar-2024-at-09-21-24AM
# Size of lattice:     50x50
# Number of MC steps:  1000
# Reduced temperature: 0.650
# Run time (s):        1.265819
#=====================================================
# MC step:  Ratio:     Energy:   Order:
#=====================================================
   00000    0.5000   -2524.0252  0.2603 
   00001    0.6920   -3720.1870  0.2781 
   00002    0.6084   -4494.1836  0.2735 
   00003    0.5532   -4945.9636  0.2674 
   00004    0.5376   -5226.5678  0.2658 
   00005    0.5300   -5443.4799  0.2724 
   00006    0.5172   -5651.2009  0.2638 
   00007    0.5004   -5811.6886  0.2665 
   00008    0.5016   -5973.7007  0.2691 
   00009    0.4700   -6118.3615  0.2708 
   00010    0.4932   -6265.3331  0.2658 
   00011    0.4488   -6353.6838  0.2577 
   00012    0.4572   -6417.7085  0.2580 
   00013    0.4640   -6484.3521  0.2573 
   00014    0.4672   -6498.9877  0.2589 
   00015    0.4664   -6620.7257  0.2619 
   00016    0.4584   -6667.0883  0.2537 
   00017    0.4340   -6757.2012  0.2549 
   00018    0.4392   -6742.7804  0.2573 
   00019    0.4644   -6800.5796  0.2597 
   00020    0.4380   -6878.4442  0.2664 
   00021    0.4516   -6919.3570  0.2700 
   00022    0.4424   -6899.6970  0.2625 
   00023    0.4432   -6938.4600  0.2634 
   00024    0.4436   -6954.9741  0.2686 
   00025    0.4288   -6928.5237  0.2641 
   00026    0.4212   -6874.2175  0.2611 
   00027    0.4564   -6910.3760  0.2639 
   00028    0.4544   -6946.1242  0.2673 
   00029    0.4356   -6996.9236  0.2708 
   00030    0.4476   -6994.8632  0.2721 
   00031    0.4660   -7005.7510  0.2645 
   00032    0.4328   -6946.4688  0.2737 
   00033    0.4552   -6955.6321  0.2846 
   00034    0.4244   -7027.1044  0.2786 
   00035    0.4300   -7051.0917  0.2821 
   00036    0.4512   -7049.2889  0.2777 
   00037    0.4368   -7055.9728  0.2702 
   00038    0.4208   -7153.3367  0.2712 
   00039    0.4532   -7118.4126  0.2666 
   00040    0.4444   -7170.8420  0.2726 
   00041    0.4328   -7163.3851  0.2738 
   00042    0.4192   -7173.7845  0.2748 
   00043    0.4244   -7192.7391  0.2703 
   00044    0.4284   -7189.1776  0.2709 
   00045    0.4252   -7200.3019  0.2685 
   00046    0.4200   -7240.2473  0.2720 
   00047    0.4368   -7270.5776  0.2781 
   00048    0.4312   -7249.5067  0.2757 
   00049    0.4432   -7257.9727  0.2703 
   00050    0.4136   -7238.8698  0.2740 
   00051    0.4236   -7290.6004  0.2765 
   00052    0.4048   -7340.5843  0.2790 
   00053    0.4280   -7332.0352  0.2848 
   00054    0.4364   -7393.0273  0.2809 
   00055    0.4252   -7346.0697  0.2880 
   00056    0.4292   -7373.5242  0.2873 
   00057    0.4332   -7367.0954  0.2932 
   00058    0.4172   -7372.6970  0.2940 
   00059    0.4196   -7374.9404  0.2922 
   00060    0.4356   -7397.3880  0.2954 
   00061    0.4216   -7365.7848  0.2880 
   00062    0.4376   -7329.2688  0.2866 
   00063    0.4340   -7373.6302  0.2804 
   00064    0.4280   -7366.0844  0.2778 
   00065    0.4264   -7333.3100  0.2786 
   00066    0.4332   -7387.3338  0.2729 
   00067    0.4244   -7386.4586  0.2745 
   00068    0.4128   -7408.2114  0.2703 
   00069    0.4212   -7465.3865  0.2776 
   00070    0.4148   -7374.4563  0.2740 
   00071    0.4428   -7374.0910  0.2752 
   00072    0.4292   -7390.5938  0.2823 
   00073    0.4080   -7371.3868  0.2787 
   00074    0.4024   -7398.4690  0.2769 
   00075    0.4308   -7448.2556  0.2796 
   00076    0.4308   -7404.0920  0.2710 
   00077    0.4448   -7386.7471  0.2695 
   00078    0.4164   -7377.6020  0.2686 
   00079    0.4276   -7378.3708  0.2599 
   00080    0.4220   -7403.7370  0.2679 
   00081    0.4300   -7372.5036  0.2621 
   00082    0.4252   -7341.1707  0.2674 
   00083    0.4364   -7321.7506  0.2705 
   00084    0.4280   -7373.9367  0.2675 
   00085    0.4180   -7336.9439  0.2728 
   00086    0.4164   -7405.6760  0.2685 
   00087    0.4252   -7453.5728  0.2699 
   00088    0.4204   -7443.7196  0.2613 
   00089    0.4268   -7409.8343  0.2624 
   00090    0.4184   -7465.9101  0.2616 
   00091    0.4280   -7486.4905  0.2643 
   00092    0.4068   -7445.2519  0.2665 
   00093    0.3956   -7431.0773  0.2664 
   00094    0.4140   -7395.1185  0.2745 
   00095    0.4324   -7391.7625  0.2760 
   00096    0.4164   -7348.6110  0.2822 
   00097    0.4240   -7320.2633  0.2850 
   00098    0.4228   -7335.3660  0.2821 
   00099    0.4192   -7375.7318  0.2814 
   00100    0.4248   -7441.7737  0.2892 
   00101    0.4040   -7472.8062  0.2838 
   00102    0.4140   -7481.9154  0.2888 
   00103    0.4120   -7503.5163  0.2915 
   00104    0.4068   -7495.5559  0.2941 
   00105    0.3980   -7466.7366  0.2929 
   00106    0.4244   -7459.3449  0.2935 
   00107    0.4316   -7388.4419  0.2858 
   00108    0.4208   -7383.3668  0.2871 
   00109    0.4288   -7453.0788  0.2874 
   00110    0.4236   -7476.7332  0.2851 
   00111    0.4100   -7423.7658  0.2897 
   00112    0.4232   -7424.5027  0.2923 
   00113    0.4184   -7381.9594  0.2934 
   00114    0.4160   -7400.0752  0.3060 
   00115    0.4328   -7409.0264  0.3028 
   00116    0.4340   -7399.8171  0.3016 
   00117    0.4316   -7427.3780  0.2967 
   00118    0.4224   -7430.1345  0.3045 
   00119    0.4120   -7420.0652  0.2995 
   00120    0.4184   -7495.7818  0.2963 
   00121    0.4224   -7514.7851  0.3031 
   00122    0.4196   -7524.9203  0.3050 
   00123    0.4276   -7539.9072  0.3104 
   00124    0.4168   -7536.0708  0.3109 
   00125    0.4184   -7509.7178  0.3155 
   00126    0.4120   -7496.5124  0.3176 
   00127    0.4268   -7478.6255  0.3259 
   00128    0.4220   -7464.4699  0.3286 
   00129    0.4152   -7473.6244  0.3173 
   00130    0.4100   -7450.6839  0.3159 
   00131    0.4188   -7433.1607  0.3156 
   00132    0.4240   -7438.9372  0.3147 
   00133    0.4200   -7476.7536  0.3167 
   00134    0.4192   -7430.0060  0.3208 
   00135    0.4236   -7486.4831  0.3264 
   00136    0.4168   -7483.2020  0.3318 
   00137    0.3956   -7458.5200  0.3253 
   00138    0.4284   -7511.9356  0.3273 
   00139    0.4100   -7487.5934  0.3313 
   00140    0.4228   -7562.1278  0.3374 
   00141    0.4124   -7581.0845  0.3309 
   00142    0.4076   -7545.5653  0.3259 
   00143    0.4168   -7497.4127  0.3211 
   00144    0.4276   -7449.6696  0.3363 
   00145    0.4260   -7559.6338  0.3394 
   00146    0.4052   -7540.4247  0.3421 
   00147    0.4004   -7577.5296  0.3374 
   00148    0.4156   -7617.2984  0.3348 
   00149    0.4120   -7624.2366  0.3452 
   00150    0.4080   -7592.1568  0.3411 
   00151    0.4004   -7598.9076  0.3457 
   00152    0.4220   -7625.0160  0.3438 
   00153    0.4080   -7611.2566  0.3490 
   00154    0.4108   -7593.9479  0.3536 
   00155    0.4152   -7565.9741  0.3498 
   00156    0.4080   -7612.8432  0.3540 
   00157    0.4176   -7656.8000  0.3507 
   00158    0.4136   -7770.4733  0.3535 
   00159    0.3972   -7756.5276  0.3601 
   00160    0.4148   -7776.0761  0.3638 
   00161    0.3984   -7729.2570  0.3705 
   00162    0.3920   -7701.2204  0.3568 
   00163    0.4164   -7696.9280  0.3539 
   00164    0.4024   -7703.7042  0.3518 
   00165    0.4012   -7688.0174  0.3576 
   00166    0.4248   -7722.5052  0.3619 
   00167    0.3964   -7754.0646  0.3662 
   00168    0.4024   -7770.2646  0.3744 
   00169    0.3944   -7720.5073  0.3712 
   00170    0.4276   -7698.3430  0.3719 
   00171    0.4248   -7731.3226  0.3738 
   00172    0.3984   -7822.9323  0.3736 
   00173    0.3928   -7777.6172  0.3781 
   00174    0.4088   -7814.2950  0.3849 
   00175    0.4196   -7799.9720  0.3812 
   00176    0.4056   -7775.6523  0.3791 
   00177    0.4096   -7749.8902  0.3824 
   00178    0.4080   -7753.4591  0.3816 
   00179    0.4088   -7732.7454  0.3812 
   00180    0.4104   -7790.3107  0.3803 
   00181    0.4000   -7811.9305  0.3748 
   00182    0.3896   -7782.2889  0.3699 
   00183    0.4212   -7796.4230  0.3696 
   00184    0.4048   -7781.7322  0.3664 
   00185    0.4036   -7766.4874  0.3663 
   00186    0.4052   -7771.9240  0.3678 
   00187    0.3992   -7783.0123  0.3748 
   00188    0.4244   -7784.3313  0.3763 
   00189    0.4252   -7747.4967  0.3849 
   00190    0.3952   -7792.7616  0.3847 
   00191    0.4064   -7811.8825  0.3815 
   00192    0.3988   -7810.2906  0.3869 
   00193    0.4100   -7837.5745  0.3889 
   00194    0.4016   -7836.3835  0.3795 
   00195    0.4068   -7821.4442  0.3847 
   00196    0.3808   -7857.0601  0.3851 
   00197    0.3856   -7867.3464  0.3776 
   00198    0.4144   -7820.1282  0.3728 
   00199    0.4232   -7830.9771  0.3747 
   00200    0.3928   -7862.2973  0.3814 
   00201    0.4088   -7815.8810  0.3845 
   00202    0.3956   -7806.8392  0.3920 
   00203    0.4028   -7739.8245  0.3929 
   00204    0.4304   -7795.6002  0.3940 
   00205    0.4052   -7764.6034  0.3864 
   00206    0.4136   -7768.2504  0.3881 
   00207    0.3952   -7754.9241  0.3876 
   00208    0.4004   -7760.3570  0.3903 
   00209    0.4060   -7777.4238  0.3884 
   00210    0.4028   -7772.2194  0.3847 
   00211    0.4016   -7840.7450  0.3832 
   00212    0.3984   -7853.6248  0.3785 
   00213    0.4060   -7839.1208  0.3741 
   00214    0.4024   -7774.3113  0.3706 
   00215    0.4004   -7820.8358  0.3728 
   00216    0.4088   -7768.0763  0.3787 
   00217    0.3896   -7778.6467  0.3762 
   00218    0.4076   -7786.1383  0.3736 
   00219    0.4020   -7771.6477  0.3733 
   00220    0.4128   -7805.9684  0.3687 
   00221    0.3948   -7815.1321  0.3688 
   00222    0.4120   -7759.6420  0.3648 
   00223    0.3800   -7741.2219  0.3592 
   00224    0.4268   -7807.3076  0.3621 
   00225    0.4104   -7775.5506  0.3675 
   00226    0.4068   -7718.3484  0.3641 
   00227    0.4028   -7740.0541  0.3617 
   00228    0.4128   -7776.1558  0.3581 
   00229    0.4040   -7798.8849  0.3569 
   00230    0.4052   -7787.5345  0.3596 
   00231    0.3992   -7832.3286  0.3701 
   00232    0.4000   -7839.0578  0.3756 
   00233    0.4048   -7853.0878  0.3734 
   00234    0.3948   -7861.3859  0.3721 
   00235    0.4000   -7832.8424  0.3669 
   00236    0.4016   -7878.3517  0.3662 
   00237    0.4120   -7855.1849  0.3668 
   00238    0.4024   -7818.5564  0.3696 
   00239    0.4140   -7743.7250  0.3639 
   00240    0.4272   -7807.0204  0.3664 
   00241    0.4068   -7898.0821  0.3696 
   00242    0.3956   -7860.0653  0.3740 
   00243    0.4060   -7851.5185  0.3740 
   00244    0.3976   -7826.5598  0.3702 
   00245    0.3832   -7843.5685  0.3736 
   00246    0.3960   -7872.8948  0.3704 
   00247    0.4180   -7843.9140  0.3747 
   00248    0.4064   -7817.7831  0.3665 
   00249    0.4012   -7818.1735  0.3743 
   00250    0.4100   -7885.7827  0.3753 
   00251    0.4020   -7836.6990  0.3771 
   00252    0.4208   -7825.7755  0.3786 
   00253    0.3852   -7859.3472  0.3725 
   00254    0.4180   -7886.7890  0.3744 
   00255    0.4008   -7859.4375  0.3672 
   00256    0.4032   -7885.5448  0.3728 
   00257    0.4064   -7845.8353  0.3620 
   00258    0.3980   -7853.7279  0.3637 
   00259    0.3940   -7807.3824  0.3665 
   00260    0.4100   -7775.9546  0.3670 
   00261    0.4084   -7702.8875  0.3716 
   00262    0.4044   -7771.8409  0.3755 
   00263    0.3992   -7832.5347  0.3760 
   00264    0.4056   -7839.4696  0.3717 
   00265    0.3852   -7834.4642  0.3751 
   00266    0.3972   -7876.1223  0.3737 
   00267    0.4128   -7865.6710  0.3710 
   00268    0.3980   -7921.4187  0.3733 
   00269    0.3984   -7799.2540  0.3668 
   00270    0.4028   -7751.5628  0.3706 
   00271    0.4084   -7787.6047  0.3742 
   00272    0.4112   -7728.2565  0.3790 
   00273    0.3976   -7788.1884  0.3834 
   00274    0.4132   -7753.2702  0.3781 
   00275    0.4216   -7851.1780  0.3847 
   00276    0.3968   -7882.2562  0.3786 
   00277    0.4048   -7902.3697  0.3802 
   00278    0.3944   -7838.8155  0.3861 
   00279    0.4032   -7877.0009  0.3880 
   00280    0.4108   -7859.4478  0.3782 
   00281    0.4196   -7766.1538  0.3793 
   00282    0.4036   -7804.4302  0.3794 
   00283    0.4068   -7716.9523  0.3869 
   00284    0.4020   -7766.3669  0.3860 
   00285    0.4196   -7755.8306  0.3909 
   00286    0.4088   -7803.5044  0.3934 
   00287    0.4056   -7747.2236  0.3839 
   00288    0.4168   -7797.4483  0.3866 
   00289    0.4060   -7770.6605  0.3842 
   00290    0.4148   -7746.5818  0.3866 
   00291    0.4172   -7717.4074  0.3873 
   00292    0.4000   -7712.1540  0.3965 
   00293    0.4104   -7766.8100  0.4080 
   00294    0.4040   -7731.6772  0.4016 
   00295    0.3988   -7779.5876  0.4010 
   00296    0.4116   -7772.3941  0.3968 
   00297    0.4188   -7753.5034  0.3903 
   00298    0.4004   -7755.1391  0.3881 
   00299    0.3984   -7789.2674  0.3924 
   00300    0.4172   -7849.7400  0.3940 
   00301    0.4096   -7802.9838  0.3940 
   00302    0.4176   -7843.3144  0.3884 
   00303    0.3992   -7803.5211  0.3886 
   00304    0.4000   -7855.0341  0.3806 
   00305    0.4168   -7844.0823  0.3801 
   00306    0.3812   -7821.5163  0.3842 
   00307    0.3920   -7865.4434  0.3830 
   00308    0.4012   -7855.4817  0.3871 
   00309    0.4192   -7838.7392  0.3873 
   00310    0.3992   -7843.7943  0.3823 
   00311    0.4032   -7867.8200  0.3804 
   00312    0.4112   -7875.8204  0.3798 
   00313    0.3932   -7855.2494  0.3797 
   00314    0.4136   -7837.2467  0.3861 
   00315    0.4288   -7869.3547  0.3940 
   00316    0.3980   -7873.5673  0.3985 
   00317    0.4060   -7890.5432  0.3975 
   00318    0.4072   -7849.3739  0.3991 
   00319    0.4172   -7818.0349  0.4047 
   00320    0.4136   -7792.4261  0.4057 
   00321    0.4108   -7862.0537  0.4120 
   00322    0.3884   -7851.5377  0.4089 
   00323    0.4208   -7832.9524  0.4087 
   00324    0.4172   -7843.9183  0.4060 
   00325    0.4076   -7880.6278  0.3959 
   00326    0.4072   -7891.3559  0.3883 
   00327    0.4068   -7869.4256  0.3774 
   00328    0.4008   -7852.2644  0.3804 
   00329    0.4040   -7896.2100  0.3763 
   00330    0.3900   -7916.0322  0.3816 
   00331    0.4076   -7886.5027  0.3861 
   00332    0.4048   -7892.1801  0.3837 
   00333    0.4064   -7931.3141  0.3864 
   00334    0.4084   -7901.9042  0.3865 
   00335    0.4004   -7874.1417  0.3867 
   00336    0.4136   -7854.2822  0.3860 
   00337    0.4100   -7910.7493  0.3871 
   00338    0.3920   -7928.2743  0.3857 
   00339    0.3952   -7909.4978  0.3793 
   00340    0.4048   -7900.4119  0.3774 
   00341    0.4084   -7920.1483  0.3746 
   00342    0.4008   -7844.0553  0.3804 
   00343    0.4024   -7866.5717  0.3788 
   00344    0.4048   -7875.1219  0.3805 
   00345    0.3916   -7832.0856  0.3855 
   00346    0.4044   -7749.5904  0.3816 
   00347    0.4120   -7754.5901  0.3773 
   00348    0.4040   -7790.6947  0.3775 
   00349    0.4124   -7801.4954  0.3704 
   00350    0.3928   -7749.5992  0.3682 
   00351    0.4136   -7724.7931  0.3695 
   00352    0.4180   -7702.0919  0.3697 
   00353    0.4096   -7731.0071  0.3784 
   00354    0.4168   -7774.6390  0.3802 
   00355    0.3968   -7738.5828  0.3873 
   00356    0.4104   -7754.5278  0.3844 
   00357    0.4012   -7815.1216  0.3879 
   00358    0.3984   -7830.8034  0.3860 
   00359    0.4036   -7789.3911  0.3900 
   00360    0.4016   -7769.8797  0.3820 
   00361    0.4044   -7738.6201  0.3866 
   00362    0.3988   -7728.8464  0.3873 
   00363    0.4076   -7727.8307  0.3862 
   00364    0.4076   -7741.6274  0.3904 
   00365    0.4144   -7735.2143  0.3869 
   00366    0.4044   -7721.6934  0.3844 
   00367    0.4068   -7801.5770  0.3818 
   00368    0.4012   -7747.8496  0.3849 
   00369    0.4128   -7747.9170  0.3845 
   00370    0.4236   -7763.5418  0.3780 
   00371    0.4080   -7824.2928  0.3800 
   00372    0.4028   -7766.7525  0.3731 
   00373    0.4220   -7784.2726  0.3837 
   00374    0.4072   -7778.1315  0.3832 
   00375    0.4112   -7800.8590  0.3872 
   00376    0.4084   -7867.6456  0.3886 
   00377    0.4140   -7844.0291  0.3860 
   00378    0.3988   -7892.6750  0.3860 
   00379    0.3992   -7862.5485  0.3808 
   00380    0.3992   -7912.4666  0.3835 
   00381    0.3908   -7837.4882  0.3834 
   00382    0.3960   -7890.7834  0.3885 
   00383    0.4012   -7898.3979  0.3894 
   00384    0.4176   -7962.3497  0.3955 
   00385    0.4080   -7924.4055  0.3938 
   00386    0.3876   -7942.8861  0.3848 
   00387    0.4012   -7936.3538  0.3856 
   00388    0.4056   -7951.0264  0.3852 
   00389    0.4092   -7892.1442  0.3882 
   00390    0.4148   -7873.1888  0.3904 
   00391    0.3944   -7856.3088  0.3968 
   00392    0.3948   -7866.1868  0.4004 
   00393    0.3944   -7841.4616  0.4066 
   00394    0.4004   -7795.9720  0.3999 
   00395    0.4080   -7745.9580  0.3957 
   00396    0.4028   -7799.5390  0.3919 
   00397    0.4184   -7813.7527  0.3903 
   00398    0.4024   -7815.3044  0.4034 
   00399    0.4196   -7823.0817  0.4066 
   00400    0.4064   -7872.8118  0.4007 
   00401    0.4060   -7898.6899  0.4039 
   00402    0.4084   -7894.9003  0.4095 
   00403    0.4108   -7875.9712  0.4057 
   00404    0.4060   -7873.4834  0.4018 
   00405    0.4132   -7848.4945  0.4006 
   00406    0.4004   -7824.2579  0.3942 
   00407    0.4020   -7833.4623  0.3903 
   00408    0.4220   -7770.5697  0.3880 
   00409    0.3992   -7746.3591  0.3812 
   00410    0.4064   -7802.5718  0.3854 
   00411    0.4016   -7856.5326  0.3837 
   00412    0.4004   -7815.4986  0.3837 
   00413    0.4020   -7789.9782  0.3781 
   00414    0.4112   -7804.3263  0.3783 
   00415    0.4032   -7811.7025  0.3693 
   00416    0.3964   -7800.8934  0.3621 
   00417    0.4036   -7796.8507  0.3665 
   00418    0.3992   -7813.4215  0.3717 
   00419    0.4136   -7816.2107  0.3725 
   00420    0.4116   -7804.6406  0.3712 
   00421    0.4096   -7833.7717  0.3723 
   00422    0.3960   -7873.8577  0.3713 
   00423    0.3956   -7844.8533  0.3716 
   00424    0.3900   -7899.3068  0.3743 
   00425    0.4164   -7904.2479  0.3731 
   00426    0.3968   -7939.0201  0.3788 
   00427    0.3888   -7892.6273  0.3683 
   00428    0.4132   -7844.0511  0.3618 
   00429    0.4104   -7845.0462  0.3578 
   00430    0.3864   -7889.4800  0.3505 
   00431    0.4052   -7900.7915  0.3472 
   00432    0.3916   -7869.5721  0.3481 
   00433    0.4012   -7858.4815  0.3554 
   00434    0.4172   -7846.2367  0.3614 
   00435    0.3924   -7842.2268  0.3610 
   00436    0.4064   -7867.6588  0.3588 
   00437    0.4016   -7827.9367  0.3610 
   00438    0.4084   -7822.9588  0.3597 
   00439    0.4140   -7796.6875  0.3629 
   00440    0.4088   -7765.3647  0.3583 
   00441    0.4032   -7807.8442  0.3631 
   00442    0.4044   -7804.1596  0.3638 
   00443    0.4188   -7801.4692  0.3621 
   00444    0.4116   -7847.1895  0.3628 
   00445    0.4100   -7845.5221  0.3668 
   00446    0.3980   -7811.8704  0.3705 
   00447    0.4096   -7837.0018  0.3712 
   00448    0.3828   -7804.7458  0.3720 
   00449    0.3996   -7778.3450  0.3652 
   00450    0.3852   -7827.6033  0.3713 
   00451    0.4052   -7777.9171  0.3685 
   00452    0.4136   -7784.1632  0.3656 
   00453    0.4216   -7809.0010  0.3599 
   00454    0.3820   -7873.9205  0.3577 
   00455    0.3896   -7797.4668  0.3567 
   00456    0.4168   -7803.1659  0.3634 
   00457    0.4052   -7852.6518  0.3717 
   00458    0.4176   -7812.2736  0.3749 
   00459    0.4144   -7810.3349  0.3774 
   00460    0.3904   -7813.6160  0.3742 
   00461    0.4140   -7783.5738  0.3669 
   00462    0.4172   -7741.3427  0.3682 
   00463    0.4004   -7764.3587  0.3734 
   00464    0.4136   -7774.7575  0.3736 
   00465    0.4172   -7753.6179  0.3682 
   00466    0.3956   -7718.9453  0.3684 
   00467    0.4016   -7693.6719  0.3682 
   00468    0.3996   -7719.9112  0.3693 
   00469    0.4012   -7698.7538  0.3722 
   00470    0.4124   -7769.2529  0.3769 
   00471    0.4096   -7742.0252  0.3769 
   00472    0.4072   -7778.7337  0.3755 
   00473    0.4052   -7791.4278  0.3745 
   00474    0.3984   -7867.7645  0.3795 
   00475    0.4016   -7898.9500  0.3776 
   00476    0.3948   -7860.1337  0.3799 
   00477    0.3980   -7885.5746  0.3786 
   00478    0.3968   -7840.6538  0.3760 
   00479    0.4104   -7805.1799  0.3706 
   00480    0.4176   -7817.0721  0.3692 
   00481    0.3996   -7840.4475  0.3663 
   00482    0.4128   -7839.5400  0.3708 
   00483    0.4052   -7854.9124  0.3783 
   00484    0.4056   -7910.9828  0.3765 
   00485    0.4088   -7819.7239  0.3828 
   00486    0.4188   -7816.5543  0.3842 
   00487    0.4076   -7816.6816  0.3832 
   00488    0.4140   -7839.0680  0.3816 
   00489    0.3920   -7738.6864  0.3769 
   00490    0.4184   -7828.1901  0.3761 
   00491    0.4044   -7839.0087  0.3813 
   00492    0.3892   -7806.3488  0.3847 
   00493    0.4244   -7810.3901  0.3842 
   00494    0.3996   -7850.2579  0.3842 
   00495    0.4084   -7798.3576  0.3809 
   00496    0.4132   -7805.5553  0.3921 
   00497    0.4056   -7851.4801  0.3840 
   00498    0.4048   -7851.2225  0.3879 
   00499    0.4172   -7804.6824  0.3897 
   00500    0.4164   -7805.8956  0.3887 
   00501    0.4016   -7762.6066  0.3946 
   00502    0.4160   -7775.7850  0.3906 
   00503    0.4120   -7810.2845  0.3883 
   00504    0.4072   -7866.2151  0.3911 
   00505    0.4020   -7817.9673  0.3894 
   00506    0.4056   -7815.0527  0.3939 
   00507    0.4100   -7797.1516  0.3934 
   00508    0.4056   -7846.6907  0.3890 
   00509    0.4100   -7872.6433  0.3880 
   00510    0.3924   -7871.6999  0.3880 
   00511    0.3832   -7862.3409  0.3899 
   00512    0.4024   -7856.2356  0.3966 
   00513    0.3864   -7900.7434  0.3953 
   00514    0.3948   -7912.4895  0.3988 
   00515    0.3840   -7881.7616  0.3988 
   00516    0.4048   -7854.3152  0.3936 
   00517    0.3856   -7847.1353  0.3910 
   00518    0.3912   -7799.2443  0.3962 
   00519    0.3976   -7800.0184  0.3906 
   00520    0.4020   -7819.5294  0.3860 
   00521    0.3928   -7814.5814  0.3751 
   00522    0.4164   -7841.3799  0.3741 
   00523    0.4048   -7809.8620  0.3732 
   00524    0.4060   -7811.2107  0.3678 
   00525    0.3992   -7818.2272  0.3671 
   00526    0.3904   -7804.2136  0.3719 
   00527    0.4128   -7751.7770  0.3721 
   00528    0.4172   -7827.8928  0.3751 
   00529    0.4068   -7877.2325  0.3712 
   00530    0.3920   -7820.0763  0.3735 
   00531    0.4016   -7867.8157  0.3802 
   00532    0.4044   -7847.6492  0.3773 
   00533    0.4128   -7837.3741  0.3785 
   00534    0.3992   -7829.5152  0.3787 
   00535    0.3992   -7796.4838  0.3812 
   00536    0.4068   -7824.4126  0.3761 
   00537    0.4068   -7818.4615  0.3793 
   00538    0.4260   -7809.3961  0.3808 
   00539    0.4088   -7814.4609  0.3735 
   00540    0.3992   -7794.8522  0.3661 
   00541    0.3992   -7787.7176  0.3684 
   00542    0.4092   -7799.4356  0.3662 
   00543    0.4040   -7751.7413  0.3599 
   00544    0.4004   -7762.5319  0.3576 
   00545    0.3972   -7733.6208  0.3635 
   00546    0.4108   -7821.0879  0.3685 
   00547    0.4104   -7835.1730  0.3675 
   00548    0.3832   -7889.6580  0.3744 
   00549    0.4096   -7879.4823  0.3835 
   00550    0.4040   -7900.3499  0.3842 
   00551    0.4116   -7836.8214  0.3868 
   00552    0.3996   -7794.5772  0.3857 
   00553    0.4044   -7797.4057  0.3919 
   00554    0.4032   -7816.3912  0.3924 
   00555    0.4108   -7833.5279  0.3915 
   00556    0.4140   -7807.0558  0.3883 
   00557    0.4080   -7831.7270  0.3851 
   00558    0.4040   -7830.9637  0.3762 
   00559    0.3928   -7885.5440  0.3809 
   00560    0.3824   -7870.6806  0.3785 
   00561    0.4152   -7835.5084  0.3744 
   00562    0.3956   -7839.8450  0.3785 
   00563    0.4144   -7767.6777  0.3801 
   00564    0.4024   -7727.5043  0.3808 
   00565    0.4052   -7704.4240  0.3850 
   00566    0.4004   -7789.4716  0.3841 
   00567    0.3960   -7803.3118  0.3882 
   00568    0.4228   -7768.1306  0.3881 
   00569    0.4096   -7857.8420  0.3795 
   00570    0.4024   -7803.1342  0.3822 
   00571    0.4140   -7841.5683  0.3822 
   00572    0.4136   -7843.7751  0.3767 
   00573    0.4096   -7844.6321  0.3788 
   00574    0.4072   -7863.8376  0.3796 
   00575    0.4040   -7830.7344  0.3672 
   00576    0.4112   -7758.7651  0.3660 
   00577    0.4216   -7761.6763  0.3586 
   00578    0.4052   -7764.4776  0.3621 
   00579    0.4040   -7835.6647  0.3604 
   00580    0.4144   -7795.1105  0.3643 
   00581    0.4036   -7812.2039  0.3657 
   00582    0.4072   -7823.9215  0.3639 
   00583    0.4016   -7790.9288  0.3635 
   00584    0.4080   -7791.3771  0.3653 
   00585    0.4136   -7750.4826  0.3690 
   00586    0.3960   -7731.8758  0.3669 
   00587    0.4136   -7748.8540  0.3620 
   00588    0.4108   -7753.2935  0.3708 
   00589    0.3988   -7815.7694  0.3665 
   00590    0.4124   -7847.0821  0.3695 
   00591    0.4000   -7826.5718  0.3708 
   00592    0.4032   -7824.8037  0.3747 
   00593    0.3864   -7844.8017  0.3798 
   00594    0.4128   -7882.2180  0.3701 
   00595    0.4148   -7833.8539  0.3760 
   00596    0.4128   -7834.0611  0.3760 
   00597    0.3968   -7863.6371  0.3697 
   00598    0.4040   -7818.5958  0.3657 
   00599    0.4128   -7808.2010  0.3648 
   00600    0.4200   -7828.0068  0.3599 
   00601    0.4108   -7858.8438  0.3732 
   00602    0.4264   -7808.6903  0.3663 
   00603    0.3936   -7844.2391  0.3682 
   00604    0.4016   -7822.3164  0.3711 
   00605    0.4140   -7805.9808  0.3683 
   00606    0.3956   -7781.9937  0.3721 
   00607    0.4152   -7837.7392  0.3694 
   00608    0.4176   -7816.9468  0.3726 
   00609    0.3868   -7860.7548  0.3724 
   00610    0.3912   -7832.3083  0.3707 
   00611    0.3960   -7856.9851  0.3711 
   00612    0.4072   -7899.9580  0.3654 
   00613    0.3972   -7878.5548  0.3673 
   00614    0.3956   -7888.5408  0.3676 
   00615    0.3900   -7923.4847  0.3681 
   00616    0.3968   -7933.6590  0.3634 
   00617    0.3924   -7928.9914  0.3572 
   00618    0.3924   -7903.4244  0.3540 
   00619    0.3856   -7921.4854  0.3551 
   00620    0.4124   -7918.2844  0.3545 
   00621    0.3976   -7828.5648  0.3507 
   00622    0.4120   -7824.1987  0.3598 
   00623    0.4180   -7800.6976  0.3533 
   00624    0.3980   -7790.0974  0.3527 
   00625    0.4168   -7841.2665  0.3551 
   00626    0.4008   -7819.1829  0.3510 
   00627    0.4104   -7853.6886  0.3506 
   00628    0.4008   -7865.5392  0.3463 
   00629    0.3976   -7846.9838  0.3458 
   00630    0.3984   -7817.5417  0.3456 
   00631    0.4084   -7859.6223  0.3468 
   00632    0.3924   -7825.2394  0.3438 
   00633    0.4004   -7823.7231  0.3455 
   00634    0.4044   -7867.1569  0.3427 
   00635    0.4100   -7863.2392  0.3511 
   00636    0.4016   -7903.2409  0.3524 
   00637    0.3876   -7857.9428  0.3495 
   00638    0.3884   -7832.7515  0.3514 
   00639    0.3872   -7843.5697  0.3460 
   00640    0.4056   -7799.5617  0.3462 
   00641    0.4080   -7793.8421  0.3497 
   00642    0.3952   -7808.1830  0.3484 
   00643    0.3888   -7812.3942  0.3436 
   00644    0.4188   -7753.0015  0.3313 
   00645    0.4248   -7751.1820  0.3371 
   00646    0.4076   -7757.6655  0.3333 
   00647    0.4148   -7808.6110  0.3383 
   00648    0.4220   -7770.1038  0.3467 
   00649    0.4092   -7766.3075  0.3432 
   00650    0.3996   -7820.1458  0.3461 
   00651    0.4088   -7843.4991  0.3441 
   00652    0.3984   -7825.4052  0.3444 
   00653    0.4220   -7861.8018  0.3529 
   00654    0.3996   -7834.3850  0.3517 
   00655    0.4068   -7796.0891  0.3492 
   00656    0.3992   -7789.4086  0.3493 
   00657    0.3908   -7772.6600  0.3529 
   00658    0.4112   -7754.0635  0.3566 
   00659    0.4032   -7775.1981  0.3595 
   00660    0.4140   -7753.5345  0.3521 
   00661    0.4084   -7737.6765  0.3431 
   00662    0.4136   -7778.4165  0.3467 
   00663    0.4132   -7767.9539  0.3510 
   00664    0.4056   -7758.3012  0.3515 
   00665    0.3892   -7803.5542  0.3557 
   00666    0.3940   -7769.4525  0.3545 
   00667    0.3980   -7809.7792  0.3506 
   00668    0.4100   -7777.4491  0.3498 
   00669    0.3976   -7782.8429  0.3477 
   00670    0.3964   -7838.6548  0.3467 
   00671    0.4008   -7780.1238  0.3473 
   00672    0.3996   -7820.5261  0.3510 
   00673    0.3988   -7801.2685  0.3457 
   00674    0.3980   -7701.8051  0.3403 
   00675    0.3992   -7711.3272  0.3466 
   00676    0.4100   -7745.7800  0.3483 
   00677    0.4016   -7747.1801  0.3469 
   00678    0.4188   -7722.1024  0.3498 
   00679    0.4040   -7748.9052  0.3472 
   00680    0.4164   -7743.7632  0.3465 
   00681    0.4248   -7739.6996  0.3474 
   00682    0.4256   -7775.7834  0.3462 
   00683    0.4112   -7804.8563  0.3458 
   00684    0.3980   -7836.6086  0.3349 
   00685    0.4016   -7789.3718  0.3319 
   00686    0.4004   -7761.9413  0.3297 
   00687    0.4236   -7807.1301  0.3327 
   00688    0.4028   -7810.3387  0.3348 
   00689    0.3968   -7834.6471  0.3291 
   00690    0.3932   -7866.3254  0.3278 
   00691    0.3904   -7884.7070  0.3342 
   00692    0.3904   -7811.1320  0.3309 
   00693    0.4180   -7844.1237  0.3308 
   00694    0.3960   -7854.7219  0.3334 
   00695    0.4148   -7856.9412  0.3298 
   00696    0.4140   -7815.7437  0.3303 
   00697    0.4004   -7833.7311  0.3225 
   00698    0.4084   -7866.3687  0.3209 
   00699    0.3952   -7785.9305  0.3141 
   00700    0.3976   -7752.6378  0.3179 
   00701    0.3984   -7828.7928  0.3185 
   00702    0.4048   -7796.2426  0.3144 
   00703    0.4036   -7796.3882  0.3172 
   00704    0.3876   -7768.1515  0.3171 
   00705    0.4000   -7718.1320  0.3199 
   00706    0.3992   -7744.6450  0.3125 
   00707    0.4092   -7788.5554  0.3089 
   00708    0.4076   -7832.3716  0.3093 
   00709    0.4128   -7766.8656  0.3038 
   00710    0.4172   -7767.2330  0.3060 
   00711    0.4268   -7774.5163  0.3074 
   00712    0.3908   -7717.6332  0.3099 
   00713    0.4132   -7786.9649  0.3184 
   00714    0.4032   -7799.3559  0.3204 
   00715    0.4116   -7735.1765  0.3304 
   00716    0.4128   -7749.9326  0.3299 
   00717    0.4188   -7742.5112  0.3273 
   00718    0.4140   -7792.6310  0.3269 
   00719    0.4056   -7841.7467  0.3291 
   00720    0.3976   -7853.4282  0.3267 
   00721    0.3992   -7810.0907  0.3323 
   00722    0.4124   -7831.5151  0.3313 
   00723    0.3872   -7820.1016  0.3271 
   00724    0.4072   -7815.1301  0.3253 
   00725    0.4004   -7790.9029  0.3243 
   00726    0.4280   -7765.5177  0.3164 
   00727    0.4188   -7725.3325  0.3196 
   00728    0.4144   -7746.0593  0.3145 
   00729    0.4180   -7762.8749  0.3154 
   00730    0.4068   -7765.5289  0.3137 
   00731    0.4024   -7838.5337  0.3174 
   00732    0.4020   -7852.5293  0.3213 
   00733    0.3920   -7798.5537  0.3230 
   00734    0.4176   -7726.8822  0.3204 
   00735    0.4168   -7759.7616  0.3208 
   00736    0.4220   -7747.4919  0.3268 
   00737    0.3892   -7724.8114  0.3191 
   00738    0.4060   -7771.3091  0.3254 
   00739    0.3972   -7697.2423  0.3214 
   00740    0.4196   -7665.8987  0.3223 
   00741    0.4032   -7640.1394  0.3268 
   00742    0.4136   -7674.1657  0.3214 
   00743    0.4076   -7635.1426  0.3240 
   00744    0.4092   -7697.4164  0.3163 
   00745    0.4192   -7666.0159  0.3129 
   00746    0.4012   -7683.2928  0.3090 
   00747    0.4248   -7722.5111  0.3063 
   00748    0.4024   -7784.7908  0.3160 
   00749    0.4024   -7772.3592  0.3099 
   00750    0.4168   -7796.1603  0.3058 
   00751    0.4024   -7783.4246  0.3129 
   00752    0.4164   -7783.9725  0.3242 
   00753    0.4100   -7771.2785  0.3232 
   00754    0.4036   -7820.6207  0.3328 
   00755    0.3900   -7818.4688  0.3250 
   00756    0.4132   -7852.6800  0.3287 
   00757    0.3996   -7851.5068  0.3241 
   00758    0.3956   -7846.4754  0.3260 
   00759    0.3948   -7894.6605  0.3208 
   00760    0.4068   -7896.2657  0.3173 
   00761    0.4084   -7893.8920  0.3181 
   00762    0.3856   -7865.9288  0.3249 
   00763    0.4068   -7844.5732  0.3297 
   00764    0.3996   -7820.0190  0.3289 
   00765    0.3944   -7836.6387  0.3317 
   00766    0.3964   -7829.4502  0.3281 
   00767    0.4132   -7833.3633  0.3280 
   00768    0.3960   -7863.8978  0.3327 
   00769    0.4124   -7812.7490  0.3327 
   00770    0.4044   -7839.5434  0.3348 
   00771    0.3936   -7827.0251  0.3370 
   00772    0.3804   -7801.2136  0.3329 
   00773    0.3836   -7848.1414  0.3303 
   00774    0.3996   -7797.1390  0.3339 
   00775    0.4176   -7803.7775  0.3372 
   00776    0.4052   -7807.6695  0.3432 
   00777    0.4224   -7810.7195  0.3448 
   00778    0.4260   -7823.1532  0.3419 
   00779    0.3936   -7858.9211  0.3426 
   00780    0.3936   -7850.0907  0.3383 
   00781    0.3968   -7793.6268  0.3346 
   00782    0.4064   -7817.9917  0.3370 
   00783    0.4152   -7863.2388  0.3435 
   00784    0.3972   -7848.5167  0.3397 
   00785    0.4128   -7846.3658  0.3417 
   00786    0.3984   -7840.4316  0.3364 
   00787    0.3960   -7838.1516  0.3336 
   00788    0.3952   -7840.6478  0.3314 
   00789    0.4004   -7823.0081  0.3279 
   00790    0.4032   -7837.9203  0.3370 
   00791    0.4060   -7847.7996  0.3381 
   00792    0.4016   -7789.1825  0.3356 
   00793    0.3992   -7778.4403  0.3333 
   00794    0.3976   -7836.6269  0.3314 
   00795    0.3940   -7833.1019  0.3341 
   00796    0.3964   -7841.3238  0.3338 
   00797    0.3988   -7878.4733  0.3302 
   00798    0.4060   -7870.4043  0.3279 
   00799    0.4100   -7841.2922  0.3305 
   00800    0.4144   -7882.2525  0.3366 
   00801    0.3828   -7887.6153  0.3319 
   00802    0.4000   -7836.8568  0.3364 
   00803    0.4104   -7803.9809  0.3391 
   00804    0.4012   -7824.2497  0.3442 
   00805    0.4224   -7812.3659  0.3411 
   00806    0.4044   -7816.2067  0.3397 
   00807    0.4160   -7765.9648  0.3398 
   00808    0.4024   -7736.3603  0.3392 
   00809    0.4076   -7732.7429  0.3424 
   00810    0.4188   -7749.8567  0.3470 
   00811    0.4144   -7743.4957  0.3534 
   00812    0.4124   -7767.9141  0.3579 
   00813    0.4024   -7826.6962  0.3601 
   00814    0.4024   -7823.8713  0.3651 
   00815    0.4128   -7737.5575  0.3657 
   00816    0.3960   -7791.2298  0.3738 
   00817    0.4040   -7807.7327  0.3801 
   00818    0.4056   -7830.4575  0.3727 
   00819    0.4176   -7823.4903  0.3733 
   00820    0.3924   -7824.7992  0.3683 
   00821    0.4000   -7813.2775  0.3677 
   00822    0.3780   -7843.7892  0.3610 
   00823    0.3928   -7906.5433  0.3542 
   00824    0.4000   -7881.2884  0.3612 
   00825    0.3996   -7821.4046  0.3633 
   00826    0.4004   -7889.3695  0.3636 
   00827    0.4052   -7894.8244  0.3613 
   00828    0.3928   -7890.3433  0.3590 
   00829    0.4068   -7822.5469  0.3533 
   00830    0.4104   -7848.9280  0.3491 
   00831    0.4176   -7809.8751  0.3438 
   00832    0.4032   -7845.1580  0.3493 
   00833    0.3984   -7846.3956  0.3411 
   00834    0.4024   -7836.0882  0.3389 
   00835    0.4152   -7814.6296  0.3393 
   00836    0.4172   -7789.5680  0.3395 
   00837    0.4180   -7817.7855  0.3381 
   00838    0.3896   -7834.4480  0.3445 
   00839    0.4156   -7821.9223  0.3433 
   00840    0.3916   -7766.7040  0.3417 
   00841    0.3992   -7764.9706  0.3437 
   00842    0.3992   -7697.1726  0.3469 
   00843    0.4148   -7706.8526  0.3573 
   00844    0.4256   -7780.8591  0.3534 
   00845    0.3964   -7843.1107  0.3546 
   00846    0.4188   -7834.3204  0.3515 
   00847    0.4096   -7835.3604  0.3562 
   00848    0.4092   -7846.8277  0.3565 
   00849    0.3964   -7881.5746  0.3487 
   00850    0.3920   -7866.5118  0.3513 
   00851    0.4052   -7883.7885  0.3476 
   00852    0.4032   -7871.6192  0.3480 
   00853    0.4088   -7901.9874  0.3414 
   00854    0.4064   -7895.1917  0.3388 
   00855    0.4060   -7845.3179  0.3364 
   00856    0.4140   -7870.5952  0.3436 
   00857    0.4256   -7869.4810  0.3478 
   00858    0.3948   -7831.4771  0.3408 
   00859    0.4004   -7867.5571  0.3416 
   00860    0.4104   -7842.8384  0.3406 
   00861    0.3976   -7866.8975  0.3449 
   00862    0.3884   -7807.8523  0.3427 
   00863    0.3968   -7793.9332  0.3385 
   00864    0.4132   -7788.9516  0.3273 
   00865    0.3996   -7871.7639  0.3238 
   00866    0.4112   -7920.5551  0.3278 
   00867    0.4136   -7912.1015  0.3274 
   00868    0.4068   -7885.5060  0.3310 
   00869    0.4140   -7848.3328  0.3247 
   00870    0.3932   -7899.9849  0.3311 
   00871    0.3932   -7958.3471  0.3326 
   00872    0.4056   -7973.3870  0.3257 
   00873    0.3996   -7926.7245  0.3280 
   00874    0.3980   -7900.6939  0.3274 
   00875    0.4088   -7884.0431  0.3312 
   00876    0.4100   -7863.1508  0.3380 
   00877    0.4044   -7923.9949  0.3329 
   00878    0.4088   -7889.5697  0.3296 
   00879    0.4064   -7896.6996  0.3279 
   00880    0.3928   -7866.5159  0.3290 
   00881    0.4184   -7929.2170  0.3230 
   00882    0.3904   -7908.6988  0.3222 
   00883    0.3980   -7903.5674  0.3260 
   00884    0.4012   -7951.7318  0.3289 
   00885    0.3956   -7960.5383  0.3250 
   00886    0.3940   -7918.3494  0.3280 
   00887    0.3908   -7851.4311  0.3248 
   00888    0.4148   -7748.7200  0.3281 
   00889    0.4200   -7816.5909  0.3339 
   00890    0.4144   -7833.3284  0.3274 
   00891    0.3912   -7864.1408  0.3292 
   00892    0.3876   -7792.0675  0.3256 
   00893    0.4140   -7864.1300  0.3233 
   00894    0.4164   -7873.4291  0.3292 
   00895    0.3932   -7862.3810  0.3279 
   00896    0.4012   -7864.7030  0.3315 
   00897    0.3896   -7914.7431  0.3314 
   00898    0.3956   -7889.0227  0.3249 
   00899    0.4136   -7812.3320  0.3158 
   00900    0.4000   -7857.4054  0.3165 
   00901    0.4016   -7916.4995  0.3106 
   00902    0.4028   -7877.4411  0.3065 
   00903    0.4064   -7811.0578  0.3033 
   00904    0.4064   -7839.5743  0.3067 
   00905    0.4008   -7864.2101  0.3043 
   00906    0.4084   -7825.0943  0.3051 
   00907    0.4128   -7823.8850  0.3013 
   00908    0.3812   -7813.5075  0.3060 
   00909    0.3956   -7773.5932  0.3038 
   00910    0.4072   -7770.3186  0.3040 
   00911    0.4092   -7835.1810  0.3057 
   00912    0.4040   -7834.5927  0.3059 
   00913    0.4080   -7883.9189  0.3062 
   00914    0.3904   -7942.0438  0.2957 
   00915    0.3864   -7922.7274  0.3027 
   00916    0.4060   -7859.5126  0.3067 
   00917    0.3984   -7799.3260  0.3095 
   00918    0.4000   -7796.8081  0.3054 
   00919    0.4000   -7793.3602  0.3049 
   00920    0.3908   -7800.9663  0.3110 
   00921    0.3996   -7845.8733  0.3092 
   00922    0.3728   -7866.4445  0.3092 
   00923    0.3872   -7833.3340  0.3065 
   00924    0.4036   -7850.2492  0.3059 
   00925    0.4136   -7856.4240  0.3020 
   00926    0.3916   -7853.1094  0.3084 
   00927    0.4116   -7822.8933  0.3131 
   00928    0.4036   -7787.8014  0.3057 
   00929    0.4080   -7846.3124  0.3083 
   00930    0.3868   -7849.0990  0.3168 
   00931    0.4048   -7833.4808  0.3133 
   00932    0.3972   -7826.9334  0.3155 
   00933    0.3920   -7792.3622  0.3174 
   00934    0.4016   -7795.6709  0.3198 
   00935    0.4032   -7740.0967  0.3165 
   00936    0.4104   -7810.1634  0.3204 
   00937    0.4200   -7806.7636  0.3174 
   00938    0.3948   -7828.1990  0.3255 
   00939    0.4116   -7796.0897  0.3279 
   00940    0.4056   -7800.3887  0.3338 
   00941    0.4136   -7840.6331  0.3360 
   00942    0.4036   -7866.0678  0.3402 
   00943    0.4080   -7845.3924  0.3350 
   00944    0.4204   -7801.7016  0.3384 
   00945    0.4088   -7840.4146  0.3393 
   00946    0.4064   -7806.8056  0.3456 
   00947    0.4116   -7823.7341  0.3517 
   00948    0.4152   -7850.3848  0.3508 
   00949    0.3952   -7906.0999  0.3593 
   00950    0.4040   -7836.5471  0.3615 
   00951    0.4184   -7886.6081  0.3581 
   00952    0.3996   -7878.8048  0.3479 
   00953    0.4112   -7808.5189  0.3387 
   00954    0.4092   -7824.6984  0.3411 
   00955    0.4088   -7755.5206  0.3385 
   00956    0.4072   -7778.7878  0.3476 
   00957    0.3984   -7765.4139  0.3470 
   00958    0.4108   -7797.8897  0.3433 
   00959    0.4116   -7821.4644  0.3454 
   00960    0.3952   -7813.9652  0.3493 
   00961    0.4144   -7758.3938  0.3530 
   00962    0.4008   -7741.9303  0.3467 
   00963    0.4320   -7705.4091  0.3579 
   00964    0.4104   -7704.8016  0.3508 
   00965    0.4116   -7772.4886  0.3453 
   00966    0.4132   -7794.8793  0.3437 
   00967    0.4236   -7835.6544  0.3534 
   00968    0.3932   -7848.1890  0.3497 
   00969    0.4028   -7818.6253  0.3443 
   00970    0.4080   -7836.6138  0.3490 
   00971    0.4064   -7841.9719  0.3523 
   00972    0.3956   -7837.7955  0.3513 
   00973    0.3992   -7845.4092  0.3590 
   00974    0.3940   -7822.7566  0.3500 
   00975    0.4044   -7867.1409  0.3535 
   00976    0.4012   -7874.3669  0.3551 
   00977    0.4248   -7807.9703  0.3550 
   00978    0.4256   -7840.8251  0.3539 
   00979    0.4208   -7848.0878  0.3496 
   00980    0.3984   -7841.8017  0.3443 
   00981    0.3952   -7803.6308  0.3423 
   00982    0.4344   -7800.1621  0.3374 
   00983    0.4168   -7813.1209  0.3359 
   00984    0.4120   -7837.4946  0.3423 
   00985    0.4196   -7826.4066  0.3423 
   00986    0.3944   -7786.1011  0.3410 
   00987    0.4320   -7822.4960  0.3404 
   00988    0.4112   -7868.0235  0.3417 
   00989    0.4216   -7820.2068  0.3454 
   00990    0.4140   -7822.4315  0.3462 
   00991    0.4056   -7833.9265  0.3410 
   00992    0.4000   -7845.6873  0.3420 
   00993    0.4016   -7879.8483  0.3413 
   00994    0.4028   -7856.0610  0.3380 
   00995    0.4236   -7889.3176  0.3427 
   00996    0.3972   -7893.7137  0.3417 
   00997    0.3988   -7876.8729  0.3409 
   00998    0.4152   -7885.5026  0.3396 
   00999    0.4036   -7886.4150  0.3397 
   01000    0.3932   -7950.5219  0.3405 
