#=====================================================
# File created:        Mon-11-Mar-2024-at-08-06-06AM
# Size of lattice:     50x50
# Number of MC steps:  1000
# Reduced temperature: 0.650
# Run time (s):        12.927821
#=====================================================
# MC step:  Ratio:     Energy:   Order:
#=====================================================
   00000    0.5000   -2542.9690  0.2594 
   00001    0.6728   -3797.9138  0.2520 
   00002    0.6032   -4491.8033  0.2626 
   00003    0.5852   -4920.2464  0.2630 
   00004    0.5536   -5366.8533  0.2710 
   00005    0.5056   -5690.8348  0.2844 
   00006    0.5092   -5929.2225  0.2931 
   00007    0.5136   -6031.9832  0.2931 
   00008    0.5016   -6150.7936  0.2919 
   00009    0.4940   -6327.8872  0.2962 
   00010    0.4884   -6413.9591  0.3044 
   00011    0.4664   -6526.6339  0.3129 
   00012    0.4684   -6617.8069  0.3154 
   00013    0.4660   -6667.1254  0.3162 
   00014    0.4880   -6709.5995  0.3306 
   00015    0.4760   -6772.2307  0.3327 
   00016    0.4628   -6824.8621  0.3440 
   00017    0.4432   -6921.9118  0.3449 
   00018    0.4368   -6980.0060  0.3533 
   00019    0.4384   -6987.2521  0.3529 
   00020    0.4368   -7087.3748  0.3662 
   00021    0.4508   -7133.5487  0.3714 
   00022    0.4304   -7138.1607  0.3668 
   00023    0.4280   -7238.7792  0.3731 
   00024    0.4332   -7298.4235  0.3832 
   00025    0.4252   -7327.8448  0.3842 
   00026    0.4256   -7338.4326  0.3954 
   00027    0.4532   -7366.2756  0.4016 
   00028    0.4264   -7355.0359  0.4019 
   00029    0.4180   -7345.5889  0.3980 
   00030    0.4440   -7386.0002  0.4000 
   00031    0.4240   -7424.1021  0.4060 
   00032    0.4364   -7425.9897  0.4054 
   00033    0.4352   -7479.1914  0.4111 
   00034    0.4340   -7456.1457  0.4131 
   00035    0.4296   -7507.6967  0.4125 
   00036    0.4244   -7495.3812  0.4124 
   00037    0.4400   -7444.9769  0.4162 
   00038    0.4156   -7465.5615  0.4130 
   00039    0.4116   -7527.5030  0.4170 
   00040    0.4420   -7504.4537  0.4183 
   00041    0.4192   -7500.5940  0.4222 
   00042    0.4200   -7497.2509  0.4246 
   00043    0.4272   -7600.8032  0.4371 
   00044    0.4288   -7633.4612  0.4375 
   00045    0.4180   -7636.1944  0.4365 
   00046    0.4156   -7640.8861  0.4374 
   00047    0.4248   -7660.7641  0.4371 
   00048    0.4392   -7684.1465  0.4352 
   00049    0.4100   -7612.8890  0.4359 
   00050    0.4240   -7568.8080  0.4389 
   00051    0.4112   -7597.4328  0.4425 
   00052    0.4328   -7622.6166  0.4478 
   00053    0.4232   -7606.8269  0.4565 
   00054    0.4108   -7584.7280  0.4507 
   00055    0.4248   -7628.2097  0.4574 
   00056    0.4232   -7662.2176  0.4574 
   00057    0.4196   -7654.2413  0.4639 
   00058    0.4108   -7648.6104  0.4684 
   00059    0.4104   -7656.7744  0.4704 
   00060    0.4212   -7638.6843  0.4696 
   00061    0.4056   -7681.5644  0.4797 
   00062    0.4088   -7705.8861  0.4756 
   00063    0.4236   -7704.0666  0.4881 
   00064    0.4040   -7729.8027  0.4872 
   00065    0.4248   -7690.9214  0.4853 
   00066    0.4152   -7764.7910  0.4929 
   00067    0.4008   -7774.9146  0.5009 
   00068    0.3976   -7812.1458  0.4992 
   00069    0.4076   -7801.4645  0.5014 
   00070    0.4088   -7731.5731  0.5016 
   00071    0.4016   -7717.1890  0.4988 
   00072    0.4156   -7698.1017  0.4993 
   00073    0.4112   -7720.4799  0.4981 
   00074    0.4288   -7766.0961  0.4955 
   00075    0.4072   -7780.3694  0.4986 
   00076    0.3952   -7809.3503  0.5054 
   00077    0.4004   -7848.7325  0.5046 
   00078    0.3984   -7880.0022  0.5017 
   00079    0.4132   -7871.3837  0.5065 
   00080    0.3996   -7824.7294  0.5068 
   00081    0.4164   -7897.5353  0.5094 
   00082    0.4004   -7853.2525  0.5065 
   00083    0.4052   -7812.6002  0.5032 
   00084    0.4220   -7830.0628  0.5093 
   00085    0.3868   -7835.2603  0.5084 
   00086    0.4172   -7805.9428  0.5079 
   00087    0.4180   -7727.3338  0.5153 
   00088    0.4000   -7817.9168  0.5156 
   00089    0.4176   -7822.4266  0.5175 
   00090    0.4068   -7820.9986  0.5162 
   00091    0.4056   -7804.3907  0.5210 
   00092    0.4156   -7774.6010  0.5165 
   00093    0.4272   -7797.7493  0.5219 
   00094    0.4112   -7808.5788  0.5188 
   00095    0.4240   -7900.9871  0.5192 
   00096    0.4076   -7890.5669  0.5233 
   00097    0.4100   -7867.7355  0.5253 
   00098    0.4080   -7877.2152  0.5296 
   00099    0.4108   -7874.1328  0.5318 
   00100    0.4048   -7839.0824  0.5292 
   00101    0.4048   -7900.9912  0.5326 
   00102    0.4056   -7864.6395  0.5387 
   00103    0.4056   -7788.8474  0.5355 
   00104    0.3856   -7786.3705  0.5384 
   00105    0.4080   -7758.8644  0.5376 
   00106    0.3956   -7799.5755  0.5326 
   00107    0.4116   -7829.2039  0.5249 
   00108    0.4052   -7809.3151  0.5233 
   00109    0.3980   -7802.3361  0.5215 
   00110    0.4172   -7817.6989  0.5260 
   00111    0.3984   -7805.1089  0.5350 
   00112    0.4152   -7864.1373  0.5352 
   00113    0.4120   -7877.8039  0.5352 
   00114    0.4120   -7830.6766  0.5322 
   00115    0.4136   -7806.3100  0.5300 
   00116    0.4128   -7849.2450  0.5332 
   00117    0.4060   -7836.2979  0.5348 
   00118    0.4016   -7864.2903  0.5337 
   00119    0.4076   -7805.6247  0.5342 
   00120    0.4140   -7742.0045  0.5355 
   00121    0.4044   -7819.0744  0.5404 
   00122    0.3968   -7861.3851  0.5434 
   00123    0.3992   -7802.7994  0.5427 
   00124    0.4288   -7789.5659  0.5406 
   00125    0.4104   -7815.2012  0.5409 
   00126    0.4256   -7842.6807  0.5426 
   00127    0.4036   -7854.9017  0.5429 
   00128    0.4016   -7826.5785  0.5441 
   00129    0.3988   -7794.2745  0.5396 
   00130    0.3996   -7847.7231  0.5379 
   00131    0.4120   -7859.8698  0.5453 
   00132    0.4100   -7889.8893  0.5401 
   00133    0.4052   -7898.0557  0.5398 
   00134    0.4056   -7857.0154  0.5374 
   00135    0.4060   -7837.4540  0.5337 
   00136    0.4044   -7861.2715  0.5405 
   00137    0.4068   -7865.2081  0.5442 
   00138    0.4108   -7801.7423  0.5366 
   00139    0.4272   -7770.5242  0.5400 
   00140    0.3984   -7786.6606  0.5374 
   00141    0.4260   -7792.9344  0.5368 
   00142    0.4032   -7821.3751  0.5388 
   00143    0.4044   -7841.8730  0.5394 
   00144    0.4216   -7866.3145  0.5445 
   00145    0.4152   -7853.7493  0.5405 
   00146    0.4208   -7809.6679  0.5391 
   00147    0.4156   -7815.1729  0.5344 
   00148    0.4092   -7821.9283  0.5339 
   00149    0.4132   -7782.3997  0.5260 
   00150    0.4140   -7734.4796  0.5233 
   00151    0.4200   -7747.1936  0.5213 
   00152    0.4140   -7720.0032  0.5251 
   00153    0.4108   -7797.1972  0.5229 
   00154    0.4092   -7835.6035  0.5201 
   00155    0.4064   -7817.9697  0.5248 
   00156    0.4144   -7771.2074  0.5278 
   00157    0.4048   -7723.5307  0.5269 
   00158    0.4128   -7681.2068  0.5320 
   00159    0.4156   -7713.3412  0.5339 
   00160    0.4108   -7653.2683  0.5258 
   00161    0.4156   -7716.0151  0.5312 
   00162    0.4024   -7766.3719  0.5308 
   00163    0.4148   -7814.4793  0.5409 
   00164    0.4268   -7807.1737  0.5437 
   00165    0.3968   -7852.6192  0.5406 
   00166    0.4104   -7864.5438  0.5408 
   00167    0.4060   -7829.8173  0.5366 
   00168    0.4220   -7828.8021  0.5395 
   00169    0.4108   -7883.4761  0.5581 
   00170    0.4156   -7856.0454  0.5585 
   00171    0.4116   -7944.9349  0.5665 
   00172    0.4000   -7921.6357  0.5570 
   00173    0.4072   -7939.7507  0.5588 
   00174    0.3968   -7868.4887  0.5609 
   00175    0.4112   -7900.3420  0.5676 
   00176    0.4364   -7833.7350  0.5660 
   00177    0.4104   -7836.5764  0.5697 
   00178    0.4244   -7840.3297  0.5695 
   00179    0.4184   -7843.6547  0.5843 
   00180    0.3948   -7795.1727  0.5818 
   00181    0.4160   -7734.8557  0.5740 
   00182    0.3952   -7807.1066  0.5782 
   00183    0.4020   -7823.2345  0.5747 
   00184    0.4048   -7836.6957  0.5765 
   00185    0.4232   -7899.1080  0.5812 
   00186    0.4012   -7910.3911  0.5800 
   00187    0.4048   -7927.6217  0.5792 
   00188    0.3972   -7887.0107  0.5720 
   00189    0.4032   -7882.8225  0.5746 
   00190    0.4040   -7888.4010  0.5712 
   00191    0.3956   -7906.9311  0.5739 
   00192    0.3968   -7864.0184  0.5663 
   00193    0.4192   -7877.1774  0.5633 
   00194    0.4056   -7929.9862  0.5694 
   00195    0.3948   -7907.8907  0.5787 
   00196    0.4216   -7815.8825  0.5766 
   00197    0.4040   -7889.0843  0.5819 
   00198    0.4200   -7884.7721  0.5763 
   00199    0.4024   -7872.4189  0.5714 
   00200    0.4016   -7877.4528  0.5771 
   00201    0.4224   -7919.2213  0.5735 
   00202    0.4048   -7908.4641  0.5719 
   00203    0.3928   -7924.4932  0.5772 
   00204    0.4032   -7961.4334  0.5769 
   00205    0.4072   -7951.6026  0.5676 
   00206    0.4048   -7962.2787  0.5684 
   00207    0.4004   -7946.7980  0.5718 
   00208    0.3976   -7883.9365  0.5701 
   00209    0.3944   -7851.6236  0.5594 
   00210    0.4256   -7829.5782  0.5638 
   00211    0.4092   -7779.5590  0.5705 
   00212    0.4092   -7817.8730  0.5731 
   00213    0.4260   -7854.7547  0.5763 
   00214    0.4108   -7860.1906  0.5730 
   00215    0.4140   -7900.8151  0.5770 
   00216    0.4280   -7897.4397  0.5748 
   00217    0.3872   -7907.1513  0.5848 
   00218    0.4116   -7912.0296  0.5927 
   00219    0.4080   -7935.6290  0.5952 
   00220    0.3984   -7859.3544  0.5901 
   00221    0.4120   -7845.2698  0.5896 
   00222    0.4096   -7904.0731  0.5958 
   00223    0.4052   -7934.0818  0.5972 
   00224    0.3976   -7894.3958  0.6004 
   00225    0.4040   -7926.6944  0.5979 
   00226    0.4128   -7947.5104  0.6017 
   00227    0.4204   -7956.6451  0.5970 
   00228    0.4260   -7933.5393  0.5972 
   00229    0.4012   -7917.9417  0.5994 
   00230    0.3956   -7972.6939  0.5990 
   00231    0.3964   -8004.0519  0.5957 
   00232    0.4012   -7948.4933  0.5884 
   00233    0.4056   -7931.3234  0.5927 
   00234    0.4016   -7926.8055  0.5974 
   00235    0.4032   -7912.7393  0.6000 
   00236    0.3948   -7910.6343  0.5979 
   00237    0.3884   -7919.3184  0.6004 
   00238    0.3964   -7941.9862  0.6000 
   00239    0.4020   -7963.9187  0.6042 
   00240    0.4036   -7928.1774  0.5991 
   00241    0.3980   -7933.0651  0.5936 
   00242    0.3936   -7902.3704  0.5843 
   00243    0.4088   -7854.2877  0.5802 
   00244    0.4056   -7855.1145  0.5764 
   00245    0.3912   -7832.8149  0.5765 
   00246    0.4236   -7867.4166  0.5850 
   00247    0.4028   -7863.9203  0.5892 
   00248    0.4160   -7836.5259  0.5917 
   00249    0.4220   -7862.4300  0.5910 
   00250    0.3988   -7929.3671  0.5860 
   00251    0.4008   -7953.6760  0.5766 
   00252    0.3892   -7993.1475  0.5728 
   00253    0.4016   -7909.4398  0.5692 
   00254    0.3988   -7970.3368  0.5771 
   00255    0.4068   -7946.8329  0.5773 
   00256    0.3984   -7923.0745  0.5792 
   00257    0.4092   -7935.9553  0.5879 
   00258    0.3920   -7943.6179  0.5901 
   00259    0.3948   -7990.7685  0.5902 
   00260    0.4040   -7975.1824  0.5921 
   00261    0.3916   -7981.4004  0.5915 
   00262    0.3876   -8036.7520  0.5880 
   00263    0.4084   -7973.5309  0.5930 
   00264    0.4104   -7922.3771  0.5944 
   00265    0.4028   -7931.6697  0.5942 
   00266    0.4080   -7872.6449  0.5919 
   00267    0.4028   -7875.8512  0.5933 
   00268    0.4068   -7862.4856  0.5863 
   00269    0.4108   -7845.3329  0.5853 
   00270    0.4076   -7864.5363  0.5940 
   00271    0.3932   -7870.3839  0.6005 
   00272    0.4008   -7881.1843  0.5945 
   00273    0.4004   -7918.9264  0.5939 
   00274    0.3964   -7970.1304  0.5945 
   00275    0.3856   -7908.2367  0.5933 
   00276    0.3732   -7901.0903  0.5865 
   00277    0.4144   -7917.2486  0.5898 
   00278    0.4104   -7958.9230  0.5924 
   00279    0.4064   -7919.2308  0.5974 
   00280    0.4168   -7915.7337  0.5985 
   00281    0.4060   -7929.6760  0.5952 
   00282    0.3960   -7928.3495  0.5898 
   00283    0.4040   -7986.9801  0.5875 
   00284    0.4032   -7952.9933  0.5903 
   00285    0.3856   -7946.0074  0.5916 
   00286    0.3992   -7909.2931  0.5896 
   00287    0.4076   -7920.4180  0.5896 
   00288    0.4000   -7917.0884  0.5833 
   00289    0.4196   -7921.3811  0.5861 
   00290    0.3928   -7955.0561  0.5869 
   00291    0.4052   -7856.2767  0.5888 
   00292    0.4076   -7893.4915  0.5988 
   00293    0.3828   -7895.5797  0.6059 
   00294    0.4128   -7868.9720  0.6098 
   00295    0.4100   -7867.8391  0.6048 
   00296    0.4020   -7863.6246  0.6089 
   00297    0.3956   -7901.6750  0.6100 
   00298    0.4072   -7943.8754  0.6099 
   00299    0.4196   -7974.6320  0.6118 
   00300    0.4028   -7984.8369  0.6111 
   00301    0.4072   -7950.1015  0.6113 
   00302    0.4060   -7931.4958  0.6156 
   00303    0.3992   -7877.9886  0.6079 
   00304    0.4160   -7864.2317  0.5983 
   00305    0.4096   -7892.0547  0.5944 
   00306    0.3884   -7966.9203  0.5895 
   00307    0.4120   -7946.4692  0.5857 
   00308    0.4188   -7881.1738  0.5791 
   00309    0.4060   -7878.6338  0.5825 
   00310    0.4052   -7878.0064  0.5861 
   00311    0.3964   -7899.2813  0.5915 
   00312    0.4080   -7927.7102  0.5966 
   00313    0.4028   -7904.1277  0.5950 
   00314    0.3936   -7864.6806  0.5866 
   00315    0.3912   -7920.3850  0.5905 
   00316    0.4040   -7943.9169  0.5939 
   00317    0.4060   -7973.2526  0.5920 
   00318    0.4004   -8053.6010  0.5972 
   00319    0.3916   -8030.9352  0.5962 
   00320    0.3888   -7948.7533  0.5978 
   00321    0.3920   -7911.8578  0.5990 
   00322    0.3948   -7952.9933  0.5996 
   00323    0.4084   -7949.9989  0.5947 
   00324    0.4088   -7934.9022  0.5964 
   00325    0.3980   -7857.2574  0.5920 
   00326    0.4120   -7857.0634  0.5939 
   00327    0.4116   -7820.6658  0.5960 
   00328    0.3920   -7848.5973  0.5952 
   00329    0.4168   -7868.8270  0.5885 
   00330    0.3928   -7898.6558  0.5955 
   00331    0.3908   -7904.6556  0.5968 
   00332    0.4012   -7969.8235  0.6057 
   00333    0.4004   -7918.9965  0.6073 
   00334    0.4092   -7939.6553  0.6084 
   00335    0.3924   -7875.4358  0.6031 
   00336    0.4052   -7849.7530  0.6037 
   00337    0.4044   -7907.7714  0.6100 
   00338    0.3972   -7928.6134  0.6174 
   00339    0.4304   -7886.3682  0.6135 
   00340    0.4084   -7869.5560  0.6192 
   00341    0.3996   -7902.2919  0.6203 
   00342    0.3872   -7928.5076  0.6160 
   00343    0.4132   -7924.5608  0.6158 
   00344    0.4156   -7939.5390  0.6251 
   00345    0.4044   -7882.3720  0.6273 
   00346    0.4168   -7956.3279  0.6350 
   00347    0.4100   -7968.9224  0.6324 
   00348    0.4020   -7962.2207  0.6304 
   00349    0.4004   -7894.2932  0.6262 
   00350    0.3940   -7845.5595  0.6245 
   00351    0.4028   -7848.7700  0.6160 
   00352    0.3972   -7915.0872  0.6132 
   00353    0.4068   -7875.6668  0.6053 
   00354    0.3996   -7889.8025  0.6099 
   00355    0.4124   -7883.3831  0.6161 
   00356    0.4172   -7881.0548  0.6141 
   00357    0.4248   -7896.3610  0.6178 
   00358    0.4100   -7894.0559  0.6239 
   00359    0.3996   -7939.0071  0.6254 
   00360    0.4024   -7985.6959  0.6327 
   00361    0.4232   -7997.0225  0.6289 
   00362    0.4060   -7987.9050  0.6321 
   00363    0.3956   -7955.7252  0.6264 
   00364    0.4100   -7978.5599  0.6275 
   00365    0.4036   -8030.2232  0.6291 
   00366    0.3992   -8064.0992  0.6325 
   00367    0.3896   -8069.7894  0.6444 
   00368    0.3944   -8070.7786  0.6369 
   00369    0.3884   -8053.8285  0.6415 
   00370    0.3900   -8051.9382  0.6394 
   00371    0.4156   -8042.1701  0.6348 
   00372    0.3912   -8050.8965  0.6312 
   00373    0.4144   -8007.1035  0.6286 
   00374    0.4156   -8036.6713  0.6326 
   00375    0.3832   -8038.0113  0.6282 
   00376    0.4040   -8025.1330  0.6287 
   00377    0.4084   -8005.0804  0.6318 
   00378    0.4016   -7989.7199  0.6268 
   00379    0.3704   -7927.1779  0.6251 
   00380    0.4196   -8001.6705  0.6278 
   00381    0.4044   -7990.7374  0.6293 
   00382    0.3996   -8017.3115  0.6236 
   00383    0.4012   -7990.8647  0.6200 
   00384    0.3912   -8046.6086  0.6218 
   00385    0.4076   -7988.0856  0.6169 
   00386    0.3740   -8015.5195  0.6142 
   00387    0.4020   -8003.2810  0.6109 
   00388    0.3908   -7951.6201  0.6085 
   00389    0.4136   -7926.2397  0.6010 
   00390    0.3988   -7923.1879  0.6038 
   00391    0.4152   -7942.8215  0.6091 
   00392    0.3968   -7921.3877  0.6054 
   00393    0.4132   -7947.7271  0.6035 
   00394    0.4000   -7931.1551  0.5967 
   00395    0.4080   -7963.5351  0.5922 
   00396    0.4016   -7928.6517  0.5920 
   00397    0.4020   -7946.7837  0.5903 
   00398    0.4076   -7941.1011  0.5911 
   00399    0.4084   -7889.3558  0.5858 
   00400    0.4088   -7840.0934  0.5866 
   00401    0.3972   -7852.2207  0.5944 
   00402    0.4048   -7857.5915  0.5860 
   00403    0.4064   -7905.7510  0.5980 
   00404    0.3976   -7914.5940  0.5948 
   00405    0.4056   -7865.4869  0.5950 
   00406    0.4148   -7861.9301  0.5902 
   00407    0.4048   -7887.7717  0.5910 
   00408    0.4196   -7941.2802  0.5895 
   00409    0.3920   -7949.2394  0.5872 
   00410    0.4148   -7936.1111  0.5864 
   00411    0.4188   -7928.8546  0.5875 
   00412    0.4108   -7943.6790  0.5888 
   00413    0.3992   -7922.5936  0.5858 
   00414    0.4056   -7900.7461  0.5850 
   00415    0.4120   -7901.0365  0.5884 
   00416    0.3972   -7897.1585  0.5904 
   00417    0.4080   -7911.8343  0.5893 
   00418    0.3912   -7914.3326  0.5861 
   00419    0.4076   -7902.9634  0.5854 
   00420    0.4056   -7878.7216  0.5843 
   00421    0.3932   -7904.5910  0.5849 
   00422    0.4024   -7953.1968  0.5894 
   00423    0.3996   -7936.0914  0.5945 
   00424    0.4200   -7908.1120  0.5881 
   00425    0.3936   -7836.2831  0.5778 
   00426    0.3868   -7892.5422  0.5845 
   00427    0.4124   -7955.2649  0.5913 
   00428    0.3872   -7937.2730  0.5903 
   00429    0.4060   -7889.1969  0.5829 
   00430    0.4080   -7923.8702  0.5804 
   00431    0.4100   -7906.2909  0.5839 
   00432    0.3964   -7965.2376  0.5847 
   00433    0.3832   -7964.3890  0.5847 
   00434    0.3756   -7900.5452  0.5828 
   00435    0.3984   -7895.9543  0.5751 
   00436    0.3964   -7947.5832  0.5802 
   00437    0.3908   -7921.6142  0.5798 
   00438    0.3952   -7930.7977  0.5852 
   00439    0.3996   -7936.9451  0.5810 
   00440    0.4016   -7907.2702  0.5752 
   00441    0.3872   -7956.9088  0.5846 
   00442    0.3984   -7940.0056  0.5852 
   00443    0.3816   -7874.2074  0.5841 
   00444    0.4092   -7879.7007  0.5817 
   00445    0.4132   -7876.9960  0.5837 
   00446    0.4012   -7867.4926  0.5814 
   00447    0.4076   -7888.2101  0.5840 
   00448    0.4108   -7918.8373  0.5888 
   00449    0.4084   -7914.0167  0.5935 
   00450    0.4120   -7950.3654  0.5979 
   00451    0.4076   -7905.6468  0.6021 
   00452    0.3900   -7907.0158  0.6038 
   00453    0.4176   -7944.6176  0.6027 
   00454    0.4036   -7943.5571  0.5961 
   00455    0.4152   -7914.4568  0.5855 
   00456    0.3796   -7863.5868  0.5800 
   00457    0.3972   -7910.9490  0.5887 
   00458    0.3840   -7934.1170  0.5902 
   00459    0.4160   -7994.8006  0.5983 
   00460    0.4080   -7932.8959  0.5972 
   00461    0.4108   -7955.7655  0.5891 
   00462    0.3920   -7963.0137  0.5949 
   00463    0.3888   -7919.0014  0.5997 
   00464    0.3988   -7876.4428  0.5954 
   00465    0.4008   -7881.4973  0.6020 
   00466    0.4060   -7847.9645  0.6045 
   00467    0.3984   -7845.6243  0.6012 
   00468    0.4012   -7838.4631  0.5961 
   00469    0.4044   -7833.7630  0.6032 
   00470    0.3920   -7831.3144  0.6048 
   00471    0.3740   -7859.0270  0.6054 
   00472    0.4276   -7818.4174  0.6091 
   00473    0.4068   -7884.8223  0.6111 
   00474    0.4016   -7925.5468  0.6086 
   00475    0.3952   -7890.0722  0.6047 
   00476    0.3972   -7877.5697  0.6028 
   00477    0.3884   -7910.8473  0.6022 
   00478    0.4088   -7936.1046  0.6022 
   00479    0.4120   -7954.8071  0.6098 
   00480    0.3912   -7933.5558  0.6095 
   00481    0.4052   -7981.2261  0.6088 
   00482    0.3824   -7953.9651  0.6173 
   00483    0.3992   -7980.6160  0.6206 
   00484    0.4076   -7975.9804  0.6169 
   00485    0.3828   -7978.9389  0.6172 
   00486    0.3940   -7973.9762  0.6135 
   00487    0.4164   -8015.5649  0.6135 
   00488    0.3972   -7982.7668  0.6108 
   00489    0.4000   -7971.1383  0.6122 
   00490    0.4024   -7916.7334  0.6069 
   00491    0.4152   -7898.9511  0.6023 
   00492    0.4180   -7935.2567  0.6050 
   00493    0.3920   -7876.7823  0.6049 
   00494    0.4128   -7826.1832  0.6041 
   00495    0.4096   -7852.6579  0.6035 
   00496    0.4048   -7794.6038  0.5985 
   00497    0.4040   -7822.3586  0.5902 
   00498    0.4084   -7793.3293  0.5922 
   00499    0.3876   -7825.5750  0.5941 
   00500    0.4244   -7768.2938  0.5940 
   00501    0.3972   -7796.4884  0.5921 
   00502    0.4068   -7800.0341  0.5914 
   00503    0.4048   -7850.2655  0.5951 
   00504    0.4016   -7780.7573  0.5975 
   00505    0.3936   -7778.5561  0.5877 
   00506    0.4088   -7826.7912  0.5887 
   00507    0.3988   -7867.1958  0.5907 
   00508    0.4096   -7908.2471  0.5969 
   00509    0.4148   -7929.0785  0.6003 
   00510    0.3900   -7957.9560  0.6039 
   00511    0.4056   -7942.6540  0.6037 
   00512    0.3920   -7890.2024  0.6016 
   00513    0.4188   -7917.7632  0.6031 
   00514    0.3976   -7921.5972  0.6041 
   00515    0.3988   -7938.1909  0.6038 
   00516    0.3916   -7908.6083  0.6064 
   00517    0.4112   -7935.7762  0.6120 
   00518    0.4192   -7958.4516  0.6071 
   00519    0.4200   -7976.2953  0.6139 
   00520    0.4160   -7923.2490  0.6047 
   00521    0.4056   -7917.6279  0.5997 
   00522    0.3844   -7977.4808  0.6106 
   00523    0.4036   -7949.0048  0.6083 
   00524    0.4124   -7971.8762  0.6066 
   00525    0.3948   -7945.3463  0.6060 
   00526    0.4076   -7932.9253  0.6007 
   00527    0.3752   -7939.6317  0.5993 
   00528    0.4256   -7847.6654  0.5956 
   00529    0.4144   -7844.4705  0.5861 
   00530    0.4000   -7975.4290  0.5987 
   00531    0.3952   -7931.0188  0.5966 
   00532    0.3944   -7956.7365  0.6039 
   00533    0.3884   -7944.1740  0.5986 
   00534    0.3972   -7892.7587  0.5993 
   00535    0.4124   -7966.8093  0.6001 
   00536    0.4068   -8012.5058  0.6033 
   00537    0.3768   -8057.7567  0.6042 
   00538    0.3976   -8103.4297  0.6098 
   00539    0.3992   -8067.1590  0.6113 
   00540    0.3868   -8043.8366  0.6044 
   00541    0.3876   -8034.6640  0.6087 
   00542    0.3964   -8005.4062  0.6019 
   00543    0.4188   -8016.7953  0.6047 
   00544    0.4048   -8013.8140  0.6111 
   00545    0.4052   -7996.9676  0.6061 
   00546    0.4008   -8004.5752  0.6090 
   00547    0.3924   -7958.1895  0.6031 
   00548    0.4004   -7995.6321  0.6010 
   00549    0.3988   -7968.8088  0.5969 
   00550    0.3860   -7949.3544  0.5990 
   00551    0.3956   -7984.7101  0.5995 
   00552    0.3888   -8002.3869  0.6002 
   00553    0.3852   -8039.8341  0.6090 
   00554    0.4012   -8062.6612  0.6105 
   00555    0.3812   -8043.7454  0.6161 
   00556    0.3880   -8119.3752  0.6224 
   00557    0.3920   -8070.5421  0.6215 
   00558    0.3900   -8064.0047  0.6264 
   00559    0.4080   -7998.6157  0.6202 
   00560    0.3976   -8006.6296  0.6231 
   00561    0.4104   -8043.1412  0.6304 
   00562    0.3972   -7959.9777  0.6254 
   00563    0.4084   -7940.6124  0.6240 
   00564    0.4112   -7945.5968  0.6274 
   00565    0.3988   -7946.7573  0.6270 
   00566    0.4028   -7902.6599  0.6265 
   00567    0.4072   -7977.6141  0.6301 
   00568    0.3900   -7914.6698  0.6255 
   00569    0.3920   -7971.7161  0.6319 
   00570    0.3936   -7973.6474  0.6342 
   00571    0.4004   -7983.7826  0.6317 
   00572    0.4052   -7971.1969  0.6344 
   00573    0.3940   -8045.4571  0.6399 
   00574    0.3916   -8133.3406  0.6463 
   00575    0.4044   -8130.9458  0.6510 
   00576    0.3860   -8070.8476  0.6464 
   00577    0.4184   -8059.7648  0.6522 
   00578    0.4032   -8067.5768  0.6615 
   00579    0.4060   -8041.8609  0.6586 
   00580    0.3992   -8005.4489  0.6591 
   00581    0.4096   -7994.7587  0.6607 
   00582    0.4012   -8020.7330  0.6608 
   00583    0.3920   -8050.8237  0.6679 
   00584    0.4192   -8034.9504  0.6680 
   00585    0.3832   -8034.0583  0.6721 
   00586    0.4184   -8026.6730  0.6719 
   00587    0.4076   -8000.9165  0.6637 
   00588    0.4056   -7981.0796  0.6619 
   00589    0.4032   -7948.1990  0.6705 
   00590    0.4132   -7968.2541  0.6668 
   00591    0.3872   -8029.1689  0.6789 
   00592    0.3768   -8057.8176  0.6758 
   00593    0.4064   -8021.9568  0.6774 
   00594    0.4088   -7977.3165  0.6752 
   00595    0.3928   -7964.3351  0.6813 
   00596    0.4076   -8116.6489  0.6890 
   00597    0.3924   -8114.5578  0.6948 
   00598    0.4000   -8079.8437  0.6931 
   00599    0.3960   -8081.6493  0.6957 
   00600    0.4020   -8050.3937  0.6985 
   00601    0.3960   -8019.2871  0.6992 
   00602    0.3996   -7985.5849  0.6976 
   00603    0.4160   -7992.1546  0.7003 
   00604    0.4004   -8007.6826  0.7012 
   00605    0.4048   -7978.8515  0.6988 
   00606    0.3928   -7947.6308  0.7065 
   00607    0.4148   -7976.2921  0.7100 
   00608    0.4280   -8008.8784  0.7105 
   00609    0.4016   -7991.8186  0.7124 
   00610    0.3968   -7951.1261  0.7046 
   00611    0.4244   -7999.1032  0.7095 
   00612    0.4040   -8007.6837  0.7072 
   00613    0.3880   -8014.0801  0.7033 
   00614    0.3920   -8039.2896  0.7062 
   00615    0.3932   -8001.4149  0.7041 
   00616    0.3956   -8014.1291  0.7030 
   00617    0.3944   -7980.7163  0.7018 
   00618    0.4084   -7982.4647  0.7064 
   00619    0.3952   -7987.1730  0.7055 
   00620    0.3868   -7976.6499  0.7041 
   00621    0.3940   -7946.4496  0.7128 
   00622    0.3928   -7969.4578  0.7146 
   00623    0.4076   -7915.9799  0.7096 
   00624    0.3924   -7930.0072  0.7021 
   00625    0.3924   -7938.7675  0.7026 
   00626    0.4068   -7940.3199  0.6981 
   00627    0.4092   -7934.9087  0.7008 
   00628    0.4124   -7898.7038  0.7058 
   00629    0.3968   -7956.1108  0.7099 
   00630    0.4104   -7933.0077  0.7044 
   00631    0.3956   -7933.8174  0.7101 
   00632    0.4012   -7905.7942  0.7167 
   00633    0.4024   -7959.5868  0.7244 
   00634    0.4024   -8000.4112  0.7294 
   00635    0.4120   -7971.3209  0.7334 
   00636    0.4004   -8001.2322  0.7284 
   00637    0.4028   -7918.0028  0.7307 
   00638    0.4140   -8024.0958  0.7402 
   00639    0.3968   -7954.6529  0.7316 
   00640    0.3920   -7966.7726  0.7334 
   00641    0.4156   -7950.0041  0.7248 
   00642    0.4012   -7959.8520  0.7256 
   00643    0.4168   -7943.9780  0.7332 
   00644    0.4040   -7969.9846  0.7368 
   00645    0.3996   -8041.6549  0.7390 
   00646    0.4012   -8072.1850  0.7407 
   00647    0.4096   -8033.3876  0.7463 
   00648    0.4140   -8043.5635  0.7390 
   00649    0.4120   -8050.7944  0.7427 
   00650    0.3992   -8064.5257  0.7439 
   00651    0.3960   -8090.5613  0.7425 
   00652    0.4024   -8099.5459  0.7330 
   00653    0.3992   -8064.8302  0.7309 
   00654    0.4024   -8083.5076  0.7284 
   00655    0.3892   -8084.0462  0.7239 
   00656    0.3980   -8019.9536  0.7215 
   00657    0.4124   -8012.8727  0.7216 
   00658    0.3968   -7982.2797  0.7166 
   00659    0.4300   -7977.8858  0.7211 
   00660    0.3908   -7975.8243  0.7152 
   00661    0.3884   -8006.7753  0.7247 
   00662    0.3900   -8019.8977  0.7282 
   00663    0.3844   -8002.1056  0.7277 
   00664    0.4072   -8011.8214  0.7225 
   00665    0.4076   -7910.1360  0.7192 
   00666    0.4172   -8002.0236  0.7294 
   00667    0.3828   -8004.6356  0.7285 
   00668    0.4004   -7998.4037  0.7328 
   00669    0.4164   -8003.2853  0.7295 
   00670    0.3976   -8024.0489  0.7281 
   00671    0.3968   -8067.6845  0.7352 
   00672    0.3864   -8120.9709  0.7423 
   00673    0.3844   -8080.3823  0.7388 
   00674    0.4108   -8062.5956  0.7351 
   00675    0.4160   -8094.3133  0.7393 
   00676    0.3992   -7992.4768  0.7302 
   00677    0.4036   -8060.6430  0.7300 
   00678    0.3960   -8095.0869  0.7304 
   00679    0.4040   -8035.9668  0.7290 
   00680    0.3940   -8060.9650  0.7269 
   00681    0.4080   -8058.0883  0.7270 
   00682    0.4036   -8061.1216  0.7270 
   00683    0.3820   -8041.3677  0.7310 
   00684    0.3964   -8023.5916  0.7330 
   00685    0.3836   -7971.4510  0.7307 
   00686    0.3956   -7971.2712  0.7324 
   00687    0.4040   -7976.0489  0.7292 
   00688    0.3980   -8077.6570  0.7372 
   00689    0.3956   -8100.5066  0.7320 
   00690    0.3964   -8057.1098  0.7289 
   00691    0.3856   -8007.2271  0.7267 
   00692    0.4120   -7967.0894  0.7238 
   00693    0.3972   -7946.9274  0.7188 
   00694    0.4096   -7932.8326  0.7209 
   00695    0.3952   -7973.3148  0.7242 
   00696    0.3948   -7936.2920  0.7223 
   00697    0.3984   -7928.5607  0.7181 
   00698    0.3976   -7957.0404  0.7103 
   00699    0.4000   -8023.9143  0.7116 
   00700    0.4008   -7969.3245  0.7115 
   00701    0.4152   -7972.2393  0.7098 
   00702    0.3952   -7969.9430  0.7141 
   00703    0.3680   -7935.5335  0.7084 
   00704    0.4168   -7926.2579  0.7095 
   00705    0.3920   -7939.9913  0.7147 
   00706    0.3916   -7925.2872  0.7123 
   00707    0.4068   -7963.8077  0.7181 
   00708    0.3732   -7983.0121  0.7153 
   00709    0.4036   -7955.2255  0.7146 
   00710    0.3852   -7975.4456  0.7186 
   00711    0.4148   -7972.1552  0.7136 
   00712    0.4060   -7984.4768  0.7153 
   00713    0.4024   -7982.3156  0.7179 
   00714    0.3912   -8029.6472  0.7218 
   00715    0.4012   -8026.5306  0.7170 
   00716    0.3992   -8023.1056  0.7203 
   00717    0.3736   -8017.8296  0.7195 
   00718    0.4072   -8001.1264  0.7179 
   00719    0.4052   -7975.9144  0.7138 
   00720    0.4000   -8002.0841  0.7111 
   00721    0.4112   -7989.6716  0.7152 
   00722    0.4048   -7985.7730  0.7136 
   00723    0.3892   -8037.5785  0.7204 
   00724    0.3900   -8059.6694  0.7230 
   00725    0.3884   -8074.9576  0.7211 
   00726    0.3840   -8049.1309  0.7186 
   00727    0.3928   -8003.7432  0.7168 
   00728    0.4088   -8002.2731  0.7200 
   00729    0.3940   -7958.5573  0.7180 
   00730    0.3780   -7928.3740  0.7180 
   00731    0.4020   -7932.8631  0.7179 
   00732    0.4136   -7985.3505  0.7193 
   00733    0.4120   -8042.2586  0.7231 
   00734    0.4064   -8068.2212  0.7205 
   00735    0.3960   -8017.2052  0.7172 
   00736    0.3940   -8064.7955  0.7214 
   00737    0.4012   -8060.2765  0.7158 
   00738    0.4008   -8077.2117  0.7180 
   00739    0.3844   -8052.3060  0.7164 
   00740    0.4016   -7994.0961  0.7078 
   00741    0.4148   -7981.1701  0.7118 
   00742    0.4088   -7908.0123  0.7056 
   00743    0.4028   -7941.3474  0.7123 
   00744    0.3948   -8006.2425  0.7127 
   00745    0.3900   -7988.7717  0.7078 
   00746    0.4044   -8005.5551  0.7084 
   00747    0.4064   -7994.9630  0.7054 
   00748    0.4060   -8010.4460  0.7146 
   00749    0.3904   -8092.6735  0.7246 
   00750    0.3836   -8115.3798  0.7297 
   00751    0.4104   -8131.8878  0.7333 
   00752    0.3868   -8117.2556  0.7331 
   00753    0.3808   -8132.0822  0.7240 
   00754    0.4056   -8105.8217  0.7231 
   00755    0.4068   -8091.3507  0.7237 
   00756    0.4104   -8049.6059  0.7223 
   00757    0.3884   -8086.4663  0.7277 
   00758    0.4012   -8092.9724  0.7278 
   00759    0.3880   -8082.2357  0.7255 
   00760    0.3896   -8064.3999  0.7274 
   00761    0.3888   -8037.8852  0.7229 
   00762    0.3900   -8075.1974  0.7287 
   00763    0.4004   -8111.6464  0.7258 
   00764    0.3988   -8084.9027  0.7284 
   00765    0.4028   -8101.2631  0.7340 
   00766    0.4004   -8097.5208  0.7349 
   00767    0.3976   -8056.0870  0.7298 
   00768    0.4024   -7990.0402  0.7235 
   00769    0.4228   -7942.7689  0.7169 
   00770    0.4308   -8013.9251  0.7255 
   00771    0.4052   -7982.5594  0.7219 
   00772    0.4116   -8004.5652  0.7213 
   00773    0.3992   -8003.6637  0.7238 
   00774    0.4096   -8058.8500  0.7305 
   00775    0.3940   -8007.5585  0.7290 
   00776    0.3992   -7989.3908  0.7302 
   00777    0.3932   -7928.5580  0.7256 
   00778    0.4152   -7930.7545  0.7276 
   00779    0.3948   -7903.0531  0.7275 
   00780    0.3984   -7899.2200  0.7282 
   00781    0.4080   -7909.5295  0.7271 
   00782    0.3944   -7985.9202  0.7324 
   00783    0.4124   -8034.4907  0.7287 
   00784    0.3940   -8061.4187  0.7317 
   00785    0.3860   -8103.7315  0.7315 
   00786    0.3908   -8126.4036  0.7275 
   00787    0.4064   -8161.4154  0.7266 
   00788    0.3724   -8160.5917  0.7279 
   00789    0.3952   -8170.0981  0.7252 
   00790    0.3892   -8140.3149  0.7231 
   00791    0.3896   -8112.5239  0.7178 
   00792    0.3924   -8102.7432  0.7144 
   00793    0.3924   -8042.9394  0.7138 
   00794    0.4076   -8024.2177  0.7121 
   00795    0.3908   -8006.6731  0.7065 
   00796    0.4088   -7946.2066  0.7067 
   00797    0.4108   -7991.6655  0.7118 
   00798    0.3996   -7998.6461  0.7140 
   00799    0.4020   -8000.8499  0.7151 
   00800    0.3932   -7940.1227  0.7132 
   00801    0.3996   -7894.5473  0.7058 
   00802    0.3968   -7895.5070  0.7058 
   00803    0.4144   -7906.4169  0.7088 
   00804    0.4016   -7970.8873  0.7126 
   00805    0.4092   -7974.0299  0.7188 
   00806    0.3984   -8006.0565  0.7183 
   00807    0.3964   -8038.7954  0.7213 
   00808    0.4068   -8070.5901  0.7215 
   00809    0.3980   -8104.7981  0.7251 
   00810    0.3996   -8140.4907  0.7248 
   00811    0.3936   -8098.9794  0.7286 
   00812    0.4000   -8144.0312  0.7284 
   00813    0.3836   -8071.1740  0.7321 
   00814    0.3968   -8044.7030  0.7329 
   00815    0.3924   -8101.9448  0.7304 
   00816    0.3992   -8125.3389  0.7293 
   00817    0.4028   -8194.5094  0.7286 
   00818    0.4052   -8100.0914  0.7213 
   00819    0.3984   -8061.9009  0.7182 
   00820    0.3984   -8038.9323  0.7179 
   00821    0.4068   -8057.3095  0.7236 
   00822    0.4160   -8070.0348  0.7263 
   00823    0.4020   -8087.5550  0.7291 
   00824    0.3960   -8027.6298  0.7198 
   00825    0.3996   -8033.1461  0.7218 
   00826    0.3988   -7983.8662  0.7115 
   00827    0.4052   -7969.1464  0.7090 
   00828    0.4084   -7917.5744  0.7123 
   00829    0.3940   -8010.8264  0.7169 
   00830    0.4024   -8026.7333  0.7211 
   00831    0.4096   -8009.7357  0.7165 
   00832    0.4212   -7973.2297  0.7133 
   00833    0.3860   -7932.0498  0.7111 
   00834    0.3936   -7924.9012  0.7051 
   00835    0.4044   -7861.0588  0.7078 
   00836    0.4136   -7889.8193  0.7056 
   00837    0.3800   -7944.7602  0.7118 
   00838    0.3940   -7987.1914  0.7163 
   00839    0.4004   -8013.4030  0.7126 
   00840    0.3980   -8059.8235  0.7150 
   00841    0.3876   -8054.9219  0.7168 
   00842    0.3944   -8035.2746  0.7182 
   00843    0.4064   -8063.0544  0.7187 
   00844    0.4048   -8028.3318  0.7205 
   00845    0.4120   -7952.1857  0.7190 
   00846    0.3888   -7938.1332  0.7266 
   00847    0.4028   -7922.1742  0.7269 
   00848    0.4120   -7890.4674  0.7212 
   00849    0.4068   -7899.1571  0.7206 
   00850    0.4056   -7878.5544  0.7156 
   00851    0.4064   -7921.4204  0.7180 
   00852    0.4180   -7936.1626  0.7178 
   00853    0.3980   -7926.7996  0.7236 
   00854    0.4120   -7989.7109  0.7242 
   00855    0.3868   -7990.9354  0.7264 
   00856    0.4080   -8007.7668  0.7265 
   00857    0.4080   -8067.3190  0.7266 
   00858    0.4004   -8051.2028  0.7249 
   00859    0.3848   -8081.9800  0.7265 
   00860    0.3940   -8085.6584  0.7268 
   00861    0.4020   -8061.5964  0.7240 
   00862    0.4184   -8022.2395  0.7238 
   00863    0.4044   -8059.9816  0.7242 
   00864    0.3956   -8011.9409  0.7273 
   00865    0.3912   -8038.5218  0.7264 
   00866    0.4092   -8032.6238  0.7311 
   00867    0.3932   -7993.4233  0.7339 
   00868    0.3996   -8009.8980  0.7341 
   00869    0.4032   -8053.5083  0.7353 
   00870    0.4108   -7999.5824  0.7403 
   00871    0.3928   -7999.8100  0.7369 
   00872    0.3996   -7957.0141  0.7315 
   00873    0.4040   -7928.7714  0.7321 
   00874    0.4116   -7987.1696  0.7365 
   00875    0.4048   -8057.9079  0.7400 
   00876    0.3968   -8030.5294  0.7436 
   00877    0.3976   -7960.5844  0.7362 
   00878    0.4096   -8030.4432  0.7351 
   00879    0.4028   -7993.6197  0.7352 
   00880    0.3972   -7993.2311  0.7375 
   00881    0.4044   -7968.0719  0.7395 
   00882    0.3960   -7913.5024  0.7391 
   00883    0.3964   -7984.0540  0.7345 
   00884    0.3900   -7959.8450  0.7323 
   00885    0.3760   -8007.4510  0.7329 
   00886    0.4020   -8016.6271  0.7320 
   00887    0.4116   -8002.1296  0.7324 
   00888    0.3992   -8019.3214  0.7354 
   00889    0.4220   -8023.7534  0.7317 
   00890    0.4092   -8028.2437  0.7330 
   00891    0.4040   -8053.0434  0.7297 
   00892    0.3912   -7988.0788  0.7277 
   00893    0.3972   -7961.8061  0.7227 
   00894    0.3996   -7984.1833  0.7286 
   00895    0.4012   -7984.7208  0.7288 
   00896    0.4048   -8020.5375  0.7291 
   00897    0.3988   -7996.7018  0.7330 
   00898    0.3920   -8034.9574  0.7317 
   00899    0.3940   -8045.0417  0.7343 
   00900    0.4140   -8054.3162  0.7314 
   00901    0.3824   -8108.3356  0.7363 
   00902    0.3948   -8078.4726  0.7323 
   00903    0.3932   -8057.2952  0.7303 
   00904    0.3912   -8071.0201  0.7326 
   00905    0.3936   -8037.2118  0.7343 
   00906    0.3924   -8036.8311  0.7374 
   00907    0.3860   -8018.8937  0.7311 
   00908    0.3972   -8053.0886  0.7299 
   00909    0.3984   -8042.4223  0.7290 
   00910    0.3976   -8029.7167  0.7292 
   00911    0.3896   -7993.3673  0.7209 
   00912    0.3976   -7983.8901  0.7204 
   00913    0.4216   -7970.8849  0.7215 
   00914    0.4016   -8004.2570  0.7235 
   00915    0.4052   -7935.1563  0.7207 
   00916    0.4000   -7934.2603  0.7179 
   00917    0.4084   -7945.9256  0.7227 
   00918    0.3976   -7992.6777  0.7266 
   00919    0.3984   -7981.0084  0.7237 
   00920    0.4064   -7979.7989  0.7242 
   00921    0.4036   -8001.4643  0.7232 
   00922    0.4044   -7944.4783  0.7209 
   00923    0.4028   -7946.9544  0.7168 
   00924    0.4064   -7941.1422  0.7175 
   00925    0.3896   -8028.6535  0.7229 
   00926    0.3920   -8005.1296  0.7302 
   00927    0.4044   -8032.8816  0.7339 
   00928    0.4104   -8043.1277  0.7334 
   00929    0.4088   -8060.3419  0.7354 
   00930    0.3960   -8013.6946  0.7358 
   00931    0.3964   -8019.0853  0.7361 
   00932    0.4052   -8009.6850  0.7323 
   00933    0.3904   -7984.2495  0.7320 
   00934    0.3964   -7998.7691  0.7319 
   00935    0.3956   -8021.8884  0.7314 
   00936    0.3896   -8001.6726  0.7245 
   00937    0.4096   -7968.5126  0.7243 
   00938    0.3980   -7995.9776  0.7210 
   00939    0.3892   -8020.0341  0.7177 
   00940    0.4004   -8027.1632  0.7238 
   00941    0.3944   -8002.7945  0.7229 
   00942    0.4084   -7987.6278  0.7206 
   00943    0.3996   -8005.4800  0.7229 
   00944    0.4104   -8054.4025  0.7301 
   00945    0.3896   -8048.1875  0.7282 
   00946    0.3824   -8071.7674  0.7339 
   00947    0.3956   -8065.5152  0.7293 
   00948    0.3960   -7990.0852  0.7272 
   00949    0.3968   -8000.5941  0.7338 
   00950    0.3792   -7949.3343  0.7285 
   00951    0.3964   -7998.8169  0.7356 
   00952    0.3772   -8068.1184  0.7351 
   00953    0.3808   -8086.5258  0.7405 
   00954    0.4048   -8072.3805  0.7427 
   00955    0.4016   -7988.4575  0.7398 
   00956    0.3920   -7993.3094  0.7426 
   00957    0.3956   -8006.5094  0.7372 
   00958    0.3992   -7932.8439  0.7316 
   00959    0.3976   -7900.4634  0.7267 
   00960    0.3904   -7943.9846  0.7301 
   00961    0.4112   -7911.3705  0.7271 
   00962    0.3968   -7945.8996  0.7270 
   00963    0.3904   -7981.4767  0.7297 
   00964    0.4048   -8028.8810  0.7335 
   00965    0.4180   -7953.0075  0.7286 
   00966    0.3920   -7994.7144  0.7314 
   00967    0.3984   -7958.1403  0.7299 
   00968    0.4056   -7972.8671  0.7320 
   00969    0.4012   -7945.6859  0.7235 
   00970    0.3956   -8002.8540  0.7260 
   00971    0.3900   -8072.6931  0.7226 
   00972    0.3984   -8057.3298  0.7226 
   00973    0.3836   -8048.9961  0.7245 
   00974    0.4144   -8030.2279  0.7244 
   00975    0.3876   -8036.2926  0.7265 
   00976    0.4036   -8052.9681  0.7343 
   00977    0.4032   -8008.8935  0.7263 
   00978    0.3980   -8026.9994  0.7329 
   00979    0.4032   -8071.6902  0.7348 
   00980    0.4208   -8058.0889  0.7340 
   00981    0.4064   -8091.1662  0.7335 
   00982    0.3960   -8107.4282  0.7369 
   00983    0.3800   -8021.6696  0.7317 
   00984    0.3908   -8016.4211  0.7366 
   00985    0.4044   -7996.7372  0.7368 
   00986    0.3952   -8008.4421  0.7398 
   00987    0.4092   -8000.7397  0.7383 
   00988    0.4032   -7994.0140  0.7408 
   00989    0.4112   -7979.2526  0.7404 
   00990    0.4060   -7991.5732  0.7401 
   00991    0.4008   -8106.3000  0.7496 
   00992    0.3892   -8037.7878  0.7485 
   00993    0.3980   -8011.8676  0.7519 
   00994    0.3948   -7945.3006  0.7517 
   00995    0.3864   -7992.7988  0.7498 
   00996    0.3992   -8029.6113  0.7518 
   00997    0.3944   -8050.1108  0.7544 
   00998    0.4012   -8059.2957  0.7538 
   00999    0.3868   -8029.6569  0.7445 
   01000    0.4060   -8045.7920  0.7417 
