#=====================================================
# File created:        Mon-11-Mar-2024-at-02-01-33AM
# Size of lattice:     50x50
# Number of MC steps:  1000
# Reduced temperature: 0.650
# Run time (s):        0.799292
#=====================================================
# MC step:  Ratio:     Energy:   Order:
#=====================================================
   00000    0.5000   -2579.0575  0.2553 
   00001    0.6728   -3829.2319  0.2732 
   00002    0.6092   -4560.3226  0.2747 
   00003    0.5648   -5128.0941  0.2678 
   00004    0.5336   -5424.0124  0.2599 
   00005    0.5160   -5801.7301  0.2713 
   00006    0.4796   -5963.3164  0.2719 
   00007    0.4996   -6170.0320  0.2722 
   00008    0.5036   -6306.3966  0.2627 
   00009    0.4588   -6455.3669  0.2752 
   00010    0.4692   -6508.6969  0.2839 
   00011    0.4432   -6674.0389  0.2943 
   00012    0.4676   -6800.9044  0.2893 
   00013    0.4548   -6806.7948  0.2995 
   00014    0.4808   -6819.3923  0.2995 
   00015    0.4508   -6932.0561  0.2959 
   00016    0.4400   -7015.7944  0.3077 
   00017    0.4444   -6946.4541  0.3020 
   00018    0.4364   -6982.1366  0.3062 
   00019    0.4516   -6991.0652  0.3047 
   00020    0.4480   -6998.7463  0.3074 
   00021    0.4492   -7188.2297  0.3239 
   00022    0.4352   -7211.2403  0.3241 
   00023    0.4288   -7212.8886  0.3272 
   00024    0.4236   -7264.4361  0.3325 
   00025    0.4440   -7222.2451  0.3386 
   00026    0.4316   -7207.2525  0.3410 
   00027    0.4420   -7335.3603  0.3383 
   00028    0.4232   -7419.7970  0.3445 
   00029    0.4296   -7427.0811  0.3453 
   00030    0.4320   -7425.6989  0.3592 
   00031    0.4080   -7469.6314  0.3618 
   00032    0.4192   -7474.5406  0.3556 
   00033    0.4320   -7574.3631  0.3644 
   00034    0.4116   -7565.1351  0.3673 
   00035    0.4172   -7516.0586  0.3650 
   00036    0.4164   -7558.7715  0.3598 
   00037    0.4276   -7511.7908  0.3622 
   00038    0.4196   -7608.1764  0.3631 
   00039    0.4004   -7653.0157  0.3678 
   00040    0.4188   -7636.1322  0.3707 
   00041    0.4080   -7617.4845  0.3726 
   00042    0.4168   -7604.2543  0.3693 
   00043    0.4184   -7541.9187  0.3715 
   00044    0.4296   -7549.1597  0.3758 
   00045    0.4256   -7664.2303  0.3776 
   00046    0.3984   -7620.7384  0.3762 
   00047    0.4400   -7614.5286  0.3717 
   00048    0.4080   -7632.0537  0.3766 
   00049    0.4204   -7697.0681  0.3765 
   00050    0.4140   -7717.0162  0.3838 
   00051    0.4028   -7703.1488  0.3895 
   00052    0.4128   -7708.8655  0.4014 
   00053    0.4284   -7731.4710  0.4017 
   00054    0.3996   -7642.6210  0.4047 
   00055    0.4080   -7644.4118  0.4071 
   00056    0.4240   -7686.2474  0.4142 
   00057    0.4216   -7626.9630  0.4109 
   00058    0.4304   -7555.5575  0.4082 
   00059    0.4252   -7558.8474  0.4121 
   00060    0.4216   -7584.5636  0.4124 
   00061    0.4284   -7606.4358  0.4199 
   00062    0.4220   -7631.8675  0.4194 
   00063    0.4276   -7586.9990  0.4137 
   00064    0.4108   -7620.7923  0.4093 
   00065    0.4080   -7633.4248  0.4125 
   00066    0.4248   -7639.3650  0.4107 
   00067    0.4132   -7648.2278  0.4164 
   00068    0.4192   -7634.6910  0.4178 
   00069    0.4224   -7672.4809  0.4103 
   00070    0.4076   -7659.0585  0.4179 
   00071    0.3968   -7678.0392  0.4194 
   00072    0.4280   -7708.6769  0.4169 
   00073    0.4204   -7722.9655  0.4129 
   00074    0.4032   -7726.4574  0.4158 
   00075    0.4184   -7680.8815  0.4175 
   00076    0.4092   -7729.8338  0.4225 
   00077    0.3992   -7756.8999  0.4216 
   00078    0.4136   -7732.2441  0.4131 
   00079    0.4088   -7744.1962  0.4185 
   00080    0.4144   -7833.7371  0.4140 
   00081    0.4032   -7845.8367  0.4125 
   00082    0.4044   -7815.1481  0.4135 
   00083    0.4092   -7780.4326  0.4257 
   00084    0.4232   -7801.7153  0.4206 
   00085    0.4008   -7861.5151  0.4219 
   00086    0.4056   -7818.7093  0.4233 
   00087    0.4032   -7778.1925  0.4150 
   00088    0.4132   -7798.7621  0.4107 
   00089    0.4136   -7707.5742  0.4114 
   00090    0.4152   -7801.0353  0.4142 
   00091    0.4116   -7812.3899  0.4219 
   00092    0.4012   -7777.6155  0.4204 
   00093    0.4064   -7755.4670  0.4164 
   00094    0.4060   -7695.2535  0.4212 
   00095    0.4196   -7712.8160  0.4195 
   00096    0.4168   -7770.0842  0.4220 
   00097    0.4072   -7774.6304  0.4232 
   00098    0.4060   -7814.6167  0.4240 
   00099    0.3960   -7808.6365  0.4225 
   00100    0.4232   -7838.5186  0.4243 
   00101    0.4120   -7846.2971  0.4236 
   00102    0.4144   -7790.3851  0.4311 
   00103    0.4200   -7786.0918  0.4404 
   00104    0.3996   -7827.7746  0.4419 
   00105    0.4112   -7839.0391  0.4442 
   00106    0.3956   -7853.0175  0.4328 
   00107    0.4236   -7828.2333  0.4311 
   00108    0.4024   -7813.9240  0.4338 
   00109    0.4012   -7814.9563  0.4344 
   00110    0.4280   -7767.7781  0.4310 
   00111    0.4260   -7784.0427  0.4317 
   00112    0.4128   -7822.5394  0.4318 
   00113    0.4084   -7797.2053  0.4323 
   00114    0.3972   -7754.7236  0.4294 
   00115    0.4056   -7785.9149  0.4252 
   00116    0.4192   -7828.4972  0.4259 
   00117    0.4160   -7770.6255  0.4229 
   00118    0.4068   -7812.5698  0.4254 
   00119    0.3924   -7811.9365  0.4212 
   00120    0.4020   -7857.2539  0.4157 
   00121    0.4128   -7841.2903  0.4119 
   00122    0.4176   -7803.8508  0.4153 
   00123    0.4128   -7772.0357  0.4088 
   00124    0.4172   -7764.6911  0.4085 
   00125    0.4100   -7738.2902  0.4032 
   00126    0.4192   -7746.5570  0.4089 
   00127    0.4316   -7796.6048  0.4198 
   00128    0.4064   -7848.5046  0.4224 
   00129    0.4164   -7827.3099  0.4227 
   00130    0.4064   -7850.9257  0.4230 
   00131    0.4032   -7840.9974  0.4222 
   00132    0.4096   -7906.5681  0.4252 
   00133    0.4032   -7955.3258  0.4329 
   00134    0.4100   -7931.2838  0.4230 
   00135    0.4052   -7888.6403  0.4219 
   00136    0.4112   -7869.5692  0.4202 
   00137    0.4244   -7845.9177  0.4170 
   00138    0.4152   -7843.5438  0.4203 
   00139    0.4032   -7840.0541  0.4200 
   00140    0.4088   -7811.9726  0.4234 
   00141    0.4116   -7836.7566  0.4305 
   00142    0.4040   -7868.6131  0.4326 
   00143    0.4024   -7834.1286  0.4362 
   00144    0.3972   -7871.0583  0.4356 
   00145    0.4064   -7883.9481  0.4387 
   00146    0.4228   -7885.4215  0.4333 
   00147    0.3844   -7904.6851  0.4321 
   00148    0.4136   -7930.9168  0.4344 
   00149    0.3896   -7923.3976  0.4390 
   00150    0.4160   -7939.0226  0.4426 
   00151    0.4020   -7992.8025  0.4467 
   00152    0.4060   -7996.1515  0.4443 
   00153    0.4168   -7996.5987  0.4430 
   00154    0.3876   -7921.0077  0.4424 
   00155    0.3944   -7890.6347  0.4329 
   00156    0.4160   -7955.9123  0.4314 
   00157    0.3892   -7938.3770  0.4267 
   00158    0.3928   -7879.6340  0.4287 
   00159    0.4064   -7897.1214  0.4282 
   00160    0.3920   -7833.4272  0.4299 
   00161    0.4152   -7812.4886  0.4311 
   00162    0.4028   -7831.6345  0.4311 
   00163    0.4024   -7821.4615  0.4339 
   00164    0.4044   -7777.8526  0.4387 
   00165    0.4100   -7824.9787  0.4475 
   00166    0.4096   -7804.7355  0.4483 
   00167    0.3992   -7769.3113  0.4461 
   00168    0.4104   -7814.7018  0.4474 
   00169    0.4120   -7907.3491  0.4496 
   00170    0.3952   -7910.5653  0.4502 
   00171    0.4036   -7864.3811  0.4463 
   00172    0.4152   -7907.8563  0.4400 
   00173    0.4172   -7900.0882  0.4370 
   00174    0.4052   -7912.0354  0.4375 
   00175    0.4052   -7931.0886  0.4318 
   00176    0.4048   -7906.4717  0.4282 
   00177    0.3920   -7903.0139  0.4318 
   00178    0.3984   -7879.1634  0.4346 
   00179    0.4048   -7863.8305  0.4443 
   00180    0.3816   -7915.0196  0.4515 
   00181    0.4088   -7911.1547  0.4515 
   00182    0.4064   -7850.9127  0.4515 
   00183    0.3996   -7909.0086  0.4503 
   00184    0.4144   -7953.6813  0.4535 
   00185    0.3848   -7956.3048  0.4596 
   00186    0.4076   -7946.1569  0.4644 
   00187    0.4016   -7931.9847  0.4640 
   00188    0.4120   -7956.3591  0.4694 
   00189    0.4016   -8005.5629  0.4705 
   00190    0.3904   -8014.6504  0.4750 
   00191    0.4052   -7949.0854  0.4733 
   00192    0.4028   -7915.7482  0.4732 
   00193    0.4036   -7923.6957  0.4736 
   00194    0.3928   -7878.2578  0.4786 
   00195    0.4084   -7830.1926  0.4766 
   00196    0.4188   -7867.4578  0.4744 
   00197    0.4032   -7878.5868  0.4733 
   00198    0.4148   -7812.0162  0.4757 
   00199    0.4104   -7761.8647  0.4674 
   00200    0.4152   -7788.3524  0.4697 
   00201    0.4344   -7754.8141  0.4759 
   00202    0.4064   -7754.7349  0.4725 
   00203    0.4048   -7762.8409  0.4774 
   00204    0.4096   -7710.8389  0.4718 
   00205    0.4052   -7704.6370  0.4644 
   00206    0.4020   -7739.0068  0.4674 
   00207    0.3996   -7790.2304  0.4719 
   00208    0.4128   -7825.6768  0.4721 
   00209    0.3984   -7814.3746  0.4652 
   00210    0.3976   -7778.0288  0.4689 
   00211    0.4124   -7760.1901  0.4733 
   00212    0.3940   -7757.9000  0.4741 
   00213    0.3996   -7813.0071  0.4807 
   00214    0.3980   -7799.1533  0.4816 
   00215    0.4188   -7862.1374  0.4892 
   00216    0.3960   -7885.0548  0.4828 
   00217    0.3748   -7882.8113  0.4870 
   00218    0.4128   -7901.3714  0.4848 
   00219    0.4012   -7877.5339  0.4803 
   00220    0.3956   -7935.1359  0.4684 
   00221    0.4064   -7937.5155  0.4759 
   00222    0.4000   -7947.8323  0.4762 
   00223    0.4144   -7890.5196  0.4778 
   00224    0.4092   -7891.8148  0.4802 
   00225    0.4016   -7904.3832  0.4851 
   00226    0.3908   -7905.4579  0.4895 
   00227    0.4064   -7894.7393  0.4889 
   00228    0.4064   -7917.0080  0.4945 
   00229    0.4020   -7954.9443  0.5003 
   00230    0.3944   -7970.5987  0.4979 
   00231    0.4028   -7953.1799  0.4891 
   00232    0.3816   -7910.2801  0.4916 
   00233    0.4076   -7907.2207  0.4979 
   00234    0.4332   -7918.4855  0.5055 
   00235    0.3944   -7914.1752  0.5120 
   00236    0.4112   -7899.0490  0.5117 
   00237    0.3944   -7905.3159  0.5150 
   00238    0.4004   -7866.4324  0.5215 
   00239    0.4100   -7841.3200  0.5234 
   00240    0.4008   -7869.6952  0.5269 
   00241    0.4048   -7857.0910  0.5307 
   00242    0.4028   -7825.3431  0.5250 
   00243    0.4000   -7848.9517  0.5241 
   00244    0.4004   -7834.7767  0.5261 
   00245    0.3988   -7867.5714  0.5287 
   00246    0.4036   -7845.3625  0.5288 
   00247    0.3812   -7865.7657  0.5364 
   00248    0.3988   -7922.8608  0.5382 
   00249    0.3840   -7971.0791  0.5461 
   00250    0.3900   -7956.6772  0.5460 
   00251    0.3872   -7967.0701  0.5485 
   00252    0.4212   -7941.0062  0.5406 
   00253    0.4012   -7944.2797  0.5427 
   00254    0.3884   -7926.9820  0.5410 
   00255    0.4276   -7895.2380  0.5357 
   00256    0.4016   -7832.0652  0.5317 
   00257    0.4076   -7874.6894  0.5309 
   00258    0.3940   -7914.9697  0.5322 
   00259    0.3996   -7895.7221  0.5239 
   00260    0.4044   -7897.8723  0.5250 
   00261    0.4048   -7835.5338  0.5226 
   00262    0.3864   -7824.0617  0.5216 
   00263    0.3952   -7824.9312  0.5262 
   00264    0.4176   -7863.5166  0.5289 
   00265    0.4168   -7845.0868  0.5401 
   00266    0.4264   -7899.3117  0.5445 
   00267    0.4212   -7853.9658  0.5333 
   00268    0.4112   -7837.3456  0.5340 
   00269    0.3964   -7814.5574  0.5312 
   00270    0.4284   -7848.1658  0.5320 
   00271    0.4040   -7887.5649  0.5327 
   00272    0.4096   -7850.2233  0.5304 
   00273    0.4096   -7844.0090  0.5266 
   00274    0.4136   -7899.1723  0.5231 
   00275    0.3880   -7897.6356  0.5225 
   00276    0.3992   -7875.8628  0.5221 
   00277    0.3928   -7952.1730  0.5269 
   00278    0.4112   -7874.3627  0.5198 
   00279    0.4024   -7824.1615  0.5216 
   00280    0.4144   -7821.0894  0.5292 
   00281    0.4196   -7828.6799  0.5289 
   00282    0.4080   -7841.6988  0.5345 
   00283    0.4096   -7838.7017  0.5370 
   00284    0.3948   -7871.9819  0.5398 
   00285    0.4008   -7832.5597  0.5391 
   00286    0.3932   -7878.5243  0.5409 
   00287    0.4208   -7860.3501  0.5355 
   00288    0.4176   -7798.0769  0.5325 
   00289    0.4232   -7864.0647  0.5429 
   00290    0.4036   -7891.7901  0.5450 
   00291    0.4140   -7903.8412  0.5375 
   00292    0.4152   -7909.2718  0.5375 
   00293    0.3980   -7905.3201  0.5434 
   00294    0.3976   -7952.8705  0.5421 
   00295    0.4172   -7981.2740  0.5471 
   00296    0.4048   -7939.1430  0.5440 
   00297    0.4080   -7962.8020  0.5452 
   00298    0.4052   -7945.1934  0.5527 
   00299    0.4156   -7927.1506  0.5499 
   00300    0.4076   -7940.2719  0.5474 
   00301    0.3960   -7960.9168  0.5393 
   00302    0.4120   -7954.7971  0.5381 
   00303    0.3848   -7992.6716  0.5327 
   00304    0.4148   -8021.9970  0.5423 
   00305    0.4116   -7978.9048  0.5494 
   00306    0.3984   -7970.6100  0.5433 
   00307    0.3924   -7903.2232  0.5481 
   00308    0.4156   -7900.8486  0.5396 
   00309    0.4124   -7921.3047  0.5441 
   00310    0.3984   -7911.5932  0.5410 
   00311    0.4084   -7937.7172  0.5361 
   00312    0.4104   -7935.8267  0.5416 
   00313    0.4128   -7939.3372  0.5444 
   00314    0.4180   -7998.8159  0.5427 
   00315    0.3944   -8039.0356  0.5401 
   00316    0.3976   -8021.0313  0.5492 
   00317    0.4064   -8001.2309  0.5501 
   00318    0.3880   -8002.8821  0.5519 
   00319    0.3868   -8004.1775  0.5425 
   00320    0.3908   -8021.2879  0.5508 
   00321    0.4076   -7999.4521  0.5609 
   00322    0.3948   -8023.6157  0.5622 
   00323    0.4036   -7969.9534  0.5553 
   00324    0.4036   -7941.2122  0.5448 
   00325    0.3928   -7950.9330  0.5424 
   00326    0.4260   -8005.2293  0.5474 
   00327    0.4224   -7930.4941  0.5368 
   00328    0.4008   -7908.9068  0.5411 
   00329    0.4092   -7901.6398  0.5410 
   00330    0.3928   -7948.6237  0.5451 
   00331    0.3996   -7941.4066  0.5416 
   00332    0.3988   -7884.1780  0.5388 
   00333    0.4092   -7877.8043  0.5301 
   00334    0.4124   -7896.3731  0.5226 
   00335    0.4096   -7921.2363  0.5345 
   00336    0.4148   -7932.3114  0.5322 
   00337    0.4000   -7895.4564  0.5355 
   00338    0.4080   -7880.1095  0.5455 
   00339    0.3924   -7915.7470  0.5427 
   00340    0.3908   -7914.4939  0.5412 
   00341    0.4068   -7905.1445  0.5445 
   00342    0.3852   -7974.6165  0.5471 
   00343    0.3980   -7988.0619  0.5483 
   00344    0.3888   -8045.8927  0.5539 
   00345    0.4032   -7984.3972  0.5547 
   00346    0.4308   -7969.5568  0.5556 
   00347    0.3936   -7906.4631  0.5551 
   00348    0.4140   -7955.5925  0.5583 
   00349    0.4100   -7936.9415  0.5591 
   00350    0.4088   -7893.6379  0.5520 
   00351    0.4224   -7923.5284  0.5481 
   00352    0.3964   -7942.7121  0.5549 
   00353    0.4104   -7936.9078  0.5527 
   00354    0.4052   -7913.7566  0.5488 
   00355    0.4100   -7881.6368  0.5560 
   00356    0.3888   -7910.5940  0.5629 
   00357    0.4128   -7916.9333  0.5578 
   00358    0.3924   -7938.2753  0.5562 
   00359    0.4036   -7945.2850  0.5517 
   00360    0.4096   -7903.3210  0.5553 
   00361    0.4080   -7918.0249  0.5518 
   00362    0.3924   -7919.3494  0.5520 
   00363    0.4096   -7953.4220  0.5543 
   00364    0.4044   -7959.7839  0.5528 
   00365    0.4012   -7990.4056  0.5509 
   00366    0.3916   -7924.3902  0.5511 
   00367    0.4252   -7867.2726  0.5373 
   00368    0.4120   -7937.4649  0.5409 
   00369    0.4000   -7907.6049  0.5453 
   00370    0.3932   -7935.7148  0.5453 
   00371    0.3816   -7868.2133  0.5408 
   00372    0.4088   -7896.4358  0.5460 
   00373    0.4008   -7910.2839  0.5461 
   00374    0.3848   -7909.1771  0.5476 
   00375    0.4000   -7879.8281  0.5451 
   00376    0.4144   -7864.4038  0.5432 
   00377    0.4180   -7852.1245  0.5488 
   00378    0.3996   -7867.3131  0.5525 
   00379    0.4024   -7805.8621  0.5526 
   00380    0.4280   -7847.7139  0.5537 
   00381    0.4016   -7833.4261  0.5590 
   00382    0.4316   -7884.9212  0.5609 
   00383    0.4108   -7914.1951  0.5638 
   00384    0.4052   -7892.7659  0.5705 
   00385    0.4064   -7913.7051  0.5659 
   00386    0.4036   -7955.1658  0.5708 
   00387    0.3952   -7928.1103  0.5645 
   00388    0.4096   -7966.9964  0.5657 
   00389    0.3880   -7932.7052  0.5605 
   00390    0.4112   -7911.8504  0.5584 
   00391    0.3884   -7918.2575  0.5559 
   00392    0.4116   -7946.5722  0.5579 
   00393    0.4004   -7936.7205  0.5665 
   00394    0.3968   -7914.9617  0.5705 
   00395    0.4068   -7966.2972  0.5709 
   00396    0.4180   -7966.9025  0.5676 
   00397    0.4276   -7935.7740  0.5681 
   00398    0.4164   -7974.0073  0.5660 
   00399    0.4036   -8015.0776  0.5670 
   00400    0.3980   -8030.7872  0.5658 
   00401    0.4116   -8028.1756  0.5680 
   00402    0.3808   -7970.6417  0.5674 
   00403    0.4060   -7938.7445  0.5704 
   00404    0.3880   -7895.4017  0.5663 
   00405    0.3984   -7910.9268  0.5638 
   00406    0.4028   -7945.7501  0.5667 
   00407    0.4240   -7942.9000  0.5734 
   00408    0.4028   -7919.7015  0.5755 
   00409    0.4112   -7914.9614  0.5744 
   00410    0.4092   -7923.6107  0.5750 
   00411    0.4084   -7946.2915  0.5780 
   00412    0.3856   -7995.7975  0.5874 
   00413    0.4120   -7956.8046  0.5902 
   00414    0.4008   -7900.2559  0.5908 
   00415    0.4068   -7919.4816  0.5997 
   00416    0.3944   -7942.2417  0.6010 
   00417    0.3976   -7991.4013  0.5961 
   00418    0.4048   -7937.0941  0.5942 
   00419    0.3824   -7939.7034  0.5970 
   00420    0.4140   -7863.2310  0.5969 
   00421    0.4124   -7918.0624  0.5964 
   00422    0.4172   -7907.5451  0.5944 
   00423    0.4152   -7886.4602  0.5976 
   00424    0.4004   -7883.4566  0.5998 
   00425    0.4016   -7925.0612  0.6043 
   00426    0.4116   -7907.4009  0.6055 
   00427    0.4008   -7961.5561  0.6014 
   00428    0.3952   -7953.6680  0.6029 
   00429    0.4004   -7980.2318  0.6037 
   00430    0.3952   -7930.6378  0.6025 
   00431    0.3984   -7901.6401  0.6017 
   00432    0.4020   -7912.6174  0.5966 
   00433    0.4028   -7911.7930  0.5938 
   00434    0.3808   -7911.6411  0.5920 
   00435    0.4160   -7879.9001  0.5882 
   00436    0.4044   -7970.7626  0.5921 
   00437    0.4032   -7986.1411  0.5917 
   00438    0.4108   -7969.5181  0.5950 
   00439    0.4044   -7994.7421  0.5960 
   00440    0.3912   -7995.5020  0.5998 
   00441    0.4060   -8002.8661  0.5939 
   00442    0.4080   -8039.8054  0.5932 
   00443    0.3956   -8007.1670  0.5924 
   00444    0.3984   -8044.9503  0.5978 
   00445    0.3976   -7993.8073  0.6019 
   00446    0.4156   -8028.5355  0.6055 
   00447    0.4080   -7935.4114  0.6063 
   00448    0.3964   -7928.7237  0.6058 
   00449    0.4040   -7919.1613  0.6031 
   00450    0.3884   -7900.2428  0.6029 
   00451    0.4088   -7953.6943  0.6031 
   00452    0.3956   -7976.2237  0.6113 
   00453    0.3984   -7924.5109  0.6108 
   00454    0.4216   -7973.8778  0.6141 
   00455    0.3740   -7972.5862  0.6071 
   00456    0.3948   -8043.5588  0.6154 
   00457    0.3964   -8001.0388  0.6100 
   00458    0.4064   -7995.7636  0.6124 
   00459    0.4028   -8049.8759  0.6175 
   00460    0.4136   -8082.3340  0.6174 
   00461    0.3852   -8046.1606  0.6221 
   00462    0.3856   -8052.1056  0.6125 
   00463    0.3920   -8053.8285  0.6068 
   00464    0.4012   -8036.7270  0.6037 
   00465    0.4104   -7991.5259  0.5989 
   00466    0.4128   -7924.1556  0.5986 
   00467    0.3976   -7951.0611  0.6017 
   00468    0.4024   -7996.2372  0.6018 
   00469    0.3856   -8031.5858  0.6012 
   00470    0.3932   -8014.2917  0.6038 
   00471    0.4088   -7965.5363  0.6073 
   00472    0.4156   -7967.3140  0.6122 
   00473    0.4160   -7991.5776  0.6169 
   00474    0.4012   -7956.4602  0.6120 
   00475    0.3852   -7993.8721  0.6168 
   00476    0.4104   -7970.8573  0.6170 
   00477    0.3972   -7939.8709  0.6219 
   00478    0.4020   -7986.4959  0.6270 
   00479    0.4000   -7965.8469  0.6348 
   00480    0.3984   -7976.0640  0.6386 
   00481    0.4116   -8033.4877  0.6362 
   00482    0.4016   -8072.3846  0.6290 
   00483    0.3916   -7986.0109  0.6311 
   00484    0.4012   -7972.6815  0.6272 
   00485    0.3860   -8025.9015  0.6323 
   00486    0.4084   -7975.4903  0.6270 
   00487    0.3976   -7962.1256  0.6267 
   00488    0.4200   -7969.8214  0.6203 
   00489    0.4060   -8023.4275  0.6271 
   00490    0.4020   -7980.9173  0.6262 
   00491    0.3968   -8022.8159  0.6210 
   00492    0.4080   -7982.0176  0.6255 
   00493    0.4072   -7940.0912  0.6168 
   00494    0.4104   -7952.7758  0.6176 
   00495    0.4240   -7994.7147  0.6238 
   00496    0.3852   -7942.8083  0.6235 
   00497    0.3956   -7977.0778  0.6200 
   00498    0.4048   -7935.8776  0.6223 
   00499    0.4216   -7967.3110  0.6242 
   00500    0.4020   -7933.3937  0.6221 
   00501    0.3884   -7976.5011  0.6167 
   00502    0.3948   -7937.1615  0.6141 
   00503    0.4092   -7980.7167  0.6155 
   00504    0.4044   -7988.9932  0.6131 
   00505    0.4028   -8035.1230  0.6134 
   00506    0.4208   -8027.6885  0.6123 
   00507    0.4080   -7981.7519  0.6132 
   00508    0.3880   -7985.4880  0.6165 
   00509    0.4096   -8022.1692  0.6105 
   00510    0.4080   -8066.3297  0.6109 
   00511    0.3976   -8096.2687  0.6108 
   00512    0.4160   -8057.5117  0.6171 
   00513    0.4036   -8047.4377  0.6164 
   00514    0.3888   -8087.1075  0.6155 
   00515    0.3928   -8052.8054  0.6183 
   00516    0.3964   -8015.5926  0.6122 
   00517    0.4036   -7980.3066  0.6151 
   00518    0.3992   -8001.6132  0.6183 
   00519    0.4060   -7972.5512  0.6212 
   00520    0.3940   -7951.7022  0.6267 
   00521    0.4204   -7942.0353  0.6264 
   00522    0.3992   -7961.8207  0.6255 
   00523    0.3944   -7976.2260  0.6308 
   00524    0.4164   -8062.0081  0.6332 
   00525    0.3816   -8078.0128  0.6341 
   00526    0.4036   -8064.8795  0.6292 
   00527    0.3932   -8031.4570  0.6303 
   00528    0.4128   -8015.0903  0.6323 
   00529    0.4128   -7980.0805  0.6318 
   00530    0.4072   -7939.0510  0.6255 
   00531    0.4020   -7855.2123  0.6288 
   00532    0.4044   -7918.2314  0.6288 
   00533    0.4100   -7946.2600  0.6301 
   00534    0.4016   -7951.6588  0.6333 
   00535    0.3960   -7942.3087  0.6325 
   00536    0.4036   -7936.4439  0.6315 
   00537    0.4228   -7940.6030  0.6339 
   00538    0.4056   -7905.4929  0.6289 
   00539    0.3920   -7983.5841  0.6323 
   00540    0.3920   -7954.2338  0.6297 
   00541    0.4040   -7972.4544  0.6394 
   00542    0.3964   -7958.8495  0.6382 
   00543    0.4076   -8002.6053  0.6341 
   00544    0.3856   -8018.4399  0.6352 
   00545    0.3988   -8007.6649  0.6374 
   00546    0.4032   -8026.0605  0.6366 
   00547    0.3956   -8058.4659  0.6419 
   00548    0.4100   -8017.8365  0.6460 
   00549    0.3936   -8043.8595  0.6418 
   00550    0.4172   -8038.0104  0.6364 
   00551    0.3936   -7979.9762  0.6258 
   00552    0.4072   -7951.8092  0.6254 
   00553    0.4020   -7991.1863  0.6276 
   00554    0.4004   -8035.5533  0.6278 
   00555    0.4008   -7990.1255  0.6278 
   00556    0.3972   -7995.8761  0.6249 
   00557    0.4152   -8029.2032  0.6365 
   00558    0.4100   -7982.7916  0.6330 
   00559    0.3932   -8018.9478  0.6324 
   00560    0.4020   -8064.5816  0.6334 
   00561    0.4004   -8040.2877  0.6244 
   00562    0.3932   -8015.7870  0.6222 
   00563    0.3904   -8010.3191  0.6225 
   00564    0.4164   -7983.2527  0.6231 
   00565    0.3908   -8015.9899  0.6249 
   00566    0.3980   -8042.4474  0.6254 
   00567    0.4068   -8006.6631  0.6299 
   00568    0.4076   -7976.7341  0.6310 
   00569    0.4156   -7996.1051  0.6322 
   00570    0.4128   -7906.7641  0.6307 
   00571    0.3936   -7908.0093  0.6242 
   00572    0.3920   -7857.5929  0.6259 
   00573    0.4164   -7917.5854  0.6336 
   00574    0.4052   -7970.8157  0.6408 
   00575    0.3948   -7975.9213  0.6469 
   00576    0.4092   -7999.8092  0.6407 
   00577    0.3880   -7999.8330  0.6351 
   00578    0.3984   -8007.0837  0.6366 
   00579    0.4012   -8005.0983  0.6265 
   00580    0.3944   -7972.9872  0.6312 
   00581    0.4056   -7929.2425  0.6302 
   00582    0.4064   -7903.1409  0.6279 
   00583    0.3908   -7909.8747  0.6292 
   00584    0.3964   -7931.4950  0.6273 
   00585    0.4140   -7927.7025  0.6302 
   00586    0.4064   -7927.0079  0.6316 
   00587    0.4044   -7967.4563  0.6302 
   00588    0.3968   -7998.5889  0.6228 
   00589    0.3948   -8003.3366  0.6120 
   00590    0.3896   -7963.4039  0.6103 
   00591    0.4040   -7968.2581  0.6169 
   00592    0.3852   -7929.5249  0.6149 
   00593    0.4024   -7933.5882  0.6109 
   00594    0.4140   -7915.4666  0.6143 
   00595    0.4008   -7996.8871  0.6089 
   00596    0.3952   -7966.1334  0.6123 
   00597    0.4020   -7991.2398  0.6213 
   00598    0.4068   -7989.3270  0.6209 
   00599    0.4040   -8008.8774  0.6255 
   00600    0.3948   -8017.7231  0.6295 
   00601    0.3932   -8060.9159  0.6330 
   00602    0.4004   -8044.1833  0.6380 
   00603    0.3860   -8037.0444  0.6319 
   00604    0.4048   -8025.0677  0.6293 
   00605    0.3900   -8027.4920  0.6286 
   00606    0.4044   -8024.9172  0.6189 
   00607    0.3944   -7981.5791  0.6183 
   00608    0.4044   -8006.7348  0.6151 
   00609    0.3956   -8027.4786  0.6186 
   00610    0.3900   -8028.6747  0.6176 
   00611    0.3908   -8033.8924  0.6201 
   00612    0.4176   -8051.9091  0.6205 
   00613    0.4060   -8059.3965  0.6199 
   00614    0.3896   -8061.5544  0.6164 
   00615    0.3948   -8070.7324  0.6163 
   00616    0.3880   -8068.6661  0.6183 
   00617    0.3976   -8014.4401  0.6223 
   00618    0.3916   -7977.2053  0.6196 
   00619    0.4032   -8009.7639  0.6187 
   00620    0.4224   -8033.2191  0.6095 
   00621    0.4252   -8033.8637  0.6161 
   00622    0.3920   -8003.0716  0.6142 
   00623    0.4084   -8071.3408  0.6193 
   00624    0.4012   -8090.4613  0.6244 
   00625    0.3976   -8063.8240  0.6290 
   00626    0.3988   -8054.9521  0.6287 
   00627    0.4024   -8032.2044  0.6318 
   00628    0.3916   -8001.6677  0.6378 
   00629    0.4008   -8022.3352  0.6364 
   00630    0.3840   -8027.1022  0.6365 
   00631    0.4148   -8014.3804  0.6417 
   00632    0.3980   -8044.3196  0.6445 
   00633    0.4056   -8033.5502  0.6410 
   00634    0.4016   -8007.4151  0.6438 
   00635    0.3948   -8017.7730  0.6492 
   00636    0.4036   -8044.2615  0.6468 
   00637    0.3812   -8021.7464  0.6539 
   00638    0.4056   -7997.8729  0.6580 
   00639    0.4232   -7955.9062  0.6578 
   00640    0.3952   -8019.5995  0.6556 
   00641    0.3920   -8069.0112  0.6566 
   00642    0.3972   -8033.2350  0.6581 
   00643    0.3836   -8021.7154  0.6587 
   00644    0.3864   -8037.0806  0.6658 
   00645    0.4032   -8059.2205  0.6719 
   00646    0.3952   -8052.2007  0.6666 
   00647    0.3992   -8040.1048  0.6691 
   00648    0.3928   -8044.1093  0.6692 
   00649    0.3884   -8084.6893  0.6699 
   00650    0.4068   -8117.3688  0.6735 
   00651    0.3960   -8084.9970  0.6661 
   00652    0.3944   -8071.9783  0.6667 
   00653    0.3956   -8098.1882  0.6638 
   00654    0.4004   -8100.7216  0.6643 
   00655    0.3924   -8020.0530  0.6577 
   00656    0.3900   -8016.8789  0.6610 
   00657    0.4132   -8018.2947  0.6582 
   00658    0.3796   -8039.1923  0.6588 
   00659    0.3920   -7942.6350  0.6563 
   00660    0.3920   -7999.9605  0.6578 
   00661    0.4040   -7995.9975  0.6546 
   00662    0.4028   -8021.4711  0.6533 
   00663    0.3992   -8043.4506  0.6528 
   00664    0.3752   -7984.4481  0.6434 
   00665    0.4032   -7962.8739  0.6460 
   00666    0.4024   -7944.8791  0.6461 
   00667    0.4016   -7979.4781  0.6452 
   00668    0.3900   -7933.6589  0.6484 
   00669    0.4084   -7960.3903  0.6502 
   00670    0.4064   -7989.9127  0.6497 
   00671    0.3912   -7986.9866  0.6466 
   00672    0.3936   -8019.8239  0.6462 
   00673    0.4020   -7992.9073  0.6568 
   00674    0.4120   -8016.2930  0.6698 
   00675    0.4000   -8045.8932  0.6703 
   00676    0.3944   -8059.5164  0.6647 
   00677    0.3968   -8119.5432  0.6705 
   00678    0.3880   -8156.5466  0.6683 
   00679    0.3976   -8088.7926  0.6629 
   00680    0.3992   -7997.2980  0.6596 
   00681    0.3900   -8013.0342  0.6578 
   00682    0.4004   -8032.9856  0.6687 
   00683    0.4144   -7968.4349  0.6613 
   00684    0.3952   -8014.7541  0.6542 
   00685    0.4052   -8045.9470  0.6568 
   00686    0.3964   -7984.8847  0.6579 
   00687    0.4128   -8017.5645  0.6597 
   00688    0.3836   -8011.0102  0.6549 
   00689    0.4012   -8060.3053  0.6556 
   00690    0.3864   -8110.6949  0.6565 
   00691    0.3796   -8118.3743  0.6647 
   00692    0.3872   -8075.3868  0.6649 
   00693    0.4044   -8041.9968  0.6606 
   00694    0.4000   -8012.4473  0.6652 
   00695    0.4024   -8063.5768  0.6684 
   00696    0.3836   -8029.6042  0.6642 
   00697    0.4000   -8053.1437  0.6692 
   00698    0.3932   -8063.1175  0.6702 
   00699    0.3916   -8054.6501  0.6622 
   00700    0.4028   -8015.2091  0.6669 
   00701    0.4148   -8044.0052  0.6712 
   00702    0.4108   -8017.4338  0.6655 
   00703    0.3812   -7998.2940  0.6637 
   00704    0.3916   -8050.6746  0.6657 
   00705    0.3888   -8020.8746  0.6628 
   00706    0.3932   -8007.1698  0.6633 
   00707    0.4112   -7924.9710  0.6592 
   00708    0.3980   -7879.6602  0.6564 
   00709    0.3936   -7953.8038  0.6558 
   00710    0.4148   -7949.0298  0.6583 
   00711    0.3936   -7878.3806  0.6575 
   00712    0.3964   -7861.8413  0.6517 
   00713    0.4104   -7954.8533  0.6594 
   00714    0.4072   -7959.1762  0.6564 
   00715    0.3892   -8026.1589  0.6586 
   00716    0.3824   -8055.8267  0.6497 
   00717    0.3976   -8076.3577  0.6514 
   00718    0.3828   -8073.5677  0.6548 
   00719    0.4020   -8064.7406  0.6634 
   00720    0.3888   -8058.6035  0.6624 
   00721    0.3864   -8040.1746  0.6601 
   00722    0.3784   -8013.9993  0.6614 
   00723    0.3952   -8021.4131  0.6634 
   00724    0.3956   -7906.8720  0.6553 
   00725    0.3948   -7892.8960  0.6559 
   00726    0.4044   -7971.7265  0.6599 
   00727    0.4036   -7992.7891  0.6618 
   00728    0.4128   -7983.3516  0.6580 
   00729    0.4060   -8051.7694  0.6676 
   00730    0.3836   -8048.5241  0.6749 
   00731    0.4028   -8121.6620  0.6778 
   00732    0.4084   -8119.1134  0.6828 
   00733    0.3944   -8080.4156  0.6840 
   00734    0.3908   -8082.7988  0.6828 
   00735    0.3960   -8060.1945  0.6819 
   00736    0.3924   -8057.1534  0.6844 
   00737    0.3960   -8050.7414  0.6813 
   00738    0.3804   -8062.3384  0.6827 
   00739    0.3984   -8053.3320  0.6845 
   00740    0.3900   -8060.3939  0.6859 
   00741    0.4120   -8000.0816  0.6805 
   00742    0.3884   -7981.8452  0.6756 
   00743    0.4100   -7938.1833  0.6738 
   00744    0.3932   -7944.1497  0.6801 
   00745    0.4092   -7988.0574  0.6812 
   00746    0.4040   -8007.9381  0.6794 
   00747    0.3848   -7966.7647  0.6722 
   00748    0.4068   -7981.2019  0.6745 
   00749    0.3984   -7952.2417  0.6684 
   00750    0.4256   -7980.3624  0.6647 
   00751    0.3984   -8031.5736  0.6574 
   00752    0.3960   -8017.5712  0.6584 
   00753    0.3892   -8004.8251  0.6550 
   00754    0.3892   -8035.0192  0.6566 
   00755    0.3956   -8007.1672  0.6552 
   00756    0.3924   -7952.0692  0.6567 
   00757    0.3960   -7919.6029  0.6566 
   00758    0.4172   -7956.7492  0.6609 
   00759    0.3884   -7999.9780  0.6606 
   00760    0.3956   -8029.6062  0.6636 
   00761    0.4000   -8040.3459  0.6571 
   00762    0.3744   -8037.5788  0.6585 
   00763    0.3984   -7997.2135  0.6560 
   00764    0.3968   -8008.8906  0.6590 
   00765    0.3952   -8017.5675  0.6576 
   00766    0.3964   -7963.2990  0.6619 
   00767    0.3952   -7947.4437  0.6587 
   00768    0.4052   -7966.3447  0.6597 
   00769    0.4104   -7988.6223  0.6578 
   00770    0.3964   -8030.3756  0.6551 
   00771    0.4188   -7978.9143  0.6509 
   00772    0.4032   -7913.5183  0.6453 
   00773    0.3940   -7906.9657  0.6444 
   00774    0.3880   -7933.0558  0.6476 
   00775    0.4172   -7937.8781  0.6460 
   00776    0.4188   -7938.4157  0.6456 
   00777    0.3968   -7927.9016  0.6424 
   00778    0.3972   -7954.8287  0.6384 
   00779    0.4128   -7928.1452  0.6437 
   00780    0.3976   -7966.6486  0.6458 
   00781    0.4044   -7964.6479  0.6438 
   00782    0.4036   -7967.0123  0.6434 
   00783    0.4076   -7935.4049  0.6384 
   00784    0.4024   -7917.4146  0.6353 
   00785    0.4084   -7907.6735  0.6386 
   00786    0.4060   -7960.4955  0.6364 
   00787    0.4016   -8038.3906  0.6387 
   00788    0.4104   -8070.1280  0.6397 
   00789    0.3848   -8068.4384  0.6432 
   00790    0.3820   -8085.6583  0.6457 
   00791    0.3844   -8049.6975  0.6473 
   00792    0.4104   -7984.1071  0.6369 
   00793    0.3992   -8003.9750  0.6438 
   00794    0.4096   -8003.4705  0.6370 
   00795    0.4176   -7888.9797  0.6348 
   00796    0.4056   -7931.2084  0.6373 
   00797    0.3864   -7961.6387  0.6380 
   00798    0.3876   -7973.1082  0.6418 
   00799    0.3980   -7946.6749  0.6502 
   00800    0.4036   -7989.2607  0.6535 
   00801    0.3908   -8056.0562  0.6551 
   00802    0.3944   -7991.4570  0.6579 
   00803    0.3952   -7971.4322  0.6599 
   00804    0.4120   -7909.7269  0.6592 
   00805    0.4016   -7929.4191  0.6577 
   00806    0.4104   -7982.2286  0.6606 
   00807    0.4176   -7998.8967  0.6640 
   00808    0.3928   -8027.5486  0.6643 
   00809    0.4016   -8009.0464  0.6728 
   00810    0.3828   -8006.3646  0.6683 
   00811    0.3972   -7991.8931  0.6678 
   00812    0.3908   -8015.4523  0.6701 
   00813    0.3924   -8020.4922  0.6616 
   00814    0.3896   -8040.0145  0.6629 
   00815    0.4068   -8115.4218  0.6613 
   00816    0.4004   -8069.9848  0.6614 
   00817    0.3976   -8024.9390  0.6619 
   00818    0.3884   -8017.5763  0.6664 
   00819    0.3996   -8009.6123  0.6592 
   00820    0.4064   -7973.8201  0.6615 
   00821    0.4128   -7935.3836  0.6568 
   00822    0.4036   -7920.0514  0.6518 
   00823    0.4144   -7905.7649  0.6523 
   00824    0.4304   -7906.6852  0.6556 
   00825    0.4100   -7937.0097  0.6641 
   00826    0.3924   -7907.0903  0.6610 
   00827    0.4052   -7892.7342  0.6566 
   00828    0.4008   -7992.8394  0.6550 
   00829    0.4000   -8023.6899  0.6567 
   00830    0.3924   -8038.2653  0.6632 
   00831    0.3756   -8064.4684  0.6702 
   00832    0.4044   -7996.7060  0.6662 
   00833    0.4088   -7941.9053  0.6688 
   00834    0.4072   -7912.6412  0.6642 
   00835    0.4024   -7930.4926  0.6696 
   00836    0.4076   -7906.7798  0.6708 
   00837    0.4000   -7878.2633  0.6681 
   00838    0.4076   -7894.2735  0.6750 
   00839    0.4052   -7841.0720  0.6727 
   00840    0.4068   -7898.2910  0.6814 
   00841    0.4024   -7955.0014  0.6758 
   00842    0.4204   -7925.2320  0.6775 
   00843    0.3868   -7873.3263  0.6684 
   00844    0.4040   -7876.5552  0.6712 
   00845    0.4244   -7852.9438  0.6670 
   00846    0.4056   -7883.8472  0.6693 
   00847    0.4100   -7882.4878  0.6673 
   00848    0.4116   -7859.3168  0.6681 
   00849    0.4044   -7910.4009  0.6692 
   00850    0.4092   -7903.9355  0.6717 
   00851    0.3960   -7902.9890  0.6718 
   00852    0.4116   -7927.2461  0.6787 
   00853    0.3800   -7919.6529  0.6706 
   00854    0.4100   -7954.6110  0.6705 
   00855    0.4012   -7962.1920  0.6759 
   00856    0.4020   -7951.4193  0.6857 
   00857    0.3936   -7915.6826  0.6891 
   00858    0.4004   -7923.3333  0.6888 
   00859    0.4052   -7974.7209  0.6925 
   00860    0.4016   -7998.3008  0.6865 
   00861    0.4064   -8018.4456  0.6835 
   00862    0.3988   -8025.0110  0.6860 
   00863    0.4088   -7996.3421  0.6808 
   00864    0.4160   -7994.2036  0.6789 
   00865    0.3916   -7994.8295  0.6729 
   00866    0.4056   -8036.0625  0.6698 
   00867    0.4072   -7941.8109  0.6654 
   00868    0.4068   -7959.4366  0.6681 
   00869    0.4036   -7957.7956  0.6700 
   00870    0.4136   -7996.1848  0.6749 
   00871    0.3876   -8001.9414  0.6760 
   00872    0.3904   -8028.7550  0.6769 
   00873    0.3880   -8041.8276  0.6819 
   00874    0.4052   -8029.9183  0.6837 
   00875    0.3948   -8012.4819  0.6831 
   00876    0.4012   -8009.8910  0.6833 
   00877    0.4052   -7932.6281  0.6750 
   00878    0.3992   -7968.6424  0.6796 
   00879    0.4156   -7980.5132  0.6801 
   00880    0.4056   -7996.2747  0.6808 
   00881    0.3896   -7995.1374  0.6861 
   00882    0.4160   -7959.8076  0.6829 
   00883    0.4004   -7979.3879  0.6920 
   00884    0.3936   -8020.6340  0.6921 
   00885    0.4148   -7971.1014  0.6910 
   00886    0.3896   -7946.7291  0.6949 
   00887    0.4052   -7933.4801  0.6906 
   00888    0.4052   -7917.4451  0.6918 
   00889    0.4136   -7922.1001  0.6933 
   00890    0.3960   -7872.1843  0.6937 
   00891    0.3920   -7950.2155  0.6947 
   00892    0.4088   -7996.1553  0.7009 
   00893    0.4136   -8022.4480  0.7063 
   00894    0.3872   -8002.3293  0.7052 
   00895    0.4104   -7955.5455  0.6990 
   00896    0.4136   -7969.8467  0.6996 
   00897    0.3940   -8031.5890  0.7026 
   00898    0.3908   -8032.6599  0.7036 
   00899    0.4272   -8012.5242  0.7085 
   00900    0.4148   -7962.0692  0.7053 
   00901    0.4136   -7964.8827  0.6989 
   00902    0.3904   -7990.7791  0.7061 
   00903    0.3972   -8012.1101  0.7052 
   00904    0.3976   -7983.9439  0.7014 
   00905    0.3980   -7907.9216  0.6980 
   00906    0.4116   -7865.1129  0.6924 
   00907    0.4104   -7900.6690  0.6985 
   00908    0.4188   -7948.8475  0.6996 
   00909    0.4048   -7926.8246  0.6912 
   00910    0.4080   -7932.5981  0.6837 
   00911    0.4116   -7931.7336  0.6858 
   00912    0.4184   -8047.0882  0.6948 
   00913    0.3920   -8028.6389  0.6982 
   00914    0.3888   -7984.5875  0.7012 
   00915    0.4092   -7990.9707  0.6987 
   00916    0.3940   -8008.4711  0.6976 
   00917    0.3924   -7978.0211  0.6946 
   00918    0.3952   -8005.9380  0.6913 
   00919    0.3940   -7984.4522  0.6888 
   00920    0.4000   -7959.3761  0.6948 
   00921    0.4068   -7925.3938  0.6960 
   00922    0.4032   -7981.4675  0.7044 
   00923    0.3992   -7934.3187  0.6986 
   00924    0.3920   -7961.2280  0.6965 
   00925    0.4156   -7999.1809  0.6927 
   00926    0.4008   -7983.8113  0.6928 
   00927    0.4172   -7960.4803  0.6919 
   00928    0.4208   -7992.8650  0.6966 
   00929    0.4060   -7974.2831  0.6926 
   00930    0.4024   -8002.1152  0.6949 
   00931    0.4160   -8070.3612  0.6951 
   00932    0.4048   -8078.8600  0.6947 
   00933    0.4076   -8043.8218  0.6905 
   00934    0.3844   -8045.1126  0.6895 
   00935    0.3920   -7999.4072  0.6895 
   00936    0.3976   -8009.6330  0.6962 
   00937    0.4016   -7990.3094  0.6931 
   00938    0.3968   -8012.3429  0.6914 
   00939    0.4056   -8056.5572  0.6983 
   00940    0.3968   -8019.9181  0.6974 
   00941    0.4008   -8019.8221  0.6905 
   00942    0.3888   -8022.6465  0.6944 
   00943    0.3848   -7942.2629  0.6853 
   00944    0.4060   -7903.1893  0.6817 
   00945    0.4016   -7931.1445  0.6822 
   00946    0.3980   -7968.5969  0.6839 
   00947    0.3864   -7992.4799  0.6773 
   00948    0.4196   -7903.9754  0.6757 
   00949    0.4152   -7950.8027  0.6828 
   00950    0.4124   -7928.9568  0.6810 
   00951    0.4080   -7955.2558  0.6761 
   00952    0.3840   -7953.3184  0.6701 
   00953    0.3860   -7952.5597  0.6716 
   00954    0.4092   -7958.8396  0.6763 
   00955    0.3960   -7986.4281  0.6711 
   00956    0.4048   -7996.6308  0.6619 
   00957    0.4112   -7967.6581  0.6668 
   00958    0.4084   -7987.3443  0.6721 
   00959    0.4032   -7929.6580  0.6676 
   00960    0.3980   -7929.8016  0.6632 
   00961    0.4152   -7863.6736  0.6551 
   00962    0.4152   -7817.6481  0.6554 
   00963    0.4112   -7882.4942  0.6606 
   00964    0.4072   -7923.1392  0.6590 
   00965    0.4000   -7928.0104  0.6499 
   00966    0.4300   -7868.0555  0.6554 
   00967    0.3948   -7856.3625  0.6581 
   00968    0.4168   -7874.5962  0.6568 
   00969    0.4164   -7918.7357  0.6597 
   00970    0.4108   -7903.7692  0.6597 
   00971    0.4100   -7940.5972  0.6635 
   00972    0.4104   -7925.6190  0.6600 
   00973    0.4132   -7893.7900  0.6537 
   00974    0.4008   -7980.6473  0.6591 
   00975    0.3964   -7919.2133  0.6569 
   00976    0.4148   -7932.9869  0.6552 
   00977    0.4176   -7937.9389  0.6590 
   00978    0.4016   -8002.3852  0.6556 
   00979    0.3992   -7994.6526  0.6588 
   00980    0.4052   -8023.3161  0.6619 
   00981    0.4092   -8018.9091  0.6700 
   00982    0.4080   -8026.5625  0.6747 
   00983    0.4064   -8028.5411  0.6743 
   00984    0.4048   -8011.7524  0.6834 
   00985    0.4012   -7976.8580  0.6870 
   00986    0.4028   -7955.3197  0.6966 
   00987    0.4088   -7961.7327  0.6959 
   00988    0.3980   -7943.3034  0.7000 
   00989    0.3924   -7956.9645  0.6993 
   00990    0.3964   -7987.6797  0.7015 
   00991    0.3820   -8000.2468  0.6998 
   00992    0.4076   -7927.0298  0.6984 
   00993    0.3984   -7950.0691  0.6990 
   00994    0.3996   -7921.2929  0.7035 
   00995    0.4028   -7985.6681  0.7062 
   00996    0.3948   -7978.6339  0.7072 
   00997    0.4016   -7956.8882  0.7079 
   00998    0.3840   -7942.9425  0.7045 
   00999    0.4008   -7962.6600  0.7028 
   01000    0.3956   -7972.4953  0.7117 
