#=====================================================
# File created:        Sun-10-Mar-2024-at-07-06-43PM
# Size of lattice:     50x50
# Number of MC steps:  1000
# Reduced temperature: 0.650
# Run time (s):        24.496935
#=====================================================
# MC step:  Ratio:     Energy:   Order:
#=====================================================
   00000    0.5000   -2528.4142  0.2640 
   00001    0.6624   -3858.1689  0.2798 
   00002    0.6016   -4583.3169  0.2743 
   00003    0.5672   -5164.0599  0.2771 
   00004    0.5508   -5530.1029  0.2783 
   00005    0.5392   -5725.5379  0.2702 
   00006    0.4988   -5917.6320  0.2775 
   00007    0.4876   -6094.4393  0.2798 
   00008    0.4948   -6207.1835  0.2934 
   00009    0.4968   -6285.9794  0.2927 
   00010    0.4796   -6465.7499  0.2936 
   00011    0.4632   -6518.8779  0.2990 
   00012    0.4492   -6619.5863  0.3067 
   00013    0.4712   -6795.8710  0.3158 
   00014    0.4536   -6800.0839  0.3225 
   00015    0.4552   -6813.0768  0.3310 
   00016    0.4632   -6909.9946  0.3310 
   00017    0.4576   -7041.9592  0.3331 
   00018    0.4448   -7099.1397  0.3318 
   00019    0.4536   -7151.3078  0.3437 
   00020    0.4360   -7202.8669  0.3484 
   00021    0.4460   -7184.0326  0.3500 
   00022    0.4396   -7141.4705  0.3582 
   00023    0.4448   -7106.0529  0.3613 
   00024    0.4236   -7168.3676  0.3601 
   00025    0.4376   -7174.8449  0.3696 
   00026    0.4420   -7136.5498  0.3700 
   00027    0.4312   -7136.2452  0.3659 
   00028    0.4372   -7182.1292  0.3673 
   00029    0.4188   -7215.3306  0.3701 
   00030    0.4324   -7291.3070  0.3781 
   00031    0.4352   -7330.0668  0.3884 
   00032    0.4232   -7326.9150  0.3862 
   00033    0.4516   -7291.3071  0.3882 
   00034    0.4404   -7287.9618  0.3854 
   00035    0.4316   -7284.0825  0.3925 
   00036    0.4280   -7286.6174  0.3980 
   00037    0.4356   -7329.5666  0.4066 
   00038    0.4380   -7335.1168  0.4075 
   00039    0.4292   -7342.5797  0.4155 
   00040    0.4068   -7401.4442  0.4163 
   00041    0.4204   -7425.8612  0.4236 
   00042    0.4204   -7411.1437  0.4237 
   00043    0.4212   -7396.2937  0.4224 
   00044    0.4256   -7401.6583  0.4310 
   00045    0.4344   -7443.7831  0.4317 
   00046    0.4144   -7492.7311  0.4341 
   00047    0.4156   -7512.3489  0.4342 
   00048    0.4220   -7475.9622  0.4508 
   00049    0.4192   -7511.5860  0.4533 
   00050    0.4080   -7532.0406  0.4501 
   00051    0.4228   -7559.0699  0.4519 
   00052    0.4204   -7556.0453  0.4491 
   00053    0.4304   -7558.7141  0.4484 
   00054    0.4168   -7581.2392  0.4434 
   00055    0.4184   -7607.7166  0.4420 
   00056    0.4104   -7600.5981  0.4437 
   00057    0.4148   -7663.5266  0.4503 
   00058    0.4132   -7665.8822  0.4460 
   00059    0.4032   -7628.4909  0.4398 
   00060    0.4060   -7616.5851  0.4386 
   00061    0.4216   -7606.6191  0.4319 
   00062    0.4236   -7605.3892  0.4264 
   00063    0.4268   -7563.4815  0.4305 
   00064    0.4216   -7590.0014  0.4272 
   00065    0.4284   -7596.3898  0.4271 
   00066    0.4108   -7604.8281  0.4374 
   00067    0.4144   -7662.9193  0.4377 
   00068    0.4068   -7627.5227  0.4336 
   00069    0.4152   -7547.2077  0.4365 
   00070    0.4288   -7555.0716  0.4331 
   00071    0.4292   -7587.6356  0.4317 
   00072    0.4128   -7643.4223  0.4366 
   00073    0.4172   -7715.0379  0.4384 
   00074    0.4012   -7675.2610  0.4380 
   00075    0.4136   -7686.5172  0.4405 
   00076    0.4088   -7694.5491  0.4431 
   00077    0.4272   -7639.3478  0.4402 
   00078    0.4096   -7627.1592  0.4409 
   00079    0.4224   -7670.7767  0.4529 
   00080    0.3892   -7677.8339  0.4570 
   00081    0.3948   -7704.4493  0.4664 
   00082    0.4132   -7705.6009  0.4705 
   00083    0.4060   -7696.5731  0.4743 
   00084    0.4028   -7691.3992  0.4795 
   00085    0.4116   -7700.4145  0.4881 
   00086    0.4136   -7688.8515  0.4890 
   00087    0.4100   -7675.7712  0.4917 
   00088    0.4328   -7585.6477  0.4851 
   00089    0.4044   -7639.2860  0.4869 
   00090    0.4128   -7712.4284  0.4902 
   00091    0.3964   -7723.4585  0.4865 
   00092    0.4164   -7706.0741  0.4863 
   00093    0.4228   -7699.2161  0.4862 
   00094    0.4232   -7769.5218  0.4820 
   00095    0.4052   -7740.2463  0.4807 
   00096    0.4092   -7745.3650  0.4796 
   00097    0.4216   -7785.4467  0.4778 
   00098    0.4080   -7757.5880  0.4841 
   00099    0.4160   -7717.8155  0.4821 
   00100    0.4256   -7761.1130  0.4788 
   00101    0.4136   -7755.2100  0.4812 
   00102    0.3940   -7725.1097  0.4755 
   00103    0.4240   -7725.9127  0.4774 
   00104    0.4324   -7733.3374  0.4727 
   00105    0.4188   -7739.6327  0.4776 
   00106    0.4352   -7733.4626  0.4824 
   00107    0.4124   -7764.0474  0.4821 
   00108    0.4136   -7770.9474  0.4882 
   00109    0.3900   -7772.2546  0.4925 
   00110    0.4148   -7754.7616  0.4997 
   00111    0.4104   -7725.6253  0.5040 
   00112    0.4064   -7736.5846  0.5006 
   00113    0.4188   -7748.5415  0.5066 
   00114    0.4184   -7688.5571  0.5079 
   00115    0.4236   -7816.5721  0.5099 
   00116    0.4100   -7776.2857  0.5063 
   00117    0.4072   -7762.4432  0.5103 
   00118    0.3988   -7735.7159  0.5103 
   00119    0.4160   -7832.7285  0.5143 
   00120    0.4072   -7843.1718  0.5167 
   00121    0.3976   -7838.9919  0.5126 
   00122    0.4000   -7889.8048  0.5123 
   00123    0.4160   -7877.6660  0.5092 
   00124    0.4044   -7897.7457  0.5149 
   00125    0.4036   -7944.0059  0.5137 
   00126    0.3976   -7924.0118  0.5131 
   00127    0.4100   -7883.7179  0.5121 
   00128    0.3920   -7907.0704  0.5080 
   00129    0.4220   -7852.5448  0.5141 
   00130    0.4056   -7830.2439  0.5181 
   00131    0.3872   -7889.6281  0.5195 
   00132    0.4076   -7862.7974  0.5190 
   00133    0.3980   -7830.0145  0.5176 
   00134    0.4268   -7843.3145  0.5158 
   00135    0.4004   -7826.9991  0.5190 
   00136    0.4068   -7841.7857  0.5223 
   00137    0.4068   -7836.0294  0.5212 
   00138    0.4096   -7792.6596  0.5246 
   00139    0.4200   -7829.9272  0.5281 
   00140    0.4000   -7844.5077  0.5342 
   00141    0.4248   -7789.6764  0.5300 
   00142    0.4164   -7829.5208  0.5328 
   00143    0.4116   -7861.0068  0.5323 
   00144    0.4164   -7867.2976  0.5340 
   00145    0.3924   -7885.1591  0.5367 
   00146    0.4036   -7901.5352  0.5337 
   00147    0.4184   -7930.4288  0.5396 
   00148    0.3952   -7894.1419  0.5401 
   00149    0.4236   -7893.2428  0.5457 
   00150    0.4036   -7882.6513  0.5449 
   00151    0.3848   -7844.1155  0.5398 
   00152    0.3872   -7826.7343  0.5435 
   00153    0.3988   -7834.6980  0.5496 
   00154    0.4092   -7850.8991  0.5509 
   00155    0.4056   -7899.9523  0.5570 
   00156    0.4036   -7862.2691  0.5494 
   00157    0.4172   -7894.8394  0.5545 
   00158    0.3960   -7935.7849  0.5557 
   00159    0.4192   -7936.2294  0.5512 
   00160    0.3996   -7908.0223  0.5458 
   00161    0.4064   -7901.9351  0.5472 
   00162    0.3992   -7902.7370  0.5459 
   00163    0.4200   -7848.6620  0.5417 
   00164    0.4076   -7815.3779  0.5364 
   00165    0.3868   -7819.5148  0.5375 
   00166    0.3940   -7794.7698  0.5368 
   00167    0.3936   -7712.5926  0.5399 
   00168    0.4160   -7689.2075  0.5405 
   00169    0.4152   -7763.1192  0.5411 
   00170    0.4208   -7802.9004  0.5453 
   00171    0.4016   -7724.4553  0.5403 
   00172    0.4148   -7730.4276  0.5370 
   00173    0.4012   -7736.6486  0.5381 
   00174    0.4064   -7788.0889  0.5450 
   00175    0.4200   -7818.9130  0.5408 
   00176    0.4184   -7759.4085  0.5406 
   00177    0.4092   -7820.5758  0.5413 
   00178    0.4096   -7806.4101  0.5460 
   00179    0.4116   -7829.9813  0.5553 
   00180    0.4168   -7858.7794  0.5637 
   00181    0.4092   -7868.2935  0.5716 
   00182    0.3944   -7816.8444  0.5705 
   00183    0.4140   -7820.2485  0.5709 
   00184    0.3924   -7816.7730  0.5638 
   00185    0.4268   -7807.1266  0.5640 
   00186    0.3932   -7842.8374  0.5687 
   00187    0.4152   -7831.3548  0.5603 
   00188    0.4128   -7771.2545  0.5614 
   00189    0.4016   -7736.9220  0.5632 
   00190    0.4084   -7813.2258  0.5647 
   00191    0.4152   -7867.5629  0.5684 
   00192    0.3952   -7841.9353  0.5703 
   00193    0.4172   -7852.4441  0.5773 
   00194    0.4116   -7902.3702  0.5766 
   00195    0.4056   -7909.0712  0.5694 
   00196    0.3976   -7839.3816  0.5703 
   00197    0.3932   -7875.6291  0.5716 
   00198    0.4024   -7812.4081  0.5699 
   00199    0.4152   -7881.2503  0.5771 
   00200    0.4304   -7901.0815  0.5752 
   00201    0.3960   -7910.3969  0.5815 
   00202    0.4048   -7871.9573  0.5772 
   00203    0.4144   -7910.5731  0.5805 
   00204    0.3984   -7860.8405  0.5755 
   00205    0.4088   -7820.0688  0.5719 
   00206    0.4172   -7800.7026  0.5803 
   00207    0.4108   -7849.4629  0.5822 
   00208    0.4144   -7880.5196  0.5860 
   00209    0.4008   -7830.8698  0.5831 
   00210    0.4152   -7857.5216  0.5798 
   00211    0.4188   -7928.5535  0.5781 
   00212    0.3940   -7810.4797  0.5761 
   00213    0.3876   -7820.3976  0.5754 
   00214    0.4044   -7854.7343  0.5869 
   00215    0.3888   -7890.7102  0.5838 
   00216    0.4228   -7890.1750  0.5853 
   00217    0.4068   -7862.0034  0.5811 
   00218    0.4324   -7860.4123  0.5775 
   00219    0.3996   -7791.1280  0.5785 
   00220    0.4120   -7773.0360  0.5754 
   00221    0.4228   -7792.1312  0.5677 
   00222    0.4160   -7770.3416  0.5723 
   00223    0.4208   -7834.7232  0.5765 
   00224    0.4064   -7835.0145  0.5814 
   00225    0.4132   -7906.9979  0.5827 
   00226    0.4132   -7856.0959  0.5778 
   00227    0.4072   -7853.1880  0.5706 
   00228    0.4048   -7861.7417  0.5813 
   00229    0.3984   -7834.0436  0.5812 
   00230    0.4236   -7807.2917  0.5816 
   00231    0.4100   -7865.7013  0.5761 
   00232    0.4176   -7897.7132  0.5727 
   00233    0.4076   -7840.6149  0.5758 
   00234    0.4244   -7876.4225  0.5719 
   00235    0.4108   -7857.8138  0.5759 
   00236    0.4260   -7886.7621  0.5798 
   00237    0.4040   -7878.8743  0.5780 
   00238    0.3984   -7993.2300  0.5840 
   00239    0.4024   -7995.5361  0.5875 
   00240    0.4144   -8045.6908  0.5880 
   00241    0.3724   -8026.9339  0.5940 
   00242    0.4160   -7986.9265  0.5895 
   00243    0.4000   -7913.6245  0.5895 
   00244    0.3988   -7914.8483  0.5910 
   00245    0.3992   -7924.5098  0.5916 
   00246    0.3860   -7918.6313  0.5860 
   00247    0.4020   -7910.8861  0.5884 
   00248    0.4116   -7891.9075  0.5911 
   00249    0.3888   -7937.1389  0.5906 
   00250    0.4044   -7951.5251  0.5979 
   00251    0.4116   -7920.2106  0.5967 
   00252    0.3836   -7963.7542  0.6006 
   00253    0.4024   -7880.2281  0.6035 
   00254    0.4016   -7892.4110  0.6032 
   00255    0.4164   -7937.7160  0.6026 
   00256    0.4000   -7929.1035  0.5998 
   00257    0.4076   -7920.0587  0.5974 
   00258    0.4136   -7934.4992  0.6116 
   00259    0.3824   -7906.5680  0.6114 
   00260    0.4072   -7904.6698  0.6092 
   00261    0.3980   -7918.1082  0.6190 
   00262    0.4156   -7920.8959  0.6235 
   00263    0.3900   -7938.5948  0.6197 
   00264    0.3924   -7940.5569  0.6153 
   00265    0.3924   -7847.1923  0.6015 
   00266    0.4108   -7850.4662  0.5967 
   00267    0.4164   -7851.9055  0.5972 
   00268    0.4100   -7840.6971  0.5911 
   00269    0.4020   -7856.1508  0.5934 
   00270    0.3960   -7950.1921  0.5897 
   00271    0.3944   -7974.8193  0.5926 
   00272    0.4056   -7966.4076  0.5909 
   00273    0.4072   -7966.8313  0.5931 
   00274    0.4000   -7999.5068  0.5932 
   00275    0.4024   -8000.2103  0.5919 
   00276    0.4124   -7993.9280  0.5967 
   00277    0.4120   -8013.2951  0.5908 
   00278    0.3868   -7884.3098  0.5897 
   00279    0.4108   -7859.3578  0.5929 
   00280    0.4024   -7801.9461  0.5863 
   00281    0.4124   -7796.5844  0.5848 
   00282    0.4140   -7828.4685  0.5827 
   00283    0.4040   -7824.2324  0.5812 
   00284    0.4080   -7933.6374  0.5796 
   00285    0.4008   -7855.4887  0.5831 
   00286    0.3888   -7923.4619  0.5832 
   00287    0.3936   -7859.2655  0.5817 
   00288    0.4012   -7911.5063  0.5766 
   00289    0.4008   -7869.8645  0.5756 
   00290    0.4024   -7835.4787  0.5682 
   00291    0.4136   -7834.5589  0.5763 
   00292    0.4008   -7865.1576  0.5794 
   00293    0.3952   -7952.2912  0.5786 
   00294    0.4080   -8014.5306  0.5755 
   00295    0.3972   -7991.0209  0.5764 
   00296    0.3940   -7977.3448  0.5807 
   00297    0.3784   -7968.9012  0.5709 
   00298    0.4064   -7908.5473  0.5682 
   00299    0.4064   -7964.7706  0.5716 
   00300    0.3784   -8009.5632  0.5797 
   00301    0.4140   -7998.0875  0.5735 
   00302    0.4080   -7949.5716  0.5755 
   00303    0.4140   -7939.3985  0.5733 
   00304    0.4040   -7898.2763  0.5687 
   00305    0.3984   -7896.5099  0.5671 
   00306    0.4196   -7922.0333  0.5618 
   00307    0.4160   -7905.1767  0.5633 
   00308    0.4216   -7880.7588  0.5612 
   00309    0.4020   -7933.8891  0.5625 
   00310    0.4040   -7902.3924  0.5598 
   00311    0.4056   -7961.6418  0.5575 
   00312    0.3988   -7927.3603  0.5494 
   00313    0.4004   -7911.6000  0.5451 
   00314    0.4000   -7876.6574  0.5455 
   00315    0.3888   -7857.9481  0.5506 
   00316    0.3960   -7852.3602  0.5476 
   00317    0.4100   -7882.3923  0.5479 
   00318    0.3964   -7865.7871  0.5394 
   00319    0.4156   -7911.8274  0.5482 
   00320    0.4144   -7860.1457  0.5498 
   00321    0.3876   -7775.9459  0.5515 
   00322    0.4196   -7847.3160  0.5558 
   00323    0.4068   -7860.8683  0.5532 
   00324    0.4020   -7846.7430  0.5510 
   00325    0.4120   -7787.1397  0.5487 
   00326    0.3964   -7816.7288  0.5477 
   00327    0.4100   -7834.2393  0.5482 
   00328    0.3988   -7867.1583  0.5501 
   00329    0.3980   -7929.6918  0.5497 
   00330    0.4024   -7954.7660  0.5570 
   00331    0.4016   -7931.9291  0.5560 
   00332    0.3988   -7980.4138  0.5579 
   00333    0.3980   -7987.4337  0.5531 
   00334    0.4044   -8006.5179  0.5616 
   00335    0.4000   -7992.5546  0.5599 
   00336    0.3996   -7962.3487  0.5521 
   00337    0.4112   -8006.4856  0.5508 
   00338    0.4048   -7996.1237  0.5528 
   00339    0.4008   -7941.4110  0.5532 
   00340    0.4124   -7944.6846  0.5529 
   00341    0.4012   -7942.8110  0.5519 
   00342    0.4012   -7953.6378  0.5541 
   00343    0.3904   -7973.7664  0.5594 
   00344    0.4132   -7981.5149  0.5637 
   00345    0.3912   -7965.7843  0.5712 
   00346    0.4076   -7956.7588  0.5742 
   00347    0.3984   -7912.7015  0.5725 
   00348    0.4092   -7872.5902  0.5717 
   00349    0.3960   -7914.2331  0.5692 
   00350    0.4120   -7904.1718  0.5729 
   00351    0.4052   -7925.6082  0.5767 
   00352    0.3888   -7952.7420  0.5728 
   00353    0.4192   -7911.8607  0.5641 
   00354    0.4048   -7895.9113  0.5670 
   00355    0.3968   -7925.6213  0.5685 
   00356    0.3984   -7909.6879  0.5722 
   00357    0.3988   -7957.6543  0.5751 
   00358    0.3872   -7971.2113  0.5790 
   00359    0.4012   -8010.5329  0.5844 
   00360    0.3836   -7937.9132  0.5826 
   00361    0.3788   -7965.5195  0.5860 
   00362    0.3884   -7976.1269  0.5839 
   00363    0.4004   -7920.6664  0.5818 
   00364    0.4028   -7906.9211  0.5791 
   00365    0.3976   -7893.9974  0.5827 
   00366    0.4232   -7888.4198  0.5836 
   00367    0.4084   -7847.3587  0.5899 
   00368    0.4060   -7900.7570  0.5943 
   00369    0.4016   -7992.7665  0.6016 
   00370    0.4040   -7929.9132  0.6011 
   00371    0.4100   -7935.3417  0.5982 
   00372    0.4008   -7955.2260  0.6059 
   00373    0.4068   -7960.0565  0.5942 
   00374    0.3992   -7938.7305  0.6024 
   00375    0.4004   -7995.1022  0.6065 
   00376    0.3992   -7960.5736  0.6069 
   00377    0.4096   -7942.4135  0.6086 
   00378    0.3940   -7892.3997  0.6116 
   00379    0.4220   -7931.1499  0.6125 
   00380    0.4152   -7907.6452  0.6120 
   00381    0.4144   -7934.9585  0.6154 
   00382    0.3904   -7953.8223  0.6143 
   00383    0.3972   -7964.8453  0.6169 
   00384    0.4068   -7892.2665  0.6248 
   00385    0.4076   -7863.3672  0.6303 
   00386    0.4096   -7896.0316  0.6325 
   00387    0.4056   -7926.7510  0.6296 
   00388    0.3968   -7864.5011  0.6321 
   00389    0.4056   -7896.0266  0.6397 
   00390    0.3980   -7899.8050  0.6461 
   00391    0.4084   -7967.2231  0.6516 
   00392    0.3896   -8041.5762  0.6616 
   00393    0.4012   -8039.6611  0.6565 
   00394    0.4048   -8104.3604  0.6583 
   00395    0.3892   -8098.6529  0.6564 
   00396    0.4032   -8113.5665  0.6506 
   00397    0.3840   -8080.5359  0.6532 
   00398    0.3968   -8029.5467  0.6514 
   00399    0.4092   -7996.1546  0.6492 
   00400    0.3896   -7966.0845  0.6530 
   00401    0.4016   -7972.9990  0.6470 
   00402    0.3936   -7900.8820  0.6450 
   00403    0.3992   -7906.1160  0.6401 
   00404    0.4160   -7946.6039  0.6471 
   00405    0.4004   -7929.8476  0.6490 
   00406    0.3872   -7991.3137  0.6574 
   00407    0.4108   -8001.2658  0.6564 
   00408    0.3888   -8005.4031  0.6515 
   00409    0.4096   -7984.7905  0.6551 
   00410    0.4072   -7946.3642  0.6533 
   00411    0.3908   -7932.1435  0.6523 
   00412    0.4140   -7976.7624  0.6508 
   00413    0.4084   -7955.0204  0.6502 
   00414    0.4016   -7931.7267  0.6486 
   00415    0.4148   -7886.2700  0.6451 
   00416    0.4084   -7878.6148  0.6449 
   00417    0.4052   -7974.2019  0.6414 
   00418    0.4004   -7942.0134  0.6389 
   00419    0.3828   -7983.4321  0.6415 
   00420    0.4088   -7949.6451  0.6436 
   00421    0.4192   -7985.7068  0.6466 
   00422    0.4064   -7959.0592  0.6433 
   00423    0.4032   -7913.7654  0.6328 
   00424    0.3948   -7978.4609  0.6390 
   00425    0.3944   -8027.0294  0.6374 
   00426    0.3900   -8050.7320  0.6401 
   00427    0.3932   -8044.7699  0.6354 
   00428    0.4232   -7975.0632  0.6350 
   00429    0.4052   -7975.8771  0.6398 
   00430    0.4184   -8045.6260  0.6373 
   00431    0.3864   -7972.1939  0.6341 
   00432    0.4020   -7976.4624  0.6414 
   00433    0.3984   -7951.3059  0.6354 
   00434    0.4148   -7995.7609  0.6324 
   00435    0.3916   -7990.3695  0.6349 
   00436    0.4056   -7940.2420  0.6342 
   00437    0.3932   -7950.2428  0.6351 
   00438    0.3968   -7963.4939  0.6327 
   00439    0.4092   -7899.5059  0.6283 
   00440    0.4036   -7941.1912  0.6306 
   00441    0.4000   -7927.0507  0.6338 
   00442    0.3988   -7901.1514  0.6263 
   00443    0.3992   -7896.4758  0.6278 
   00444    0.3988   -7954.4574  0.6276 
   00445    0.3840   -7923.5103  0.6267 
   00446    0.4060   -7906.4977  0.6293 
   00447    0.4248   -7859.9193  0.6303 
   00448    0.4036   -7871.3861  0.6365 
   00449    0.4152   -7851.8476  0.6416 
   00450    0.4044   -7908.8943  0.6477 
   00451    0.4056   -7909.1694  0.6515 
   00452    0.4100   -8024.2140  0.6532 
   00453    0.4096   -8031.0699  0.6577 
   00454    0.3988   -8009.0691  0.6582 
   00455    0.4064   -7992.2030  0.6551 
   00456    0.4068   -7970.3757  0.6604 
   00457    0.4096   -7926.1633  0.6605 
   00458    0.4056   -7953.9599  0.6574 
   00459    0.3980   -7938.7896  0.6508 
   00460    0.4028   -7921.8665  0.6566 
   00461    0.3964   -7946.2694  0.6570 
   00462    0.4028   -7883.9655  0.6593 
   00463    0.4188   -7927.3422  0.6601 
   00464    0.4144   -7898.1729  0.6542 
   00465    0.4020   -7866.0452  0.6513 
   00466    0.4140   -7904.6166  0.6562 
   00467    0.4092   -7914.4271  0.6559 
   00468    0.3880   -8016.2913  0.6535 
   00469    0.4068   -7953.9393  0.6520 
   00470    0.4044   -7971.1012  0.6460 
   00471    0.4156   -7944.1552  0.6423 
   00472    0.4004   -7938.6740  0.6444 
   00473    0.3992   -7932.5707  0.6477 
   00474    0.4188   -7912.2259  0.6479 
   00475    0.4028   -7864.8678  0.6436 
   00476    0.4032   -7884.6152  0.6471 
   00477    0.3884   -7941.8400  0.6466 
   00478    0.3964   -7897.5026  0.6464 
   00479    0.4168   -7908.3195  0.6517 
   00480    0.4204   -7896.7561  0.6550 
   00481    0.4060   -7894.3571  0.6531 
   00482    0.4308   -7931.5275  0.6549 
   00483    0.3976   -7931.0461  0.6532 
   00484    0.3948   -7959.7342  0.6548 
   00485    0.4160   -7939.5424  0.6597 
   00486    0.4032   -7928.7276  0.6626 
   00487    0.4044   -7924.0895  0.6616 
   00488    0.4024   -7978.4538  0.6635 
   00489    0.4068   -8016.0660  0.6630 
   00490    0.3976   -7986.7777  0.6609 
   00491    0.4108   -7981.2294  0.6559 
   00492    0.3936   -7946.0295  0.6497 
   00493    0.4192   -7950.4454  0.6513 
   00494    0.3944   -7952.6352  0.6556 
   00495    0.3856   -7921.9657  0.6625 
   00496    0.4072   -7896.7350  0.6594 
   00497    0.4000   -7911.6144  0.6612 
   00498    0.3988   -7987.0174  0.6646 
   00499    0.4024   -7958.2961  0.6681 
   00500    0.4056   -7993.1088  0.6779 
   00501    0.3908   -7983.1314  0.6797 
   00502    0.4088   -7963.1449  0.6833 
   00503    0.3956   -7969.3864  0.6851 
   00504    0.3792   -7908.3921  0.6844 
   00505    0.4044   -7923.2434  0.6911 
   00506    0.4028   -7864.3843  0.6826 
   00507    0.3980   -7896.3982  0.6767 
   00508    0.4028   -7910.5860  0.6823 
   00509    0.4092   -7958.0310  0.6806 
   00510    0.4052   -7954.7352  0.6832 
   00511    0.4004   -8000.2469  0.6861 
   00512    0.4024   -8023.6784  0.6871 
   00513    0.3992   -7961.4057  0.6826 
   00514    0.4008   -8023.4588  0.6821 
   00515    0.4168   -7956.2242  0.6818 
   00516    0.4020   -7973.9574  0.6828 
   00517    0.3932   -7943.8886  0.6837 
   00518    0.4000   -7990.7388  0.6776 
   00519    0.3992   -8001.2359  0.6843 
   00520    0.4020   -7983.6329  0.6869 
   00521    0.3920   -7983.8789  0.6879 
   00522    0.3876   -8004.3073  0.6925 
   00523    0.3832   -7968.7245  0.6938 
   00524    0.4124   -8042.5488  0.6961 
   00525    0.4004   -7996.6558  0.6957 
   00526    0.4044   -8106.3184  0.7054 
   00527    0.4036   -8071.0184  0.7008 
   00528    0.3960   -8081.6849  0.6995 
   00529    0.3852   -7988.5358  0.6921 
   00530    0.3964   -8041.9501  0.6959 
   00531    0.4004   -8067.0595  0.6988 
   00532    0.4116   -7997.0130  0.6959 
   00533    0.4116   -7981.2289  0.6974 
   00534    0.4012   -7978.2500  0.6956 
   00535    0.4040   -7963.2642  0.6936 
   00536    0.3976   -7933.6136  0.6896 
   00537    0.4032   -7927.6871  0.6916 
   00538    0.3856   -7977.9532  0.6933 
   00539    0.3936   -7909.6682  0.6893 
   00540    0.4064   -7883.8133  0.6874 
   00541    0.4104   -7909.2369  0.6869 
   00542    0.3924   -7955.7842  0.6847 
   00543    0.3964   -7880.1870  0.6770 
   00544    0.4068   -7885.7283  0.6806 
   00545    0.4008   -7900.2246  0.6811 
   00546    0.4032   -7862.8150  0.6798 
   00547    0.4252   -7852.2228  0.6794 
   00548    0.3980   -7910.9254  0.6820 
   00549    0.4160   -7915.4427  0.6724 
   00550    0.3820   -7982.0284  0.6702 
   00551    0.4084   -7963.6530  0.6751 
   00552    0.3988   -7910.9607  0.6661 
   00553    0.3968   -7948.6254  0.6637 
   00554    0.4020   -7983.6096  0.6643 
   00555    0.3920   -8011.7381  0.6684 
   00556    0.4052   -8020.0310  0.6671 
   00557    0.4100   -7979.3585  0.6732 
   00558    0.4000   -7984.9231  0.6760 
   00559    0.4132   -7978.6788  0.6769 
   00560    0.4092   -7948.8317  0.6725 
   00561    0.4020   -7964.7684  0.6724 
   00562    0.4024   -7956.7766  0.6676 
   00563    0.4064   -7954.3109  0.6685 
   00564    0.3976   -7932.9785  0.6696 
   00565    0.4096   -7907.9836  0.6698 
   00566    0.4000   -7899.8229  0.6743 
   00567    0.4100   -7926.4840  0.6688 
   00568    0.3796   -7950.4314  0.6677 
   00569    0.4116   -7957.3659  0.6728 
   00570    0.3840   -7962.2227  0.6720 
   00571    0.4060   -7919.8405  0.6711 
   00572    0.4100   -7959.7737  0.6747 
   00573    0.4088   -7889.2951  0.6743 
   00574    0.4116   -7888.0688  0.6699 
   00575    0.4132   -7897.5135  0.6625 
   00576    0.3960   -7919.5061  0.6653 
   00577    0.4036   -7981.6392  0.6719 
   00578    0.3960   -8030.0647  0.6752 
   00579    0.4108   -8020.4730  0.6758 
   00580    0.4060   -8009.9205  0.6758 
   00581    0.4064   -7998.4156  0.6851 
   00582    0.3948   -7951.2734  0.6852 
   00583    0.3884   -7962.5957  0.6913 
   00584    0.3948   -7886.2113  0.6957 
   00585    0.4172   -7950.9369  0.6970 
   00586    0.4176   -7924.5206  0.6969 
   00587    0.3864   -7909.0396  0.7040 
   00588    0.4108   -7914.2316  0.7033 
   00589    0.4008   -7942.1211  0.7022 
   00590    0.3896   -7977.5054  0.6999 
   00591    0.3968   -8015.6263  0.6998 
   00592    0.4036   -8024.8128  0.6983 
   00593    0.3828   -7929.3113  0.6898 
   00594    0.4156   -7939.1895  0.6900 
   00595    0.3908   -7916.5452  0.6892 
   00596    0.3956   -7898.0110  0.6854 
   00597    0.4032   -7951.0102  0.6897 
   00598    0.4004   -7937.8548  0.6899 
   00599    0.3992   -7965.0939  0.6955 
   00600    0.3896   -7909.9323  0.6961 
   00601    0.4060   -7871.8583  0.6969 
   00602    0.4032   -7919.9215  0.6997 
   00603    0.3972   -7873.8158  0.7034 
   00604    0.4180   -7922.8629  0.7079 
   00605    0.3976   -7999.6414  0.7131 
   00606    0.4140   -7927.7435  0.7106 
   00607    0.3932   -7912.7753  0.7073 
   00608    0.4032   -8005.2778  0.7080 
   00609    0.4092   -7939.5580  0.7145 
   00610    0.4088   -7965.9982  0.7142 
   00611    0.4064   -7940.9049  0.7144 
   00612    0.4004   -7948.6640  0.7112 
   00613    0.4056   -7905.7431  0.7056 
   00614    0.4192   -7881.0707  0.7047 
   00615    0.3840   -7928.3209  0.7134 
   00616    0.3936   -7928.4071  0.7093 
   00617    0.4024   -7895.4693  0.7078 
   00618    0.4076   -7911.7763  0.7155 
   00619    0.4024   -7915.3588  0.7099 
   00620    0.4004   -7902.7672  0.7100 
   00621    0.4124   -7958.7064  0.7134 
   00622    0.4156   -7922.4601  0.7057 
   00623    0.3940   -7993.4096  0.7170 
   00624    0.3948   -8044.6379  0.7163 
   00625    0.4020   -8053.2592  0.7210 
   00626    0.3964   -8079.1367  0.7273 
   00627    0.4032   -8042.5582  0.7253 
   00628    0.4068   -8043.0349  0.7245 
   00629    0.3852   -8053.6127  0.7186 
   00630    0.3952   -8093.4582  0.7209 
   00631    0.3868   -8099.5325  0.7143 
   00632    0.3928   -8102.3030  0.7120 
   00633    0.4212   -8097.9218  0.7108 
   00634    0.3884   -8073.5793  0.7110 
   00635    0.3948   -7996.3470  0.7068 
   00636    0.4160   -8013.0243  0.7036 
   00637    0.4080   -8051.0726  0.7075 
   00638    0.3976   -8110.6632  0.7063 
   00639    0.4072   -8083.7192  0.7046 
   00640    0.3928   -8100.7271  0.7061 
   00641    0.3856   -8090.5357  0.7029 
   00642    0.3904   -8135.2044  0.7036 
   00643    0.3840   -8114.2162  0.7007 
   00644    0.4012   -8076.3654  0.7008 
   00645    0.3884   -8139.1926  0.7040 
   00646    0.3916   -8083.0673  0.7048 
   00647    0.3960   -8072.3028  0.7116 
   00648    0.3988   -8131.3412  0.7221 
   00649    0.3996   -8083.9398  0.7242 
   00650    0.4172   -8026.0837  0.7128 
   00651    0.3916   -8054.3539  0.7132 
   00652    0.3832   -7993.4703  0.7068 
   00653    0.4092   -7968.8416  0.7054 
   00654    0.4108   -8002.8846  0.7094 
   00655    0.3956   -8057.0273  0.7149 
   00656    0.3752   -8056.7410  0.7147 
   00657    0.3936   -7980.9735  0.7128 
   00658    0.4064   -7994.4918  0.7153 
   00659    0.4064   -8036.0775  0.7112 
   00660    0.4012   -8100.9617  0.7167 
   00661    0.4168   -8060.5633  0.7140 
   00662    0.4012   -8087.6383  0.7202 
   00663    0.3872   -8134.7690  0.7256 
   00664    0.3888   -8087.7850  0.7257 
   00665    0.4136   -8076.3869  0.7251 
   00666    0.4072   -8113.2363  0.7287 
   00667    0.3892   -8033.5136  0.7272 
   00668    0.3984   -8021.7874  0.7243 
   00669    0.4172   -7975.2634  0.7234 
   00670    0.3940   -7959.6050  0.7133 
   00671    0.4196   -8011.9420  0.7240 
   00672    0.3876   -8020.0828  0.7309 
   00673    0.3948   -8062.5917  0.7346 
   00674    0.3960   -8074.1106  0.7298 
   00675    0.4040   -8082.9698  0.7319 
   00676    0.3928   -8020.5197  0.7358 
   00677    0.4144   -8046.7862  0.7363 
   00678    0.3856   -8047.3947  0.7370 
   00679    0.3964   -8142.7811  0.7371 
   00680    0.3932   -8214.2337  0.7368 
   00681    0.3708   -8138.5346  0.7365 
   00682    0.3932   -8150.8195  0.7400 
   00683    0.3900   -8149.0394  0.7332 
   00684    0.4056   -8031.1007  0.7212 
   00685    0.3904   -8025.8911  0.7202 
   00686    0.4044   -8068.5662  0.7238 
   00687    0.3920   -8100.4163  0.7225 
   00688    0.3860   -8102.7566  0.7267 
   00689    0.4012   -8102.0587  0.7320 
   00690    0.4032   -8078.6567  0.7308 
   00691    0.4084   -8046.7016  0.7291 
   00692    0.4100   -8028.1913  0.7260 
   00693    0.3932   -8034.8730  0.7254 
   00694    0.4008   -8084.8889  0.7251 
   00695    0.4036   -8065.1791  0.7304 
   00696    0.3992   -8096.3072  0.7306 
   00697    0.4032   -8041.0124  0.7332 
   00698    0.3920   -8065.4352  0.7377 
   00699    0.3916   -8068.5046  0.7370 
   00700    0.3936   -8043.3478  0.7357 
   00701    0.4104   -8010.8372  0.7357 
   00702    0.4152   -8031.2099  0.7309 
   00703    0.4000   -8109.3255  0.7324 
   00704    0.4052   -8072.8476  0.7325 
   00705    0.3936   -8064.2259  0.7350 
   00706    0.4040   -8019.2692  0.7323 
   00707    0.4136   -7967.7415  0.7321 
   00708    0.4040   -7979.2440  0.7366 
   00709    0.3864   -7926.6918  0.7267 
   00710    0.4012   -7937.8451  0.7249 
   00711    0.4020   -7939.4932  0.7225 
   00712    0.3980   -7970.7700  0.7226 
   00713    0.4028   -7985.1956  0.7206 
   00714    0.4036   -8027.7739  0.7271 
   00715    0.3828   -8050.6010  0.7218 
   00716    0.3948   -8025.7250  0.7222 
   00717    0.3936   -7978.7746  0.7244 
   00718    0.4024   -7991.4979  0.7263 
   00719    0.4232   -8044.3056  0.7359 
   00720    0.3916   -7998.1577  0.7366 
   00721    0.3892   -8049.5968  0.7360 
   00722    0.3960   -8093.5049  0.7386 
   00723    0.3860   -8061.6130  0.7398 
   00724    0.3888   -8113.5648  0.7447 
   00725    0.3924   -8102.8325  0.7495 
   00726    0.3936   -8109.7559  0.7482 
   00727    0.3828   -8105.9497  0.7448 
   00728    0.3868   -8101.9034  0.7444 
   00729    0.4000   -8098.6453  0.7455 
   00730    0.3888   -8135.9782  0.7484 
   00731    0.4128   -8083.6800  0.7463 
   00732    0.3912   -8033.5266  0.7498 
   00733    0.4024   -8041.0223  0.7487 
   00734    0.3936   -8082.1246  0.7528 
   00735    0.3840   -8085.0745  0.7530 
   00736    0.3932   -8074.8760  0.7527 
   00737    0.3956   -8091.3205  0.7595 
   00738    0.4060   -8102.6158  0.7580 
   00739    0.3968   -8161.8994  0.7610 
   00740    0.3892   -8111.5253  0.7585 
   00741    0.3860   -8155.2089  0.7590 
   00742    0.4036   -8116.6858  0.7598 
   00743    0.3896   -8111.8706  0.7536 
   00744    0.4316   -8062.7796  0.7504 
   00745    0.3980   -8046.1043  0.7474 
   00746    0.3976   -8032.1616  0.7589 
   00747    0.3892   -8074.9370  0.7568 
   00748    0.3952   -8094.3269  0.7608 
   00749    0.4028   -8113.4944  0.7628 
   00750    0.3960   -8115.9919  0.7590 
   00751    0.3724   -8127.4196  0.7575 
   00752    0.4120   -8061.0443  0.7554 
   00753    0.4068   -8004.1100  0.7461 
   00754    0.3976   -8017.0522  0.7433 
   00755    0.4024   -8017.1556  0.7450 
   00756    0.3956   -8035.9009  0.7397 
   00757    0.3892   -8040.8812  0.7497 
   00758    0.3896   -7984.6032  0.7498 
   00759    0.4024   -8000.1651  0.7518 
   00760    0.4224   -7969.9775  0.7533 
   00761    0.3876   -7965.2826  0.7584 
   00762    0.3820   -8036.0462  0.7607 
   00763    0.4112   -7978.6557  0.7607 
   00764    0.3980   -7914.3492  0.7546 
   00765    0.3976   -8017.8040  0.7620 
   00766    0.3972   -8086.8856  0.7672 
   00767    0.4076   -8038.3897  0.7608 
   00768    0.3980   -8063.0114  0.7607 
   00769    0.3932   -8023.4547  0.7598 
   00770    0.3996   -8039.3524  0.7572 
   00771    0.3948   -8005.2049  0.7574 
   00772    0.4052   -8006.7886  0.7537 
   00773    0.3784   -7972.0670  0.7496 
   00774    0.4100   -8011.0370  0.7524 
   00775    0.3880   -8019.4651  0.7459 
   00776    0.3944   -7983.3760  0.7439 
   00777    0.3952   -8003.7812  0.7449 
   00778    0.4108   -7982.4983  0.7424 
   00779    0.3840   -7962.0746  0.7420 
   00780    0.3976   -8040.9079  0.7473 
   00781    0.4132   -8021.6742  0.7433 
   00782    0.3852   -8083.9424  0.7416 
   00783    0.3948   -8023.5628  0.7386 
   00784    0.3660   -8046.8713  0.7460 
   00785    0.3900   -8012.9480  0.7461 
   00786    0.3960   -8018.8120  0.7421 
   00787    0.4036   -8105.9928  0.7428 
   00788    0.3984   -8048.9463  0.7433 
   00789    0.4040   -8052.7118  0.7449 
   00790    0.3872   -8090.5836  0.7460 
   00791    0.3936   -8043.3889  0.7431 
   00792    0.3904   -8109.8855  0.7458 
   00793    0.3976   -8103.6953  0.7471 
   00794    0.3980   -8053.3713  0.7428 
   00795    0.3936   -8034.2464  0.7415 
   00796    0.4048   -8076.2051  0.7377 
   00797    0.3944   -8059.8982  0.7388 
   00798    0.4012   -8046.1596  0.7410 
   00799    0.3908   -8072.3500  0.7444 
   00800    0.4132   -8095.8476  0.7449 
   00801    0.3904   -8109.3179  0.7478 
   00802    0.4024   -8081.5569  0.7502 
   00803    0.3856   -8130.1860  0.7544 
   00804    0.4036   -8114.8433  0.7487 
   00805    0.3724   -8097.6672  0.7511 
   00806    0.4096   -8086.2571  0.7533 
   00807    0.4116   -8061.7481  0.7471 
   00808    0.3996   -8062.3641  0.7476 
   00809    0.3868   -8057.6603  0.7486 
   00810    0.3928   -8149.5769  0.7480 
   00811    0.3992   -8100.8591  0.7467 
   00812    0.3840   -8104.0218  0.7497 
   00813    0.3892   -8074.9639  0.7529 
   00814    0.3848   -8088.7580  0.7531 
   00815    0.3976   -8072.1602  0.7457 
   00816    0.3916   -8062.9548  0.7416 
   00817    0.3856   -8107.3382  0.7452 
   00818    0.3972   -8028.6348  0.7406 
   00819    0.4040   -7995.7886  0.7448 
   00820    0.3976   -8035.2969  0.7448 
   00821    0.3952   -8045.8947  0.7438 
   00822    0.4180   -8081.7063  0.7479 
   00823    0.4156   -8125.2387  0.7505 
   00824    0.3944   -8064.3801  0.7418 
   00825    0.3960   -8098.9843  0.7479 
   00826    0.3960   -8057.9067  0.7421 
   00827    0.3992   -8044.0302  0.7407 
   00828    0.4012   -8071.2376  0.7404 
   00829    0.3732   -8064.7718  0.7363 
   00830    0.3964   -8075.2787  0.7390 
   00831    0.4092   -8115.4688  0.7379 
   00832    0.3992   -8126.5424  0.7399 
   00833    0.3840   -8135.9791  0.7376 
   00834    0.3780   -8083.2262  0.7400 
   00835    0.3940   -8105.2900  0.7373 
   00836    0.3844   -8106.1378  0.7428 
   00837    0.3816   -8111.7689  0.7405 
   00838    0.3840   -8077.9396  0.7396 
   00839    0.4164   -8050.7161  0.7340 
   00840    0.3904   -8106.3129  0.7396 
   00841    0.3844   -8058.9880  0.7360 
   00842    0.4012   -8037.9315  0.7309 
   00843    0.3896   -8011.0514  0.7308 
   00844    0.3840   -8080.0644  0.7342 
   00845    0.3840   -8075.3619  0.7410 
   00846    0.4040   -8070.5292  0.7397 
   00847    0.4020   -8048.1522  0.7337 
   00848    0.4040   -7998.2190  0.7329 
   00849    0.4136   -7981.7528  0.7240 
   00850    0.3980   -7978.0224  0.7239 
   00851    0.3944   -8040.6615  0.7316 
   00852    0.4140   -8034.0934  0.7252 
   00853    0.4092   -7994.8018  0.7230 
   00854    0.4076   -7996.3892  0.7239 
   00855    0.3960   -8011.6215  0.7301 
   00856    0.4372   -8005.5830  0.7249 
   00857    0.3984   -7970.3514  0.7256 
   00858    0.4088   -7988.7649  0.7218 
   00859    0.4120   -8003.2616  0.7302 
   00860    0.3900   -8038.6505  0.7380 
   00861    0.3988   -7996.9238  0.7347 
   00862    0.3984   -7955.9270  0.7354 
   00863    0.3944   -7965.4609  0.7374 
   00864    0.3936   -7949.0419  0.7345 
   00865    0.4224   -7992.5297  0.7379 
   00866    0.3972   -7967.7127  0.7328 
   00867    0.3860   -7972.5690  0.7317 
   00868    0.4008   -7969.3330  0.7335 
   00869    0.4016   -7995.7381  0.7362 
   00870    0.4036   -8002.3605  0.7365 
   00871    0.4112   -7992.5899  0.7356 
   00872    0.4116   -8009.9816  0.7336 
   00873    0.4108   -7983.0109  0.7365 
   00874    0.3828   -7982.8491  0.7389 
   00875    0.4036   -8041.2127  0.7445 
   00876    0.4008   -7983.0647  0.7335 
   00877    0.4096   -7963.2857  0.7277 
   00878    0.4264   -7982.3966  0.7283 
   00879    0.4016   -7953.6102  0.7311 
   00880    0.3884   -7925.5387  0.7357 
   00881    0.4000   -7932.4384  0.7300 
   00882    0.3996   -7990.1558  0.7253 
   00883    0.3920   -7915.3785  0.7249 
   00884    0.4112   -7916.7979  0.7262 
   00885    0.3860   -7954.3916  0.7298 
   00886    0.3860   -7923.3916  0.7286 
   00887    0.3876   -7945.9348  0.7300 
   00888    0.4108   -8008.3504  0.7332 
   00889    0.3932   -8022.7412  0.7380 
   00890    0.4236   -7996.4918  0.7359 
   00891    0.3844   -8078.5408  0.7459 
   00892    0.4152   -8060.6687  0.7435 
   00893    0.3848   -8044.3506  0.7397 
   00894    0.3776   -8032.0235  0.7414 
   00895    0.3952   -8044.3183  0.7486 
   00896    0.3848   -8058.5730  0.7482 
   00897    0.3980   -8078.7604  0.7511 
   00898    0.3856   -8100.3939  0.7504 
   00899    0.3992   -8113.2832  0.7499 
   00900    0.4024   -8044.9618  0.7548 
   00901    0.4044   -7998.3958  0.7474 
   00902    0.3916   -7939.1319  0.7433 
   00903    0.3992   -7916.4928  0.7408 
   00904    0.4180   -7880.4008  0.7378 
   00905    0.3824   -7912.3021  0.7418 
   00906    0.4104   -7928.5711  0.7469 
   00907    0.4028   -7960.4658  0.7514 
   00908    0.4056   -8016.7313  0.7486 
   00909    0.4068   -7973.0492  0.7446 
   00910    0.4160   -7969.1213  0.7479 
   00911    0.3956   -7951.7322  0.7516 
   00912    0.4084   -7930.8543  0.7599 
   00913    0.4076   -7921.4038  0.7585 
   00914    0.3972   -7896.9617  0.7626 
   00915    0.4024   -7859.1275  0.7581 
   00916    0.4008   -7867.9982  0.7538 
   00917    0.3968   -7891.1632  0.7543 
   00918    0.3988   -7905.9438  0.7591 
   00919    0.3988   -7952.9957  0.7613 
   00920    0.3980   -8042.4921  0.7675 
   00921    0.4092   -8040.8171  0.7648 
   00922    0.4124   -8041.7792  0.7652 
   00923    0.4184   -8006.2782  0.7607 
   00924    0.4004   -7996.3687  0.7656 
   00925    0.4016   -7948.9343  0.7574 
   00926    0.3908   -7948.5937  0.7630 
   00927    0.3940   -7968.9268  0.7637 
   00928    0.3912   -7949.2294  0.7632 
   00929    0.4076   -7930.9144  0.7588 
   00930    0.3940   -8024.7860  0.7626 
   00931    0.4012   -8008.7058  0.7636 
   00932    0.3904   -8043.1884  0.7651 
   00933    0.3868   -8047.2458  0.7674 
   00934    0.3692   -8084.9247  0.7685 
   00935    0.4052   -8051.0796  0.7687 
   00936    0.4008   -8029.9718  0.7651 
   00937    0.4032   -8032.2647  0.7690 
   00938    0.3932   -7981.1622  0.7669 
   00939    0.3968   -7995.6956  0.7659 
   00940    0.3880   -8007.8708  0.7715 
   00941    0.4092   -8059.5135  0.7751 
   00942    0.4104   -8004.4531  0.7778 
   00943    0.4024   -8011.8946  0.7832 
   00944    0.4052   -8067.9651  0.7808 
   00945    0.3996   -8082.4769  0.7844 
   00946    0.3964   -8001.8177  0.7738 
   00947    0.4080   -7988.8775  0.7738 
   00948    0.3912   -8052.2845  0.7809 
   00949    0.3948   -8041.5463  0.7780 
   00950    0.3908   -8047.7734  0.7731 
   00951    0.3996   -8066.7824  0.7732 
   00952    0.3904   -8027.9094  0.7736 
   00953    0.3932   -8061.2840  0.7768 
   00954    0.4012   -8067.3841  0.7799 
   00955    0.3984   -8011.0102  0.7790 
   00956    0.3892   -7942.1932  0.7818 
   00957    0.3984   -7981.8257  0.7842 
   00958    0.4004   -7967.2141  0.7824 
   00959    0.3976   -8000.7641  0.7852 
   00960    0.4044   -8078.0548  0.7889 
   00961    0.3976   -8099.5810  0.7851 
   00962    0.3724   -8087.6639  0.7853 
   00963    0.3968   -8101.8315  0.7826 
   00964    0.3996   -8096.9123  0.7866 
   00965    0.3872   -8045.2675  0.7855 
   00966    0.4032   -8012.5887  0.7845 
   00967    0.3876   -8038.7852  0.7813 
   00968    0.4024   -8056.6359  0.7821 
   00969    0.3996   -8021.4091  0.7812 
   00970    0.4140   -8012.3436  0.7753 
   00971    0.4112   -8033.7191  0.7784 
   00972    0.4048   -7989.8375  0.7769 
   00973    0.4076   -7978.0113  0.7800 
   00974    0.3960   -7975.4963  0.7836 
   00975    0.3852   -8031.1687  0.7855 
   00976    0.4024   -7982.9574  0.7806 
   00977    0.3908   -8026.9697  0.7807 
   00978    0.4192   -8051.2119  0.7841 
   00979    0.3988   -8073.2591  0.7830 
   00980    0.3880   -8085.4882  0.7836 
   00981    0.3892   -8067.3619  0.7771 
   00982    0.4120   -8042.3890  0.7748 
   00983    0.3952   -8010.6882  0.7712 
   00984    0.3836   -8005.6402  0.7717 
   00985    0.4044   -8042.7621  0.7732 
   00986    0.3968   -7993.8540  0.7746 
   00987    0.4044   -8011.9565  0.7735 
   00988    0.3984   -8080.4414  0.7740 
   00989    0.3972   -8044.8249  0.7712 
   00990    0.4160   -8026.3681  0.7709 
   00991    0.4068   -8075.8462  0.7726 
   00992    0.3936   -8036.7489  0.7707 
   00993    0.3884   -8034.2132  0.7724 
   00994    0.3912   -8059.6509  0.7724 
   00995    0.3952   -8010.5333  0.7665 
   00996    0.4084   -8034.7198  0.7644 
   00997    0.4200   -8003.1850  0.7627 
   00998    0.4132   -7991.4147  0.7583 
   00999    0.4068   -8006.9162  0.7602 
   01000    0.4116   -8034.3963  0.7591 
