#=====================================================
# File created:        Wed-13-Mar-2024-at-12-35-23AM
# Size of lattice:     50x50
# Number of MC steps:  1000
# Reduced temperature: 0.650
# Run time (s):        0.838071
#=====================================================
# MC step:  Ratio:     Energy:   Order:
#=====================================================
   00000    0.5000   -2515.0731  0.2800 
   00001    0.6820   -3728.1468  0.2841 
   00002    0.6324   -4495.9916  0.2927 
   00003    0.5600   -5071.1811  0.2974 
   00004    0.5412   -5449.9823  0.2995 
   00005    0.5116   -5795.5251  0.3003 
   00006    0.5084   -6075.5092  0.3032 
   00007    0.4732   -6300.7457  0.2987 
   00008    0.4732   -6427.4526  0.3061 
   00009    0.4664   -6595.1095  0.3110 
   00010    0.4588   -6643.1373  0.3169 
   00011    0.4564   -6754.8778  0.3237 
   00012    0.4424   -6781.5278  0.3273 
   00013    0.4584   -6927.6994  0.3306 
   00014    0.4552   -6971.8984  0.3302 
   00015    0.4644   -7008.1277  0.3308 
   00016    0.4388   -7113.1530  0.3364 
   00017    0.4348   -7158.3565  0.3447 
   00018    0.4424   -7227.5213  0.3432 
   00019    0.4484   -7268.1072  0.3484 
   00020    0.4288   -7185.6187  0.3527 
   00021    0.4068   -7267.4960  0.3656 
   00022    0.4184   -7288.1436  0.3749 
   00023    0.4372   -7359.5250  0.3842 
   00024    0.4328   -7347.3134  0.3931 
   00025    0.4268   -7370.4323  0.3997 
   00026    0.4340   -7387.6471  0.4014 
   00027    0.4452   -7353.6436  0.3970 
   00028    0.4424   -7357.0753  0.3917 
   00029    0.4504   -7395.3270  0.3885 
   00030    0.4164   -7401.3621  0.3877 
   00031    0.4408   -7388.6991  0.3992 
   00032    0.4168   -7434.9891  0.4028 
   00033    0.4356   -7448.3744  0.4020 
   00034    0.4096   -7489.9915  0.3999 
   00035    0.4276   -7459.8681  0.4051 
   00036    0.4396   -7384.8620  0.4055 
   00037    0.4256   -7433.7511  0.3963 
   00038    0.4096   -7438.3204  0.4034 
   00039    0.4212   -7412.7284  0.4055 
   00040    0.4304   -7376.9805  0.4129 
   00041    0.4184   -7358.2883  0.4132 
   00042    0.4384   -7344.6312  0.4170 
   00043    0.4208   -7402.2941  0.4231 
   00044    0.4272   -7486.2266  0.4339 
   00045    0.4284   -7442.2827  0.4384 
   00046    0.4236   -7497.0957  0.4387 
   00047    0.4348   -7507.2433  0.4377 
   00048    0.4300   -7523.6468  0.4354 
   00049    0.4040   -7544.7006  0.4311 
   00050    0.4244   -7539.9922  0.4374 
   00051    0.4160   -7570.2946  0.4429 
   00052    0.3960   -7601.2308  0.4509 
   00053    0.4208   -7608.5183  0.4470 
   00054    0.4300   -7570.7395  0.4514 
   00055    0.4376   -7526.1656  0.4506 
   00056    0.4104   -7480.1905  0.4491 
   00057    0.4228   -7493.1897  0.4513 
   00058    0.4288   -7538.1149  0.4581 
   00059    0.4224   -7595.3802  0.4655 
   00060    0.4088   -7597.8231  0.4652 
   00061    0.4072   -7605.3105  0.4659 
   00062    0.4212   -7620.9140  0.4670 
   00063    0.4168   -7659.6013  0.4655 
   00064    0.4036   -7691.7736  0.4699 
   00065    0.4184   -7654.6575  0.4711 
   00066    0.4248   -7724.7504  0.4730 
   00067    0.3884   -7696.6726  0.4694 
   00068    0.4064   -7681.7338  0.4677 
   00069    0.4244   -7652.0838  0.4711 
   00070    0.4336   -7709.2090  0.4724 
   00071    0.4192   -7716.8933  0.4765 
   00072    0.4072   -7690.7810  0.4779 
   00073    0.4180   -7689.4232  0.4764 
   00074    0.3892   -7658.0215  0.4761 
   00075    0.4076   -7660.5758  0.4741 
   00076    0.4280   -7653.4588  0.4730 
   00077    0.4008   -7682.1974  0.4845 
   00078    0.4204   -7674.2005  0.4847 
   00079    0.4304   -7679.1594  0.4870 
   00080    0.4196   -7673.1717  0.4882 
   00081    0.4112   -7725.4819  0.4938 
   00082    0.4028   -7721.3526  0.4984 
   00083    0.4108   -7740.6371  0.4980 
   00084    0.4200   -7715.8281  0.4975 
   00085    0.4060   -7661.5640  0.5015 
   00086    0.4060   -7742.2372  0.5066 
   00087    0.4036   -7696.2653  0.5059 
   00088    0.4276   -7722.7609  0.5029 
   00089    0.4116   -7747.5353  0.4960 
   00090    0.4112   -7716.5133  0.5016 
   00091    0.4140   -7685.0914  0.5005 
   00092    0.3952   -7672.4786  0.5027 
   00093    0.4228   -7728.2772  0.5053 
   00094    0.3936   -7772.8621  0.5035 
   00095    0.3948   -7752.1153  0.5019 
   00096    0.4152   -7789.5100  0.5096 
   00097    0.4208   -7827.5597  0.5116 
   00098    0.3860   -7851.7416  0.5105 
   00099    0.3980   -7819.3606  0.5109 
   00100    0.4016   -7801.7632  0.5057 
   00101    0.4224   -7780.7429  0.5009 
   00102    0.4200   -7816.4124  0.4984 
   00103    0.4020   -7814.8033  0.4949 
   00104    0.4168   -7794.6736  0.4969 
   00105    0.4292   -7818.9586  0.5069 
   00106    0.4044   -7737.5273  0.5029 
   00107    0.4324   -7741.5114  0.5055 
   00108    0.4132   -7729.4440  0.5047 
   00109    0.3968   -7690.6074  0.4932 
   00110    0.4096   -7727.0853  0.5014 
   00111    0.4048   -7712.3939  0.5065 
   00112    0.4156   -7710.5245  0.5080 
   00113    0.4100   -7737.4634  0.5012 
   00114    0.4192   -7680.0644  0.5049 
   00115    0.4024   -7739.1706  0.5060 
   00116    0.4168   -7754.7475  0.5061 
   00117    0.4116   -7783.5446  0.5098 
   00118    0.4120   -7788.2297  0.5132 
   00119    0.3968   -7790.1747  0.5120 
   00120    0.4108   -7810.3080  0.4998 
   00121    0.4188   -7775.8295  0.5013 
   00122    0.4096   -7796.6708  0.4955 
   00123    0.4128   -7799.2862  0.4967 
   00124    0.4148   -7746.6367  0.4954 
   00125    0.4060   -7753.9657  0.4923 
   00126    0.4136   -7683.9390  0.5019 
   00127    0.4104   -7733.4224  0.5041 
   00128    0.4024   -7705.2234  0.5015 
   00129    0.3948   -7769.9214  0.5046 
   00130    0.3992   -7781.9236  0.5056 
   00131    0.4132   -7750.8600  0.5127 
   00132    0.3996   -7727.8169  0.5148 
   00133    0.4148   -7709.5653  0.5144 
   00134    0.4128   -7699.0250  0.5177 
   00135    0.4204   -7754.2757  0.5194 
   00136    0.4092   -7815.5758  0.5201 
   00137    0.4104   -7809.4595  0.5159 
   00138    0.4016   -7847.4382  0.5198 
   00139    0.3856   -7891.9329  0.5302 
   00140    0.4080   -7794.1075  0.5246 
   00141    0.4052   -7800.6862  0.5268 
   00142    0.4116   -7843.8552  0.5237 
   00143    0.4160   -7800.9803  0.5158 
   00144    0.4168   -7772.7624  0.5181 
   00145    0.4348   -7808.9815  0.5176 
   00146    0.3860   -7753.5832  0.5122 
   00147    0.4216   -7732.2658  0.5106 
   00148    0.4188   -7776.8013  0.5114 
   00149    0.4100   -7766.9120  0.5214 
   00150    0.4288   -7742.6990  0.5257 
   00151    0.4236   -7793.3773  0.5225 
   00152    0.4320   -7808.2871  0.5230 
   00153    0.4188   -7850.9202  0.5292 
   00154    0.3936   -7833.2837  0.5381 
   00155    0.3972   -7874.2849  0.5397 
   00156    0.4148   -7895.6472  0.5422 
   00157    0.3872   -7899.9991  0.5385 
   00158    0.3976   -7879.0984  0.5462 
   00159    0.3904   -7888.2939  0.5406 
   00160    0.4156   -7867.0953  0.5494 
   00161    0.4136   -7857.3289  0.5501 
   00162    0.3976   -7862.0838  0.5508 
   00163    0.4192   -7860.0715  0.5443 
   00164    0.3944   -7852.3742  0.5469 
   00165    0.4028   -7871.9966  0.5450 
   00166    0.3892   -7885.4711  0.5419 
   00167    0.4064   -7874.8682  0.5455 
   00168    0.3972   -7847.4408  0.5429 
   00169    0.4072   -7889.7214  0.5467 
   00170    0.3904   -7941.9010  0.5497 
   00171    0.3936   -7964.5193  0.5533 
   00172    0.3932   -7952.4375  0.5490 
   00173    0.4072   -7878.3381  0.5425 
   00174    0.4128   -7901.3766  0.5370 
   00175    0.3952   -7915.9118  0.5424 
   00176    0.3948   -7947.8456  0.5426 
   00177    0.3956   -7939.6624  0.5444 
   00178    0.4104   -7913.1814  0.5468 
   00179    0.3984   -7876.7661  0.5483 
   00180    0.4028   -7867.2056  0.5469 
   00181    0.4060   -7889.7978  0.5451 
   00182    0.3892   -7954.5878  0.5406 
   00183    0.3988   -7967.9654  0.5380 
   00184    0.3988   -7989.1892  0.5386 
   00185    0.4044   -7977.4596  0.5397 
   00186    0.4008   -7899.3044  0.5380 
   00187    0.4156   -7864.6589  0.5387 
   00188    0.4088   -7834.9658  0.5308 
   00189    0.3976   -7839.0858  0.5280 
   00190    0.4176   -7891.3198  0.5357 
   00191    0.3996   -7872.7005  0.5376 
   00192    0.4192   -7898.9364  0.5406 
   00193    0.4024   -7838.1194  0.5401 
   00194    0.4220   -7878.9318  0.5422 
   00195    0.4040   -7874.4878  0.5357 
   00196    0.3992   -7838.5547  0.5397 
   00197    0.3864   -7850.8362  0.5313 
   00198    0.4164   -7853.6404  0.5305 
   00199    0.4024   -7848.9364  0.5281 
   00200    0.4148   -7826.0434  0.5281 
   00201    0.4004   -7860.1144  0.5341 
   00202    0.4048   -7821.7795  0.5339 
   00203    0.4104   -7883.0622  0.5358 
   00204    0.4036   -7894.1364  0.5390 
   00205    0.4188   -7886.2429  0.5426 
   00206    0.4096   -7880.7017  0.5512 
   00207    0.3988   -7846.8568  0.5459 
   00208    0.4072   -7875.0114  0.5461 
   00209    0.4124   -7922.3890  0.5508 
   00210    0.3996   -7898.9357  0.5451 
   00211    0.4144   -7846.6433  0.5423 
   00212    0.4056   -7865.6987  0.5428 
   00213    0.3924   -7842.0206  0.5444 
   00214    0.4056   -7911.5933  0.5474 
   00215    0.3980   -7931.5384  0.5487 
   00216    0.3892   -7912.1176  0.5448 
   00217    0.3876   -7967.1894  0.5452 
   00218    0.3952   -7876.4806  0.5518 
   00219    0.4100   -7866.1041  0.5517 
   00220    0.4116   -7828.9550  0.5502 
   00221    0.4212   -7844.3025  0.5470 
   00222    0.4016   -7835.7331  0.5470 
   00223    0.4204   -7849.0920  0.5505 
   00224    0.4020   -7840.5144  0.5475 
   00225    0.4100   -7857.1346  0.5488 
   00226    0.4140   -7876.1335  0.5480 
   00227    0.3912   -7808.1400  0.5451 
   00228    0.4040   -7785.9188  0.5528 
   00229    0.4116   -7814.7167  0.5633 
   00230    0.3972   -7780.2018  0.5660 
   00231    0.4116   -7839.2631  0.5698 
   00232    0.3992   -7829.6584  0.5695 
   00233    0.4000   -7829.1383  0.5699 
   00234    0.4104   -7883.5785  0.5727 
   00235    0.4084   -7833.5594  0.5750 
   00236    0.4016   -7851.3998  0.5812 
   00237    0.4012   -7861.0135  0.5785 
   00238    0.4108   -7863.7737  0.5791 
   00239    0.4100   -7878.6719  0.5769 
   00240    0.4028   -7888.8610  0.5817 
   00241    0.4092   -7918.7032  0.5873 
   00242    0.4120   -7935.8605  0.5936 
   00243    0.4104   -7919.6868  0.5900 
   00244    0.4048   -7911.6999  0.5961 
   00245    0.4016   -7927.7622  0.5926 
   00246    0.4020   -7946.5675  0.5885 
   00247    0.4116   -7925.1179  0.5927 
   00248    0.4064   -7984.2741  0.5961 
   00249    0.3972   -7919.7356  0.5927 
   00250    0.3924   -7922.3179  0.5903 
   00251    0.3860   -7955.7839  0.5935 
   00252    0.3976   -7941.3002  0.5945 
   00253    0.3880   -7949.7413  0.5950 
   00254    0.3888   -7996.0617  0.5966 
   00255    0.3996   -7975.6562  0.5974 
   00256    0.4204   -7965.9702  0.5941 
   00257    0.4068   -7975.8932  0.5945 
   00258    0.3912   -7992.5910  0.5893 
   00259    0.4160   -7997.7375  0.5858 
   00260    0.4012   -7974.6310  0.5851 
   00261    0.4284   -7930.0045  0.5866 
   00262    0.3992   -7966.0472  0.5825 
   00263    0.4056   -7973.0639  0.5779 
   00264    0.3944   -8022.8452  0.5854 
   00265    0.3884   -7968.5201  0.5841 
   00266    0.4068   -7984.5305  0.5854 
   00267    0.4160   -7984.3173  0.5880 
   00268    0.3868   -7925.5822  0.5846 
   00269    0.4092   -7854.8168  0.5778 
   00270    0.4000   -7870.9225  0.5798 
   00271    0.3916   -7923.0751  0.5816 
   00272    0.4016   -7923.0848  0.5809 
   00273    0.4000   -7936.0765  0.5772 
   00274    0.3868   -7937.5195  0.5707 
   00275    0.4008   -7973.4450  0.5771 
   00276    0.4060   -7980.3807  0.5761 
   00277    0.4072   -8009.0322  0.5812 
   00278    0.3928   -7971.8338  0.5802 
   00279    0.4152   -7905.2617  0.5764 
   00280    0.4076   -7876.2782  0.5686 
   00281    0.3984   -7877.4507  0.5725 
   00282    0.4060   -7914.3292  0.5774 
   00283    0.4000   -7919.1254  0.5842 
   00284    0.4160   -7924.3676  0.5760 
   00285    0.3860   -7861.2426  0.5766 
   00286    0.3968   -7883.4163  0.5750 
   00287    0.4004   -7942.5985  0.5838 
   00288    0.3900   -7927.3585  0.5894 
   00289    0.4048   -7918.7686  0.5928 
   00290    0.4124   -7950.2923  0.5907 
   00291    0.4056   -7951.0675  0.5869 
   00292    0.4068   -7950.8933  0.5908 
   00293    0.3908   -7993.3671  0.5942 
   00294    0.3996   -7946.1285  0.5934 
   00295    0.4064   -7924.8944  0.5926 
   00296    0.4152   -7980.3537  0.5935 
   00297    0.4052   -8031.2848  0.5893 
   00298    0.4044   -8041.3253  0.5928 
   00299    0.3972   -7964.2527  0.5865 
   00300    0.4092   -7936.8609  0.5860 
   00301    0.4124   -7899.9840  0.5893 
   00302    0.4036   -7909.2459  0.5876 
   00303    0.4016   -7937.2892  0.5944 
   00304    0.3924   -7961.2198  0.5930 
   00305    0.4068   -7957.5915  0.5970 
   00306    0.4116   -8023.2096  0.5985 
   00307    0.4056   -8019.9627  0.5964 
   00308    0.3960   -7991.3185  0.5913 
   00309    0.3980   -7998.0477  0.5972 
   00310    0.3924   -7989.0920  0.6010 
   00311    0.4024   -8017.9259  0.6078 
   00312    0.4004   -8077.7008  0.6161 
   00313    0.3788   -8015.2894  0.6152 
   00314    0.3912   -7969.1793  0.6062 
   00315    0.4120   -7949.5251  0.6142 
   00316    0.3904   -7929.1379  0.6076 
   00317    0.4040   -7950.6462  0.6103 
   00318    0.4196   -7946.4916  0.6063 
   00319    0.4248   -7982.7443  0.6076 
   00320    0.3960   -8010.5844  0.6110 
   00321    0.3892   -8014.7247  0.6128 
   00322    0.4032   -7995.4308  0.6136 
   00323    0.3988   -7961.2706  0.6170 
   00324    0.4036   -8021.6657  0.6259 
   00325    0.3880   -8057.5124  0.6260 
   00326    0.3844   -8040.2435  0.6302 
   00327    0.4176   -8064.6122  0.6366 
   00328    0.4072   -8101.1731  0.6401 
   00329    0.3888   -8021.3235  0.6285 
   00330    0.4060   -7995.1224  0.6288 
   00331    0.4024   -8042.7211  0.6389 
   00332    0.3912   -8003.3842  0.6375 
   00333    0.4036   -8024.3779  0.6353 
   00334    0.3924   -8002.1793  0.6305 
   00335    0.3988   -7962.5600  0.6250 
   00336    0.3996   -7952.5683  0.6266 
   00337    0.4092   -7995.7401  0.6316 
   00338    0.4080   -7981.8090  0.6390 
   00339    0.3832   -8013.8573  0.6478 
   00340    0.3944   -8020.3682  0.6464 
   00341    0.3896   -8011.0799  0.6464 
   00342    0.4016   -7971.3513  0.6453 
   00343    0.4044   -7921.5814  0.6385 
   00344    0.3912   -7884.7869  0.6356 
   00345    0.3880   -7914.5645  0.6343 
   00346    0.4092   -7968.1192  0.6358 
   00347    0.3984   -7954.4623  0.6318 
   00348    0.3904   -8014.3105  0.6346 
   00349    0.3984   -7948.2008  0.6312 
   00350    0.4176   -7902.8245  0.6256 
   00351    0.3956   -7899.6306  0.6219 
   00352    0.4140   -7894.5274  0.6226 
   00353    0.4084   -7855.6846  0.6240 
   00354    0.4256   -7881.0169  0.6250 
   00355    0.3872   -7888.6236  0.6202 
   00356    0.3896   -7924.1293  0.6198 
   00357    0.4120   -7967.5678  0.6190 
   00358    0.3988   -7952.8211  0.6234 
   00359    0.3976   -7967.3811  0.6267 
   00360    0.4036   -7943.5948  0.6227 
   00361    0.4216   -7988.2803  0.6233 
   00362    0.4124   -8064.9655  0.6343 
   00363    0.4152   -8018.9825  0.6248 
   00364    0.3980   -8041.5419  0.6263 
   00365    0.3996   -8020.3004  0.6333 
   00366    0.3900   -8026.2844  0.6315 
   00367    0.4112   -8054.9193  0.6302 
   00368    0.3912   -8089.3881  0.6350 
   00369    0.3804   -8027.5024  0.6394 
   00370    0.3836   -8017.4082  0.6467 
   00371    0.4084   -7958.2124  0.6442 
   00372    0.3964   -7963.9833  0.6483 
   00373    0.4084   -7916.5833  0.6501 
   00374    0.4044   -7941.7093  0.6491 
   00375    0.4076   -7898.9726  0.6470 
   00376    0.4088   -7946.2910  0.6447 
   00377    0.4168   -7950.0967  0.6486 
   00378    0.4128   -7887.0709  0.6521 
   00379    0.4140   -7868.2173  0.6505 
   00380    0.3992   -7867.3068  0.6407 
   00381    0.3932   -7852.1975  0.6499 
   00382    0.4084   -7861.1121  0.6465 
   00383    0.4064   -7899.5494  0.6431 
   00384    0.3880   -7832.1229  0.6408 
   00385    0.3984   -7793.7188  0.6414 
   00386    0.4092   -7807.1214  0.6469 
   00387    0.4144   -7845.3175  0.6443 
   00388    0.4212   -7831.6412  0.6499 
   00389    0.3884   -7792.7540  0.6462 
   00390    0.4048   -7842.5574  0.6513 
   00391    0.3980   -7811.6592  0.6460 
   00392    0.4080   -7829.2926  0.6471 
   00393    0.3912   -7869.4609  0.6499 
   00394    0.4016   -7826.6709  0.6530 
   00395    0.4036   -7832.7360  0.6515 
   00396    0.4044   -7843.0998  0.6579 
   00397    0.4120   -7806.0702  0.6583 
   00398    0.4032   -7859.7207  0.6650 
   00399    0.4036   -7884.0179  0.6692 
   00400    0.4136   -7845.9300  0.6745 
   00401    0.4028   -7882.3037  0.6765 
   00402    0.4252   -7929.6270  0.6774 
   00403    0.4028   -7911.1618  0.6732 
   00404    0.4028   -7906.3444  0.6731 
   00405    0.4136   -7911.0123  0.6763 
   00406    0.4028   -7908.7818  0.6751 
   00407    0.4076   -7925.7831  0.6710 
   00408    0.3832   -7984.3541  0.6717 
   00409    0.3972   -7958.6216  0.6708 
   00410    0.4076   -7920.1686  0.6725 
   00411    0.3796   -7917.1283  0.6748 
   00412    0.4180   -7936.4831  0.6707 
   00413    0.4088   -7916.7950  0.6693 
   00414    0.4180   -7896.0773  0.6663 
   00415    0.3944   -7897.9618  0.6678 
   00416    0.4020   -7932.7669  0.6726 
   00417    0.3876   -7946.6095  0.6724 
   00418    0.4112   -8015.6584  0.6773 
   00419    0.3964   -7960.1295  0.6763 
   00420    0.3952   -7983.0635  0.6765 
   00421    0.3924   -7967.0645  0.6699 
   00422    0.4076   -8010.8973  0.6691 
   00423    0.3904   -8008.4730  0.6658 
   00424    0.4192   -7973.1099  0.6692 
   00425    0.3992   -8031.2107  0.6693 
   00426    0.3864   -8034.1950  0.6717 
   00427    0.4056   -7990.2683  0.6700 
   00428    0.4004   -8010.4217  0.6762 
   00429    0.4208   -7934.7644  0.6716 
   00430    0.3964   -7974.9953  0.6739 
   00431    0.4284   -7987.9800  0.6815 
   00432    0.3940   -7932.9591  0.6801 
   00433    0.3980   -7912.8828  0.6756 
   00434    0.3952   -7878.2830  0.6761 
   00435    0.4120   -7965.6217  0.6796 
   00436    0.4072   -8010.2819  0.6756 
   00437    0.3964   -8032.6031  0.6672 
   00438    0.4104   -7960.5931  0.6734 
   00439    0.3992   -7964.8169  0.6798 
   00440    0.4188   -7960.4251  0.6842 
   00441    0.3932   -7961.4082  0.6808 
   00442    0.3868   -7960.3037  0.6783 
   00443    0.3852   -7967.0931  0.6821 
   00444    0.3928   -8044.8049  0.6920 
   00445    0.4092   -8003.5523  0.6943 
   00446    0.3872   -8020.1859  0.6906 
   00447    0.4024   -8022.5895  0.6972 
   00448    0.3944   -7983.6065  0.6854 
   00449    0.4024   -8029.8908  0.6838 
   00450    0.3952   -8025.4496  0.6859 
   00451    0.4104   -7994.4328  0.6833 
   00452    0.4188   -8016.0066  0.6778 
   00453    0.4184   -8006.4341  0.6749 
   00454    0.3920   -7991.9913  0.6752 
   00455    0.3904   -7974.9086  0.6706 
   00456    0.3960   -7953.8987  0.6744 
   00457    0.4164   -7972.0221  0.6740 
   00458    0.3988   -8020.0466  0.6804 
   00459    0.3912   -7974.1872  0.6796 
   00460    0.4160   -7953.5825  0.6833 
   00461    0.4080   -7978.1727  0.6920 
   00462    0.4264   -7917.0023  0.6827 
   00463    0.4048   -7949.1531  0.6810 
   00464    0.3892   -7959.7305  0.6793 
   00465    0.4012   -7885.1917  0.6819 
   00466    0.4076   -7893.4247  0.6787 
   00467    0.4004   -7925.7221  0.6766 
   00468    0.3916   -7877.1737  0.6711 
   00469    0.4100   -7879.5188  0.6752 
   00470    0.4048   -7893.9968  0.6762 
   00471    0.3984   -7948.0095  0.6714 
   00472    0.4048   -7971.7887  0.6777 
   00473    0.4024   -7971.8296  0.6797 
   00474    0.3964   -7959.2221  0.6756 
   00475    0.3976   -7985.5400  0.6717 
   00476    0.3924   -7988.6935  0.6714 
   00477    0.3964   -7982.7081  0.6700 
   00478    0.4124   -7996.2942  0.6744 
   00479    0.3972   -8013.5614  0.6742 
   00480    0.3924   -8025.4989  0.6733 
   00481    0.3920   -7948.9900  0.6693 
   00482    0.4044   -7938.5869  0.6711 
   00483    0.4072   -7930.6376  0.6728 
   00484    0.3868   -7941.3943  0.6704 
   00485    0.3988   -8038.0458  0.6760 
   00486    0.3924   -8000.8363  0.6708 
   00487    0.3824   -7982.9213  0.6702 
   00488    0.4032   -7990.9899  0.6771 
   00489    0.4020   -7994.4718  0.6766 
   00490    0.4048   -8009.4151  0.6794 
   00491    0.4076   -7941.9784  0.6779 
   00492    0.4060   -7904.4656  0.6754 
   00493    0.4192   -7863.4037  0.6771 
   00494    0.4064   -7901.1918  0.6706 
   00495    0.4000   -7890.1509  0.6750 
   00496    0.4068   -7924.1254  0.6753 
   00497    0.4092   -7910.9824  0.6745 
   00498    0.4016   -7936.6444  0.6741 
   00499    0.4124   -7930.2134  0.6615 
   00500    0.4020   -7916.0995  0.6653 
   00501    0.4060   -7919.4174  0.6708 
   00502    0.4028   -7969.1415  0.6689 
   00503    0.4084   -7914.2700  0.6639 
   00504    0.4060   -7889.5129  0.6591 
   00505    0.4204   -7875.4742  0.6560 
   00506    0.4092   -7961.1469  0.6660 
   00507    0.4004   -7896.6649  0.6646 
   00508    0.4168   -7905.3367  0.6547 
   00509    0.4012   -7957.3516  0.6587 
   00510    0.4100   -7942.1778  0.6673 
   00511    0.3964   -7990.6641  0.6694 
   00512    0.4032   -8002.3626  0.6663 
   00513    0.3924   -7956.6641  0.6682 
   00514    0.3836   -8024.3547  0.6677 
   00515    0.4004   -8019.8905  0.6604 
   00516    0.4068   -8026.9351  0.6596 
   00517    0.3900   -8028.6189  0.6682 
   00518    0.4036   -8033.0304  0.6738 
   00519    0.3992   -8013.3073  0.6763 
   00520    0.4040   -8045.2589  0.6775 
   00521    0.3920   -8054.2705  0.6807 
   00522    0.4192   -7982.4327  0.6771 
   00523    0.3956   -7965.7796  0.6766 
   00524    0.4056   -7965.9167  0.6716 
   00525    0.4040   -7987.0839  0.6708 
   00526    0.4052   -8006.4451  0.6660 
   00527    0.4044   -7954.8716  0.6663 
   00528    0.3940   -7936.1453  0.6677 
   00529    0.4088   -7929.4368  0.6683 
   00530    0.3920   -7884.3570  0.6685 
   00531    0.4084   -7832.7807  0.6720 
   00532    0.3980   -7892.6738  0.6749 
   00533    0.4068   -7920.4893  0.6758 
   00534    0.4048   -7939.3490  0.6802 
   00535    0.3976   -7956.8734  0.6858 
   00536    0.3992   -7937.6864  0.6822 
   00537    0.3940   -7890.9594  0.6770 
   00538    0.4060   -7902.3546  0.6771 
   00539    0.4012   -7876.7066  0.6783 
   00540    0.3900   -7923.5118  0.6806 
   00541    0.4008   -7906.3506  0.6855 
   00542    0.3968   -7904.0613  0.6902 
   00543    0.4036   -7958.3774  0.6904 
   00544    0.4264   -7948.7276  0.6835 
   00545    0.3968   -7941.4268  0.6844 
   00546    0.3884   -7959.7773  0.6859 
   00547    0.4020   -7959.4474  0.6818 
   00548    0.3924   -7917.5136  0.6846 
   00549    0.3852   -7906.2024  0.6833 
   00550    0.3908   -7911.0047  0.6801 
   00551    0.4032   -7891.3918  0.6770 
   00552    0.3904   -7918.8749  0.6806 
   00553    0.4076   -7913.3190  0.6851 
   00554    0.4056   -7901.5056  0.6842 
   00555    0.3968   -8006.1446  0.6942 
   00556    0.4152   -8061.4835  0.6960 
   00557    0.3948   -8022.8290  0.6918 
   00558    0.3952   -7998.7459  0.6955 
   00559    0.4020   -7967.5426  0.6908 
   00560    0.4048   -7874.0308  0.6803 
   00561    0.3996   -7888.3603  0.6852 
   00562    0.3960   -7879.0143  0.6872 
   00563    0.4140   -7876.8599  0.6932 
   00564    0.4144   -7857.6280  0.6941 
   00565    0.4036   -7953.1169  0.7030 
   00566    0.3984   -7890.8959  0.6959 
   00567    0.4004   -7927.9811  0.6983 
   00568    0.4184   -7938.1021  0.6956 
   00569    0.4108   -7942.4324  0.6940 
   00570    0.4048   -7917.7308  0.6922 
   00571    0.4024   -7931.2202  0.6868 
   00572    0.4052   -7954.3854  0.6962 
   00573    0.3952   -7866.3037  0.6954 
   00574    0.3884   -7916.1007  0.6954 
   00575    0.3916   -7943.2336  0.6969 
   00576    0.4004   -7899.8081  0.6928 
   00577    0.4072   -7927.4561  0.6937 
   00578    0.4080   -7973.3740  0.6963 
   00579    0.3992   -7934.2384  0.6948 
   00580    0.3992   -7930.1703  0.6925 
   00581    0.3896   -7940.0006  0.6941 
   00582    0.4360   -7953.2845  0.6957 
   00583    0.3928   -7931.7865  0.6997 
   00584    0.4160   -7904.6024  0.6999 
   00585    0.4288   -7915.7433  0.7037 
   00586    0.4020   -7916.5834  0.7043 
   00587    0.3836   -7908.5250  0.7016 
   00588    0.4172   -7853.1623  0.6985 
   00589    0.4076   -7921.7997  0.7054 
   00590    0.3952   -7944.8861  0.7125 
   00591    0.4000   -7965.9061  0.7146 
   00592    0.4096   -7955.5680  0.7195 
   00593    0.4136   -7961.0430  0.7253 
   00594    0.3928   -7976.9629  0.7284 
   00595    0.3932   -7942.6254  0.7282 
   00596    0.4096   -7970.9088  0.7302 
   00597    0.4076   -8008.2269  0.7361 
   00598    0.3988   -8057.9309  0.7419 
   00599    0.4020   -8063.5369  0.7375 
   00600    0.3920   -8112.7835  0.7369 
   00601    0.3888   -8143.7657  0.7383 
   00602    0.3888   -8021.3868  0.7348 
   00603    0.3944   -8047.8523  0.7369 
   00604    0.4100   -8116.8188  0.7423 
   00605    0.3944   -8101.7669  0.7358 
   00606    0.3940   -8086.0202  0.7358 
   00607    0.4132   -8110.2722  0.7376 
   00608    0.4012   -8048.4757  0.7319 
   00609    0.4024   -8064.0238  0.7391 
   00610    0.3992   -8070.9399  0.7427 
   00611    0.3892   -8006.1492  0.7423 
   00612    0.4080   -7962.8643  0.7397 
   00613    0.4136   -7957.0407  0.7431 
   00614    0.3984   -7909.8055  0.7356 
   00615    0.3984   -7963.1241  0.7400 
   00616    0.4044   -7946.2337  0.7396 
   00617    0.3928   -8055.8332  0.7449 
   00618    0.3984   -8020.7185  0.7430 
   00619    0.4076   -7986.5094  0.7398 
   00620    0.3804   -8039.7660  0.7418 
   00621    0.3900   -8056.7930  0.7457 
   00622    0.4080   -8065.4243  0.7461 
   00623    0.3968   -8125.0105  0.7511 
   00624    0.3800   -8080.0749  0.7538 
   00625    0.4028   -8055.3074  0.7506 
   00626    0.3780   -8070.1943  0.7532 
   00627    0.3848   -8076.3335  0.7509 
   00628    0.3896   -8122.7567  0.7517 
   00629    0.3960   -8107.7185  0.7464 
   00630    0.4120   -8076.8476  0.7436 
   00631    0.3868   -8055.8607  0.7452 
   00632    0.4052   -8055.9997  0.7444 
   00633    0.3904   -8019.9254  0.7498 
   00634    0.3980   -8043.7206  0.7472 
   00635    0.3924   -8011.1061  0.7512 
   00636    0.4004   -8063.5629  0.7511 
   00637    0.3976   -8007.5099  0.7449 
   00638    0.3960   -8043.4650  0.7476 
   00639    0.4048   -8097.4365  0.7545 
   00640    0.4120   -8134.5958  0.7554 
   00641    0.3876   -8121.9802  0.7563 
   00642    0.3840   -8052.0855  0.7544 
   00643    0.3920   -8089.3745  0.7535 
   00644    0.3920   -8087.6393  0.7556 
   00645    0.3876   -8071.0534  0.7514 
   00646    0.4116   -8013.1278  0.7482 
   00647    0.4008   -8020.3987  0.7551 
   00648    0.3924   -8029.2359  0.7585 
   00649    0.4028   -7999.0244  0.7520 
   00650    0.4072   -7996.7606  0.7510 
   00651    0.3984   -8000.4966  0.7523 
   00652    0.3924   -7957.4809  0.7461 
   00653    0.3928   -7940.7673  0.7457 
   00654    0.3976   -7887.6382  0.7420 
   00655    0.3992   -7893.8495  0.7413 
   00656    0.4144   -7861.3446  0.7445 
   00657    0.3952   -7883.1385  0.7488 
   00658    0.4160   -7969.5232  0.7565 
   00659    0.4004   -8000.8859  0.7598 
   00660    0.4008   -7957.4981  0.7546 
   00661    0.3964   -7997.2366  0.7589 
   00662    0.3968   -8005.8873  0.7593 
   00663    0.3804   -8027.8444  0.7625 
   00664    0.4048   -8040.4506  0.7662 
   00665    0.4088   -8085.3652  0.7695 
   00666    0.3944   -8058.6011  0.7712 
   00667    0.3916   -8020.3290  0.7647 
   00668    0.4028   -8045.9020  0.7677 
   00669    0.3936   -8033.7307  0.7683 
   00670    0.3684   -8078.8296  0.7682 
   00671    0.3836   -8052.1027  0.7649 
   00672    0.3900   -8011.4587  0.7661 
   00673    0.4040   -7986.7407  0.7632 
   00674    0.3968   -7997.3723  0.7596 
   00675    0.4000   -7977.9234  0.7626 
   00676    0.3912   -7992.3274  0.7625 
   00677    0.4040   -7938.9232  0.7595 
   00678    0.4044   -7958.3246  0.7614 
   00679    0.4036   -8012.8010  0.7551 
   00680    0.4000   -8060.9907  0.7586 
   00681    0.4092   -8052.4799  0.7563 
   00682    0.4024   -8034.2186  0.7546 
   00683    0.4040   -7959.7735  0.7484 
   00684    0.4036   -7919.5783  0.7431 
   00685    0.4120   -7952.5015  0.7439 
   00686    0.4068   -7941.5103  0.7490 
   00687    0.4160   -7910.0482  0.7450 
   00688    0.4048   -7937.0013  0.7466 
   00689    0.4132   -8012.9913  0.7566 
   00690    0.4032   -8035.8901  0.7652 
   00691    0.4036   -8029.6711  0.7660 
   00692    0.4056   -8049.1603  0.7651 
   00693    0.3940   -8021.7921  0.7637 
   00694    0.3812   -8028.4858  0.7623 
   00695    0.4304   -8018.2728  0.7571 
   00696    0.3992   -8056.2998  0.7608 
   00697    0.4008   -8053.5142  0.7557 
   00698    0.3888   -8079.0140  0.7614 
   00699    0.4080   -8071.7410  0.7595 
   00700    0.3992   -8079.1758  0.7565 
   00701    0.3812   -8101.6151  0.7599 
   00702    0.3836   -8075.9313  0.7593 
   00703    0.4016   -8084.9690  0.7615 
   00704    0.4004   -8102.5438  0.7595 
   00705    0.3788   -8071.1358  0.7645 
   00706    0.4168   -8027.4422  0.7595 
   00707    0.3956   -8029.3018  0.7576 
   00708    0.3848   -7999.2675  0.7560 
   00709    0.4160   -8011.4512  0.7599 
   00710    0.4140   -7970.2333  0.7559 
   00711    0.4032   -8029.6169  0.7564 
   00712    0.3912   -8053.7036  0.7577 
   00713    0.4032   -8021.4414  0.7537 
   00714    0.3900   -8044.8301  0.7513 
   00715    0.4116   -8027.4050  0.7460 
   00716    0.4192   -8016.2187  0.7474 
   00717    0.3888   -7927.3625  0.7429 
   00718    0.3884   -7990.8878  0.7526 
   00719    0.4112   -7957.0375  0.7503 
   00720    0.3916   -7960.2592  0.7492 
   00721    0.4008   -8011.9706  0.7508 
   00722    0.3964   -8027.3595  0.7508 
   00723    0.3848   -8099.8689  0.7547 
   00724    0.3932   -8091.9838  0.7556 
   00725    0.4068   -7996.4592  0.7548 
   00726    0.4160   -7960.8698  0.7596 
   00727    0.4136   -8008.1096  0.7636 
   00728    0.3972   -7981.3141  0.7669 
   00729    0.4128   -7968.8883  0.7650 
   00730    0.4012   -7996.4509  0.7635 
   00731    0.3876   -8022.8140  0.7558 
   00732    0.3872   -7995.1854  0.7510 
   00733    0.4028   -7945.4884  0.7510 
   00734    0.4056   -7973.2099  0.7525 
   00735    0.4028   -7979.7338  0.7500 
   00736    0.3992   -7956.9628  0.7504 
   00737    0.3976   -8012.2147  0.7545 
   00738    0.4180   -7962.4100  0.7529 
   00739    0.4020   -7967.8016  0.7519 
   00740    0.3720   -8026.7459  0.7559 
   00741    0.4016   -7989.2575  0.7557 
   00742    0.4056   -8001.3505  0.7567 
   00743    0.3960   -8055.5273  0.7588 
   00744    0.4120   -8102.2385  0.7561 
   00745    0.3984   -8053.1940  0.7486 
   00746    0.4128   -7973.0445  0.7490 
   00747    0.4140   -8038.8081  0.7557 
   00748    0.3944   -8016.1738  0.7562 
   00749    0.3900   -8026.6810  0.7567 
   00750    0.3948   -8053.5270  0.7576 
   00751    0.3884   -8093.3952  0.7567 
   00752    0.3908   -8086.6429  0.7574 
   00753    0.4004   -8079.5610  0.7596 
   00754    0.3928   -8063.2646  0.7578 
   00755    0.3796   -8038.5926  0.7623 
   00756    0.3948   -8041.5557  0.7620 
   00757    0.4064   -8068.7187  0.7669 
   00758    0.3920   -8105.6286  0.7675 
   00759    0.3796   -8049.0594  0.7693 
   00760    0.4236   -8057.4318  0.7691 
   00761    0.4112   -8034.8945  0.7668 
   00762    0.4132   -8044.6803  0.7654 
   00763    0.3972   -7994.1855  0.7680 
   00764    0.4144   -7988.4227  0.7679 
   00765    0.3968   -7921.3698  0.7678 
   00766    0.4024   -7970.8083  0.7734 
   00767    0.4108   -7971.7128  0.7641 
   00768    0.4108   -7957.2675  0.7654 
   00769    0.3944   -7989.8774  0.7711 
   00770    0.4000   -8012.6484  0.7699 
   00771    0.4052   -8075.4334  0.7759 
   00772    0.3824   -8105.2069  0.7696 
   00773    0.3928   -8095.1575  0.7758 
   00774    0.4044   -8139.8889  0.7770 
   00775    0.3936   -8135.5764  0.7749 
   00776    0.3840   -8084.4950  0.7781 
   00777    0.3948   -8071.6384  0.7770 
   00778    0.4148   -8140.8010  0.7763 
   00779    0.3980   -8113.0873  0.7730 
   00780    0.3944   -8103.8153  0.7706 
   00781    0.4020   -8083.4494  0.7736 
   00782    0.3916   -8029.4914  0.7744 
   00783    0.4212   -8040.1334  0.7771 
   00784    0.4048   -8077.5461  0.7838 
   00785    0.3820   -8058.9461  0.7813 
   00786    0.3948   -8063.0108  0.7826 
   00787    0.3912   -8054.3456  0.7802 
   00788    0.3872   -8043.5754  0.7774 
   00789    0.4048   -8071.6185  0.7833 
   00790    0.4148   -8023.0249  0.7781 
   00791    0.4024   -8033.4486  0.7769 
   00792    0.3936   -7997.3202  0.7738 
   00793    0.4068   -8047.8060  0.7763 
   00794    0.3824   -8017.5964  0.7777 
   00795    0.3916   -8062.1586  0.7735 
   00796    0.4016   -8103.3365  0.7760 
   00797    0.4080   -8098.8600  0.7837 
   00798    0.3828   -8082.0824  0.7824 
   00799    0.4096   -8110.1742  0.7790 
   00800    0.3904   -8074.3216  0.7710 
   00801    0.4028   -8033.8096  0.7719 
   00802    0.4184   -8060.0365  0.7686 
   00803    0.4044   -8056.6643  0.7678 
   00804    0.4012   -7954.4895  0.7621 
   00805    0.3976   -7962.5603  0.7606 
   00806    0.4028   -7940.7609  0.7550 
   00807    0.4104   -7976.4373  0.7506 
   00808    0.3908   -7979.8694  0.7550 
   00809    0.4124   -7966.2815  0.7575 
   00810    0.4268   -7985.8078  0.7535 
   00811    0.4056   -8019.8947  0.7526 
   00812    0.3832   -8049.9308  0.7518 
   00813    0.4144   -8017.6142  0.7529 
   00814    0.3880   -8033.7070  0.7502 
   00815    0.3936   -8008.5408  0.7507 
   00816    0.3836   -8030.9166  0.7536 
   00817    0.3988   -8018.4222  0.7490 
   00818    0.3872   -8024.2771  0.7462 
   00819    0.4000   -8003.2151  0.7453 
   00820    0.4004   -8033.8350  0.7470 
   00821    0.3900   -7990.9833  0.7461 
   00822    0.3908   -7965.6588  0.7454 
   00823    0.4028   -7915.7286  0.7428 
   00824    0.3976   -7950.3959  0.7451 
   00825    0.3844   -8054.9890  0.7490 
   00826    0.4000   -8054.0155  0.7485 
   00827    0.3948   -8093.8912  0.7486 
   00828    0.4140   -8029.5641  0.7436 
   00829    0.4164   -7973.8787  0.7429 
   00830    0.3904   -8012.9045  0.7514 
   00831    0.3964   -8047.1751  0.7557 
   00832    0.3912   -8050.9567  0.7594 
   00833    0.3884   -8023.1213  0.7542 
   00834    0.4016   -8010.2142  0.7530 
   00835    0.4116   -8025.5684  0.7555 
   00836    0.4132   -7998.2626  0.7544 
   00837    0.4108   -8007.1164  0.7517 
   00838    0.4100   -8030.8005  0.7509 
   00839    0.4196   -8036.9021  0.7513 
   00840    0.4112   -8047.0983  0.7497 
   00841    0.4108   -8018.7613  0.7442 
   00842    0.4088   -8011.1349  0.7456 
   00843    0.4056   -8051.6765  0.7472 
   00844    0.3968   -8074.4405  0.7496 
   00845    0.4032   -8049.9558  0.7515 
   00846    0.3900   -7997.0727  0.7469 
   00847    0.3932   -8013.6204  0.7499 
   00848    0.4084   -7923.7889  0.7436 
   00849    0.4076   -7961.9036  0.7446 
   00850    0.3848   -7965.4386  0.7523 
   00851    0.4104   -7994.7143  0.7516 
   00852    0.4216   -7987.8379  0.7431 
   00853    0.3956   -7990.1325  0.7440 
   00854    0.4080   -8004.8865  0.7450 
   00855    0.3984   -7994.1305  0.7392 
   00856    0.4112   -7990.6354  0.7382 
   00857    0.3908   -7971.4727  0.7357 
   00858    0.3916   -7869.3401  0.7302 
   00859    0.4000   -7866.0728  0.7324 
   00860    0.4248   -7913.6462  0.7377 
   00861    0.3820   -7941.3532  0.7392 
   00862    0.4128   -7944.6798  0.7430 
   00863    0.3964   -7948.0621  0.7412 
   00864    0.4012   -8063.3857  0.7468 
   00865    0.3920   -8030.4933  0.7458 
   00866    0.3932   -8055.4768  0.7452 
   00867    0.3952   -8046.0794  0.7464 
   00868    0.4052   -8066.4391  0.7497 
   00869    0.3872   -8084.5058  0.7490 
   00870    0.3992   -8084.6185  0.7419 
   00871    0.4088   -8115.8027  0.7491 
   00872    0.4040   -8107.8671  0.7473 
   00873    0.3916   -8106.0074  0.7514 
   00874    0.3996   -8057.9394  0.7450 
   00875    0.3960   -8063.6918  0.7497 
   00876    0.3992   -8063.9127  0.7488 
   00877    0.4004   -8054.5564  0.7520 
   00878    0.3848   -8040.7370  0.7494 
   00879    0.4076   -7910.3915  0.7422 
   00880    0.4016   -8011.4881  0.7481 
   00881    0.4108   -8037.9175  0.7493 
   00882    0.4084   -8049.8256  0.7574 
   00883    0.3824   -8017.5007  0.7602 
   00884    0.4036   -8000.1168  0.7488 
   00885    0.4032   -8027.9808  0.7491 
   00886    0.3940   -8060.9879  0.7563 
   00887    0.3964   -8096.7239  0.7532 
   00888    0.3888   -8103.0974  0.7526 
   00889    0.3892   -8096.5926  0.7539 
   00890    0.3916   -8032.9690  0.7504 
   00891    0.3964   -8085.3658  0.7506 
   00892    0.3956   -8047.2395  0.7468 
   00893    0.3928   -8070.8477  0.7482 
   00894    0.4052   -8049.0664  0.7517 
   00895    0.4108   -8046.9822  0.7496 
   00896    0.4088   -8019.6586  0.7464 
   00897    0.4088   -7986.4500  0.7455 
   00898    0.4132   -7958.7265  0.7450 
   00899    0.3916   -7979.3023  0.7417 
   00900    0.4004   -7928.3802  0.7352 
   00901    0.3972   -7894.5366  0.7267 
   00902    0.4056   -7913.8722  0.7274 
   00903    0.3928   -7999.7755  0.7274 
   00904    0.3816   -8058.8275  0.7285 
   00905    0.3908   -8091.5409  0.7303 
   00906    0.3936   -8040.2410  0.7227 
   00907    0.4032   -8024.8464  0.7237 
   00908    0.3944   -8075.8698  0.7259 
   00909    0.3964   -7993.6152  0.7158 
   00910    0.4132   -8016.3440  0.7154 
   00911    0.3976   -7985.7554  0.7129 
   00912    0.4052   -8014.7084  0.7189 
   00913    0.4012   -8058.0791  0.7250 
   00914    0.3944   -8055.8395  0.7258 
   00915    0.4128   -8016.8583  0.7217 
   00916    0.4140   -8019.6248  0.7261 
   00917    0.4084   -8056.9648  0.7317 
   00918    0.3980   -8122.6989  0.7361 
   00919    0.3868   -8103.4637  0.7364 
   00920    0.3968   -8125.2750  0.7360 
   00921    0.4104   -8064.0825  0.7288 
   00922    0.4036   -8008.0777  0.7289 
   00923    0.3968   -7966.0043  0.7252 
   00924    0.3956   -8024.8884  0.7205 
   00925    0.3964   -8028.9100  0.7161 
   00926    0.3928   -7945.4346  0.7119 
   00927    0.4240   -7891.2205  0.7077 
   00928    0.4000   -7899.8636  0.7113 
   00929    0.4068   -7911.0874  0.7098 
   00930    0.4164   -7949.7855  0.7126 
   00931    0.4024   -7966.7251  0.7138 
   00932    0.4084   -7979.0978  0.7177 
   00933    0.3984   -8000.8222  0.7245 
   00934    0.4004   -8020.1576  0.7264 
   00935    0.3904   -8004.5969  0.7221 
   00936    0.4024   -8043.8342  0.7211 
   00937    0.3956   -8046.7127  0.7216 
   00938    0.3900   -8007.7338  0.7151 
   00939    0.3924   -7981.0072  0.7168 
   00940    0.4016   -7974.4953  0.7228 
   00941    0.3932   -7935.2296  0.7244 
   00942    0.4076   -7983.6472  0.7278 
   00943    0.4004   -7986.9460  0.7259 
   00944    0.3792   -7977.5699  0.7358 
   00945    0.3800   -8024.1381  0.7331 
   00946    0.3996   -7988.1129  0.7236 
   00947    0.4020   -7950.8588  0.7199 
   00948    0.3940   -8004.6221  0.7204 
   00949    0.3848   -8009.9081  0.7176 
   00950    0.4056   -7952.7939  0.7133 
   00951    0.3868   -7918.5247  0.7189 
   00952    0.4108   -8014.4115  0.7294 
   00953    0.3860   -8013.5865  0.7266 
   00954    0.3776   -8019.0092  0.7202 
   00955    0.4100   -7978.2391  0.7196 
   00956    0.4020   -8032.3321  0.7293 
   00957    0.3992   -8047.6181  0.7242 
   00958    0.3916   -8130.0152  0.7256 
   00959    0.3820   -8109.9860  0.7248 
   00960    0.3912   -8051.0014  0.7250 
   00961    0.4008   -8039.0085  0.7178 
   00962    0.3968   -7974.3805  0.7155 
   00963    0.3908   -7941.2633  0.7234 
   00964    0.4052   -7934.6776  0.7254 
   00965    0.4056   -8024.8051  0.7277 
   00966    0.3808   -8008.6540  0.7262 
   00967    0.4092   -7975.6164  0.7180 
   00968    0.4072   -8003.8861  0.7213 
   00969    0.3996   -7965.9227  0.7205 
   00970    0.3996   -7988.9405  0.7333 
   00971    0.4080   -7959.3102  0.7317 
   00972    0.4028   -8003.7876  0.7339 
   00973    0.4028   -8034.0333  0.7288 
   00974    0.3940   -8056.4396  0.7271 
   00975    0.4012   -8055.3157  0.7300 
   00976    0.4136   -8052.0484  0.7271 
   00977    0.4080   -8009.1585  0.7223 
   00978    0.4136   -8024.2478  0.7247 
   00979    0.4008   -8048.3070  0.7306 
   00980    0.3968   -8079.3450  0.7335 
   00981    0.3836   -8068.4922  0.7364 
   00982    0.3956   -8120.5994  0.7410 
   00983    0.3916   -8137.0834  0.7379 
   00984    0.3992   -8146.0317  0.7410 
   00985    0.3980   -8100.6304  0.7353 
   00986    0.4004   -8034.4390  0.7363 
   00987    0.3856   -8047.3678  0.7330 
   00988    0.3976   -8036.6378  0.7276 
   00989    0.3980   -8001.2675  0.7216 
   00990    0.4116   -8018.3262  0.7216 
   00991    0.3896   -8043.7105  0.7308 
   00992    0.4032   -8080.9503  0.7267 
   00993    0.3876   -8040.0050  0.7194 
   00994    0.4120   -8035.8017  0.7261 
   00995    0.4016   -8032.6084  0.7206 
   00996    0.4052   -8002.1957  0.7161 
   00997    0.3956   -7966.2139  0.7168 
   00998    0.4000   -8031.8567  0.7229 
   00999    0.3880   -8010.8067  0.7213 
   01000    0.4040   -7995.8825  0.7162 
