#=====================================================
# File created:        Mon-11-Mar-2024-at-05-43-08AM
# Size of lattice:     50x50
# Number of MC steps:  1000
# Reduced temperature: 0.500
# Run time (s):        13.143870
#=====================================================
# MC step:  Ratio:     Energy:   Order:
#=====================================================
   00000    0.5000   -2634.8729  0.2657 
   00001    0.6844   -3776.6133  0.2608 
   00002    0.6100   -4535.0572  0.2536 
   00003    0.5764   -5049.8298  0.2652 
   00004    0.5588   -5497.6480  0.2725 
   00005    0.5228   -5873.6227  0.2777 
   00006    0.5208   -6175.0595  0.2669 
   00007    0.5108   -6402.9765  0.2735 
   00008    0.4968   -6591.2404  0.2797 
   00009    0.4796   -6725.5546  0.2762 
   00010    0.4856   -6888.2757  0.2874 
   00011    0.4840   -7003.2283  0.2848 
   00012    0.4740   -7119.7444  0.2887 
   00013    0.4580   -7224.9238  0.2935 
   00014    0.4772   -7358.5865  0.2931 
   00015    0.4448   -7401.4922  0.2867 
   00016    0.4272   -7486.1090  0.2871 
   00017    0.4776   -7561.2372  0.2858 
   00018    0.4684   -7596.4580  0.2972 
   00019    0.4352   -7619.2467  0.3016 
   00020    0.4520   -7655.7672  0.3022 
   00021    0.4732   -7686.8284  0.2981 
   00022    0.4496   -7764.8256  0.3090 
   00023    0.4456   -7808.1354  0.3097 
   00024    0.4416   -7811.0415  0.3079 
   00025    0.4272   -7815.1781  0.3086 
   00026    0.4148   -7861.3854  0.3072 
   00027    0.4320   -7874.8966  0.3106 
   00028    0.4316   -7897.7685  0.3143 
   00029    0.4504   -7912.7154  0.3088 
   00030    0.4424   -7917.5806  0.3136 
   00031    0.4324   -7952.2245  0.3163 
   00032    0.4372   -7914.2478  0.3218 
   00033    0.4360   -7965.0687  0.3211 
   00034    0.4204   -7952.8805  0.3231 
   00035    0.4248   -7962.3651  0.3213 
   00036    0.4416   -8006.4830  0.3263 
   00037    0.4384   -8056.5056  0.3347 
   00038    0.4224   -8049.0598  0.3317 
   00039    0.4200   -8042.3689  0.3371 
   00040    0.4368   -8021.3683  0.3370 
   00041    0.4340   -8037.1115  0.3389 
   00042    0.4208   -8048.0922  0.3401 
   00043    0.4160   -8067.1908  0.3390 
   00044    0.4200   -8130.9985  0.3488 
   00045    0.4128   -8148.8747  0.3446 
   00046    0.4196   -8138.9166  0.3526 
   00047    0.4280   -8130.2472  0.3529 
   00048    0.4284   -8164.2907  0.3624 
   00049    0.4344   -8162.2102  0.3666 
   00050    0.4252   -8188.3716  0.3705 
   00051    0.4144   -8213.9244  0.3799 
   00052    0.4212   -8215.3689  0.3836 
   00053    0.4308   -8200.8027  0.3824 
   00054    0.4216   -8214.7743  0.3857 
   00055    0.4276   -8264.9044  0.3863 
   00056    0.4292   -8280.3409  0.3868 
   00057    0.4184   -8265.3569  0.3845 
   00058    0.4188   -8254.1944  0.3775 
   00059    0.4228   -8236.8762  0.3761 
   00060    0.4348   -8220.8330  0.3795 
   00061    0.4204   -8266.2862  0.3834 
   00062    0.4244   -8281.3855  0.3907 
   00063    0.4076   -8251.1277  0.3938 
   00064    0.4084   -8249.9884  0.3914 
   00065    0.4248   -8259.8012  0.3898 
   00066    0.4140   -8245.5220  0.3923 
   00067    0.4152   -8228.6975  0.3910 
   00068    0.4200   -8259.5345  0.3943 
   00069    0.4236   -8250.2478  0.3928 
   00070    0.4228   -8247.3128  0.3944 
   00071    0.4308   -8271.3147  0.4003 
   00072    0.4200   -8253.7777  0.4027 
   00073    0.4212   -8258.0594  0.3926 
   00074    0.4212   -8269.7148  0.3845 
   00075    0.4264   -8281.5834  0.3848 
   00076    0.4248   -8292.1779  0.3802 
   00077    0.4180   -8228.4755  0.3866 
   00078    0.4352   -8207.1242  0.3834 
   00079    0.4224   -8195.2196  0.3898 
   00080    0.4272   -8223.6312  0.3926 
   00081    0.4148   -8225.7619  0.3991 
   00082    0.4192   -8241.2054  0.3961 
   00083    0.4340   -8245.1510  0.4005 
   00084    0.4268   -8267.5705  0.4019 
   00085    0.4152   -8248.3683  0.3985 
   00086    0.4424   -8261.9967  0.3929 
   00087    0.4280   -8250.9734  0.3966 
   00088    0.4040   -8226.4849  0.4015 
   00089    0.4304   -8239.8725  0.4012 
   00090    0.4372   -8257.9456  0.4017 
   00091    0.4200   -8264.2515  0.4088 
   00092    0.4164   -8289.4161  0.4037 
   00093    0.4344   -8320.4636  0.4055 
   00094    0.4212   -8301.9223  0.4020 
   00095    0.4276   -8348.8078  0.4056 
   00096    0.4180   -8311.1493  0.4028 
   00097    0.4084   -8302.4847  0.4022 
   00098    0.4316   -8362.4458  0.3952 
   00099    0.4020   -8383.4548  0.3976 
   00100    0.4128   -8353.3912  0.3957 
   00101    0.4224   -8353.9628  0.3953 
   00102    0.4048   -8297.6530  0.3979 
   00103    0.4312   -8322.4481  0.3970 
   00104    0.4224   -8311.4571  0.4008 
   00105    0.4148   -8325.7295  0.4044 
   00106    0.4332   -8293.4956  0.4079 
   00107    0.4284   -8338.2270  0.4082 
   00108    0.4176   -8352.0451  0.4054 
   00109    0.4132   -8371.1124  0.4080 
   00110    0.3992   -8390.6201  0.4099 
   00111    0.4188   -8404.0760  0.4174 
   00112    0.4100   -8378.8560  0.4197 
   00113    0.4312   -8359.1636  0.4148 
   00114    0.4256   -8398.1170  0.4142 
   00115    0.4124   -8446.7368  0.4205 
   00116    0.4036   -8479.7855  0.4289 
   00117    0.4156   -8462.6513  0.4210 
   00118    0.4224   -8438.0269  0.4200 
   00119    0.4252   -8422.6307  0.4272 
   00120    0.4072   -8410.9477  0.4212 
   00121    0.4200   -8401.1312  0.4206 
   00122    0.4224   -8416.1252  0.4200 
   00123    0.4048   -8425.2123  0.4153 
   00124    0.4252   -8380.0374  0.4173 
   00125    0.4100   -8413.8504  0.4212 
   00126    0.4264   -8375.0958  0.4165 
   00127    0.4268   -8400.2489  0.4163 
   00128    0.4224   -8425.8600  0.4160 
   00129    0.4132   -8407.5084  0.4163 
   00130    0.4076   -8426.7079  0.4127 
   00131    0.4316   -8432.6279  0.4163 
   00132    0.4096   -8414.0339  0.4191 
   00133    0.4104   -8432.6998  0.4230 
   00134    0.4120   -8379.3916  0.4301 
   00135    0.4244   -8412.0579  0.4322 
   00136    0.4164   -8424.7022  0.4315 
   00137    0.4196   -8400.6824  0.4231 
   00138    0.4292   -8389.9016  0.4215 
   00139    0.4168   -8362.5295  0.4264 
   00140    0.4136   -8351.4437  0.4291 
   00141    0.4168   -8366.6024  0.4280 
   00142    0.4148   -8357.2668  0.4216 
   00143    0.4120   -8331.1107  0.4258 
   00144    0.4192   -8337.0983  0.4183 
   00145    0.4284   -8332.5234  0.4214 
   00146    0.4188   -8327.0078  0.4161 
   00147    0.4208   -8338.0636  0.4121 
   00148    0.4156   -8362.3882  0.4114 
   00149    0.4080   -8367.1351  0.4179 
   00150    0.4216   -8393.0203  0.4159 
   00151    0.4224   -8413.9672  0.4183 
   00152    0.4160   -8392.3197  0.4083 
   00153    0.4180   -8463.5682  0.4063 
   00154    0.4172   -8457.2730  0.4082 
   00155    0.4132   -8421.0358  0.4048 
   00156    0.4116   -8385.4645  0.4089 
   00157    0.4060   -8393.9603  0.4126 
   00158    0.4152   -8374.7918  0.4055 
   00159    0.4312   -8397.7295  0.4053 
   00160    0.4132   -8408.3636  0.4088 
   00161    0.4196   -8440.1861  0.4088 
   00162    0.4212   -8425.4941  0.4103 
   00163    0.4200   -8423.7460  0.4121 
   00164    0.4084   -8411.8880  0.4101 
   00165    0.4232   -8460.8650  0.4122 
   00166    0.4176   -8429.3001  0.4106 
   00167    0.4244   -8443.7621  0.4134 
   00168    0.4260   -8433.4430  0.4163 
   00169    0.4040   -8452.8587  0.4199 
   00170    0.4168   -8439.9850  0.4206 
   00171    0.4224   -8479.4722  0.4237 
   00172    0.4224   -8466.5542  0.4221 
   00173    0.4252   -8496.4375  0.4289 
   00174    0.4256   -8499.1789  0.4267 
   00175    0.4196   -8487.1790  0.4322 
   00176    0.4152   -8451.6253  0.4343 
   00177    0.4124   -8441.8677  0.4284 
   00178    0.4116   -8453.5009  0.4250 
   00179    0.4248   -8450.1590  0.4302 
   00180    0.4124   -8460.7560  0.4277 
   00181    0.4136   -8425.0264  0.4307 
   00182    0.4060   -8445.4964  0.4298 
   00183    0.4228   -8447.9214  0.4228 
   00184    0.4180   -8414.4355  0.4234 
   00185    0.4284   -8356.4746  0.4208 
   00186    0.4188   -8349.8119  0.4242 
   00187    0.4188   -8416.8906  0.4255 
   00188    0.4148   -8424.9198  0.4265 
   00189    0.4128   -8467.1708  0.4284 
   00190    0.4116   -8464.9901  0.4253 
   00191    0.4108   -8444.6648  0.4310 
   00192    0.4144   -8423.0847  0.4262 
   00193    0.3992   -8436.5827  0.4291 
   00194    0.4212   -8460.8084  0.4255 
   00195    0.4052   -8428.7452  0.4287 
   00196    0.4280   -8426.0426  0.4261 
   00197    0.4020   -8467.1019  0.4354 
   00198    0.4128   -8449.3562  0.4371 
   00199    0.3944   -8450.6630  0.4393 
   00200    0.4076   -8453.1201  0.4398 
   00201    0.4116   -8478.8243  0.4453 
   00202    0.4152   -8489.4396  0.4462 
   00203    0.3976   -8502.2191  0.4460 
   00204    0.4088   -8471.4790  0.4466 
   00205    0.4128   -8439.5322  0.4421 
   00206    0.4108   -8409.0548  0.4400 
   00207    0.4304   -8410.0299  0.4421 
   00208    0.4100   -8414.7830  0.4475 
   00209    0.4052   -8439.5133  0.4508 
   00210    0.4180   -8447.4007  0.4534 
   00211    0.4068   -8463.5250  0.4498 
   00212    0.4044   -8450.2070  0.4471 
   00213    0.4032   -8429.0903  0.4455 
   00214    0.4236   -8426.8904  0.4495 
   00215    0.4292   -8429.9907  0.4474 
   00216    0.4040   -8448.5106  0.4583 
   00217    0.4032   -8463.0752  0.4633 
   00218    0.4048   -8503.1006  0.4608 
   00219    0.4128   -8499.1573  0.4592 
   00220    0.3980   -8534.6028  0.4642 
   00221    0.4064   -8497.3182  0.4641 
   00222    0.3984   -8484.4673  0.4647 
   00223    0.4224   -8468.0293  0.4626 
   00224    0.4032   -8425.2265  0.4583 
   00225    0.4128   -8498.9727  0.4641 
   00226    0.4124   -8488.2161  0.4650 
   00227    0.3952   -8441.1951  0.4624 
   00228    0.3992   -8471.6214  0.4642 
   00229    0.4160   -8464.0206  0.4648 
   00230    0.4136   -8441.8849  0.4680 
   00231    0.4520   -8443.6709  0.4697 
   00232    0.4204   -8421.4395  0.4691 
   00233    0.4200   -8437.8498  0.4718 
   00234    0.4240   -8446.2424  0.4755 
   00235    0.4124   -8454.6859  0.4753 
   00236    0.4152   -8446.9907  0.4695 
   00237    0.4056   -8421.4486  0.4637 
   00238    0.4324   -8432.0481  0.4669 
   00239    0.4188   -8413.1042  0.4648 
   00240    0.4208   -8403.6474  0.4617 
   00241    0.4076   -8387.7626  0.4685 
   00242    0.4268   -8408.9842  0.4687 
   00243    0.4204   -8440.0891  0.4683 
   00244    0.4260   -8447.5987  0.4728 
   00245    0.4140   -8420.0851  0.4744 
   00246    0.4148   -8453.1185  0.4711 
   00247    0.4268   -8446.2235  0.4717 
   00248    0.4072   -8436.8007  0.4724 
   00249    0.4196   -8430.5901  0.4757 
   00250    0.4252   -8480.1579  0.4764 
   00251    0.4212   -8470.4487  0.4743 
   00252    0.3992   -8443.7838  0.4779 
   00253    0.4176   -8439.1415  0.4793 
   00254    0.3996   -8465.3063  0.4782 
   00255    0.4072   -8462.3851  0.4765 
   00256    0.4112   -8465.8145  0.4724 
   00257    0.4088   -8503.4730  0.4706 
   00258    0.4180   -8481.2588  0.4694 
   00259    0.4220   -8470.8244  0.4674 
   00260    0.4164   -8502.6621  0.4684 
   00261    0.4016   -8461.0655  0.4664 
   00262    0.4104   -8426.1277  0.4635 
   00263    0.4332   -8428.1793  0.4641 
   00264    0.4216   -8456.0746  0.4591 
   00265    0.3976   -8466.8141  0.4580 
   00266    0.4172   -8395.3907  0.4605 
   00267    0.4068   -8416.8409  0.4670 
   00268    0.4188   -8423.9017  0.4642 
   00269    0.4060   -8453.2824  0.4640 
   00270    0.4056   -8405.3262  0.4613 
   00271    0.4152   -8400.0374  0.4627 
   00272    0.4288   -8378.1932  0.4629 
   00273    0.4116   -8414.0722  0.4677 
   00274    0.4260   -8400.4535  0.4673 
   00275    0.4076   -8365.9057  0.4637 
   00276    0.4184   -8391.0326  0.4637 
   00277    0.4148   -8417.3605  0.4679 
   00278    0.4040   -8460.9798  0.4665 
   00279    0.4036   -8474.8819  0.4691 
   00280    0.4032   -8469.4718  0.4597 
   00281    0.3932   -8465.5198  0.4588 
   00282    0.4004   -8443.4429  0.4641 
   00283    0.4116   -8456.4021  0.4661 
   00284    0.4140   -8407.2560  0.4716 
   00285    0.4056   -8422.4884  0.4714 
   00286    0.4040   -8426.3014  0.4700 
   00287    0.4224   -8402.6574  0.4708 
   00288    0.4072   -8474.6405  0.4748 
   00289    0.4028   -8487.5938  0.4771 
   00290    0.4172   -8489.0684  0.4699 
   00291    0.4060   -8546.1699  0.4699 
   00292    0.4236   -8503.8187  0.4751 
   00293    0.4196   -8504.1512  0.4739 
   00294    0.3948   -8510.0710  0.4721 
   00295    0.4020   -8560.2341  0.4719 
   00296    0.4120   -8555.7308  0.4745 
   00297    0.4240   -8583.3918  0.4754 
   00298    0.4184   -8583.2180  0.4756 
   00299    0.4168   -8528.4706  0.4696 
   00300    0.4172   -8525.6236  0.4656 
   00301    0.4140   -8529.2393  0.4632 
   00302    0.4156   -8517.6041  0.4635 
   00303    0.3944   -8514.1302  0.4596 
   00304    0.4016   -8495.9449  0.4602 
   00305    0.4192   -8518.9126  0.4593 
   00306    0.4020   -8511.7638  0.4555 
   00307    0.4092   -8467.3339  0.4599 
   00308    0.4276   -8484.1055  0.4567 
   00309    0.4092   -8459.7540  0.4567 
   00310    0.4144   -8465.7548  0.4597 
   00311    0.4184   -8430.5713  0.4650 
   00312    0.4148   -8473.5872  0.4715 
   00313    0.4264   -8552.3513  0.4716 
   00314    0.4120   -8520.2961  0.4726 
   00315    0.4000   -8530.2185  0.4675 
   00316    0.3972   -8449.5812  0.4631 
   00317    0.4304   -8455.1174  0.4620 
   00318    0.4276   -8446.8743  0.4585 
   00319    0.3976   -8469.6566  0.4495 
   00320    0.4168   -8443.3102  0.4528 
   00321    0.4092   -8450.4731  0.4456 
   00322    0.4068   -8479.4624  0.4451 
   00323    0.4160   -8488.1911  0.4530 
   00324    0.3908   -8475.4873  0.4541 
   00325    0.4000   -8456.8716  0.4556 
   00326    0.4180   -8494.9957  0.4527 
   00327    0.4160   -8533.1899  0.4552 
   00328    0.4020   -8520.4022  0.4552 
   00329    0.4060   -8546.5397  0.4540 
   00330    0.4060   -8565.9608  0.4578 
   00331    0.4056   -8523.7015  0.4572 
   00332    0.4060   -8512.6093  0.4533 
   00333    0.4180   -8462.1639  0.4529 
   00334    0.4100   -8448.0776  0.4517 
   00335    0.4120   -8517.8133  0.4543 
   00336    0.4000   -8525.3271  0.4542 
   00337    0.4068   -8543.2883  0.4523 
   00338    0.4148   -8498.6531  0.4511 
   00339    0.4124   -8487.9039  0.4543 
   00340    0.4196   -8482.5637  0.4549 
   00341    0.4056   -8528.0077  0.4496 
   00342    0.4308   -8531.5371  0.4521 
   00343    0.4148   -8534.6291  0.4574 
   00344    0.4068   -8523.1729  0.4608 
   00345    0.4184   -8484.5326  0.4623 
   00346    0.4140   -8562.9981  0.4633 
   00347    0.4104   -8533.2134  0.4700 
   00348    0.4244   -8517.9680  0.4722 
   00349    0.4204   -8569.9134  0.4804 
   00350    0.4220   -8557.2183  0.4766 
   00351    0.4144   -8524.2159  0.4727 
   00352    0.4316   -8453.1806  0.4717 
   00353    0.4260   -8468.9018  0.4721 
   00354    0.4300   -8454.3291  0.4694 
   00355    0.4308   -8463.5466  0.4684 
   00356    0.4160   -8488.7499  0.4776 
   00357    0.3956   -8547.2260  0.4848 
   00358    0.4096   -8549.7949  0.4830 
   00359    0.4000   -8535.9147  0.4810 
   00360    0.4196   -8533.5554  0.4869 
   00361    0.3992   -8529.2609  0.4839 
   00362    0.3972   -8540.5046  0.4854 
   00363    0.4140   -8545.5632  0.4857 
   00364    0.4228   -8569.8174  0.4899 
   00365    0.4048   -8556.5704  0.4873 
   00366    0.4224   -8544.2513  0.4922 
   00367    0.4172   -8569.4477  0.4902 
   00368    0.4112   -8538.8207  0.4914 
   00369    0.3976   -8520.0606  0.4937 
   00370    0.4140   -8528.9312  0.4911 
   00371    0.4060   -8491.4159  0.4912 
   00372    0.4096   -8444.8865  0.4936 
   00373    0.4024   -8494.5953  0.4933 
   00374    0.4240   -8491.2002  0.4880 
   00375    0.4156   -8510.9040  0.4968 
   00376    0.4116   -8508.1457  0.4957 
   00377    0.4380   -8546.1547  0.4930 
   00378    0.4164   -8528.0364  0.4891 
   00379    0.4228   -8521.0118  0.4911 
   00380    0.4240   -8485.6702  0.4912 
   00381    0.4076   -8494.5967  0.4963 
   00382    0.4300   -8538.1872  0.4998 
   00383    0.4048   -8512.4386  0.5008 
   00384    0.4160   -8496.8488  0.5031 
   00385    0.4076   -8530.6272  0.4980 
   00386    0.4096   -8529.0133  0.5004 
   00387    0.4004   -8511.0250  0.4969 
   00388    0.4064   -8532.4753  0.4969 
   00389    0.4120   -8550.2233  0.4959 
   00390    0.4248   -8516.5308  0.4935 
   00391    0.4116   -8533.0996  0.4953 
   00392    0.4132   -8593.3884  0.5013 
   00393    0.4088   -8569.0646  0.4988 
   00394    0.4096   -8580.6713  0.5033 
   00395    0.4204   -8586.6004  0.5092 
   00396    0.4012   -8555.9364  0.5072 
   00397    0.4192   -8558.6552  0.5039 
   00398    0.4244   -8519.2097  0.5010 
   00399    0.4240   -8506.8976  0.4978 
   00400    0.4000   -8515.7393  0.5040 
   00401    0.4172   -8511.3334  0.5063 
   00402    0.4224   -8468.4067  0.5018 
   00403    0.4316   -8491.0815  0.5003 
   00404    0.4096   -8466.6876  0.4981 
   00405    0.4048   -8533.2920  0.5022 
   00406    0.4032   -8524.9969  0.5024 
   00407    0.3972   -8469.8121  0.5013 
   00408    0.4084   -8422.7278  0.5034 
   00409    0.3980   -8424.3522  0.5012 
   00410    0.4132   -8441.1498  0.5012 
   00411    0.4020   -8463.7907  0.5043 
   00412    0.4096   -8490.7088  0.5037 
   00413    0.4188   -8459.7111  0.5151 
   00414    0.4052   -8484.8014  0.5237 
   00415    0.3944   -8505.3386  0.5192 
   00416    0.4056   -8528.5869  0.5167 
   00417    0.4124   -8518.7898  0.5247 
   00418    0.4160   -8507.3967  0.5314 
   00419    0.4224   -8473.7047  0.5312 
   00420    0.4260   -8442.8456  0.5282 
   00421    0.4052   -8450.0148  0.5353 
   00422    0.4240   -8468.4836  0.5330 
   00423    0.4120   -8518.3655  0.5362 
   00424    0.4068   -8526.8816  0.5454 
   00425    0.4184   -8568.0036  0.5447 
   00426    0.4180   -8588.6453  0.5449 
   00427    0.3992   -8560.4375  0.5376 
   00428    0.4116   -8552.5782  0.5406 
   00429    0.4128   -8537.5004  0.5425 
   00430    0.4024   -8531.8261  0.5429 
   00431    0.4056   -8590.2358  0.5415 
   00432    0.3988   -8584.2285  0.5425 
   00433    0.3952   -8568.5029  0.5420 
   00434    0.4172   -8540.3871  0.5382 
   00435    0.4312   -8551.8249  0.5403 
   00436    0.4184   -8513.5987  0.5422 
   00437    0.4376   -8493.4808  0.5483 
   00438    0.4040   -8525.2718  0.5534 
   00439    0.4120   -8513.4200  0.5503 
   00440    0.4036   -8499.5838  0.5440 
   00441    0.4176   -8530.1562  0.5423 
   00442    0.4088   -8563.2301  0.5441 
   00443    0.4092   -8575.4256  0.5439 
   00444    0.3972   -8579.0715  0.5384 
   00445    0.4312   -8525.0572  0.5296 
   00446    0.4344   -8535.7800  0.5313 
   00447    0.4176   -8560.7519  0.5255 
   00448    0.4236   -8566.2635  0.5269 
   00449    0.4132   -8521.2741  0.5243 
   00450    0.4120   -8507.6275  0.5261 
   00451    0.4172   -8519.0442  0.5266 
   00452    0.4120   -8455.6152  0.5240 
   00453    0.4260   -8457.6756  0.5162 
   00454    0.4244   -8439.3193  0.5177 
   00455    0.4016   -8476.7705  0.5178 
   00456    0.4264   -8515.9100  0.5250 
   00457    0.4224   -8523.2523  0.5299 
   00458    0.4020   -8504.2122  0.5309 
   00459    0.4240   -8488.5034  0.5297 
   00460    0.4268   -8465.7078  0.5325 
   00461    0.3964   -8500.5098  0.5362 
   00462    0.4132   -8492.6607  0.5360 
   00463    0.4248   -8522.7729  0.5389 
   00464    0.4116   -8493.9614  0.5415 
   00465    0.4084   -8524.8553  0.5477 
   00466    0.4120   -8545.0175  0.5506 
   00467    0.4152   -8508.1872  0.5515 
   00468    0.3980   -8532.0380  0.5499 
   00469    0.3908   -8477.7991  0.5468 
   00470    0.4308   -8519.7725  0.5455 
   00471    0.4216   -8546.1806  0.5438 
   00472    0.4128   -8514.1435  0.5426 
   00473    0.4232   -8524.0003  0.5431 
   00474    0.4160   -8504.7491  0.5416 
   00475    0.4096   -8510.9282  0.5453 
   00476    0.4192   -8498.5591  0.5455 
   00477    0.4112   -8514.8929  0.5509 
   00478    0.4128   -8506.3045  0.5491 
   00479    0.4152   -8535.3899  0.5519 
   00480    0.4252   -8581.4323  0.5586 
   00481    0.4268   -8582.9740  0.5597 
   00482    0.4044   -8573.9230  0.5579 
   00483    0.3972   -8532.6755  0.5475 
   00484    0.4304   -8506.6896  0.5402 
   00485    0.4212   -8529.1191  0.5463 
   00486    0.4300   -8593.8172  0.5451 
   00487    0.4096   -8571.8687  0.5452 
   00488    0.3980   -8521.5390  0.5452 
   00489    0.4084   -8527.9028  0.5465 
   00490    0.4092   -8579.4865  0.5477 
   00491    0.4136   -8567.0447  0.5447 
   00492    0.4164   -8575.8502  0.5420 
   00493    0.4176   -8558.3993  0.5357 
   00494    0.3852   -8555.6745  0.5323 
   00495    0.3940   -8529.8659  0.5383 
   00496    0.4196   -8522.8474  0.5389 
   00497    0.4144   -8523.8253  0.5407 
   00498    0.4116   -8467.5950  0.5284 
   00499    0.3980   -8488.7822  0.5304 
   00500    0.4192   -8547.8844  0.5332 
   00501    0.4192   -8558.9901  0.5347 
   00502    0.3956   -8519.7583  0.5387 
   00503    0.4092   -8522.5306  0.5433 
   00504    0.4136   -8509.6112  0.5437 
   00505    0.4136   -8499.5071  0.5468 
   00506    0.4100   -8509.2405  0.5428 
   00507    0.4188   -8470.1285  0.5365 
   00508    0.4108   -8481.5147  0.5414 
   00509    0.4140   -8444.9901  0.5410 
   00510    0.4172   -8425.3531  0.5380 
   00511    0.3984   -8439.9853  0.5391 
   00512    0.4320   -8483.4115  0.5463 
   00513    0.4132   -8487.3793  0.5434 
   00514    0.4296   -8473.5493  0.5432 
   00515    0.4144   -8540.1068  0.5449 
   00516    0.4096   -8550.6599  0.5485 
   00517    0.4144   -8581.6618  0.5438 
   00518    0.4184   -8624.7032  0.5467 
   00519    0.4008   -8610.7654  0.5462 
   00520    0.4140   -8636.2261  0.5475 
   00521    0.4004   -8620.4532  0.5415 
   00522    0.4180   -8634.3412  0.5433 
   00523    0.4008   -8634.0683  0.5450 
   00524    0.4000   -8599.7699  0.5409 
   00525    0.4124   -8592.8491  0.5414 
   00526    0.3948   -8611.7562  0.5369 
   00527    0.4204   -8597.9601  0.5335 
   00528    0.4008   -8615.3639  0.5365 
   00529    0.4020   -8587.1217  0.5375 
   00530    0.4152   -8589.4775  0.5362 
   00531    0.4068   -8503.0174  0.5345 
   00532    0.4172   -8521.9270  0.5394 
   00533    0.4048   -8516.9796  0.5428 
   00534    0.4212   -8463.7330  0.5479 
   00535    0.4060   -8486.6489  0.5508 
   00536    0.4264   -8501.7309  0.5490 
   00537    0.4120   -8509.9929  0.5466 
   00538    0.4052   -8478.4278  0.5460 
   00539    0.4188   -8505.2715  0.5459 
   00540    0.4176   -8517.6216  0.5466 
   00541    0.4028   -8565.6616  0.5503 
   00542    0.4176   -8599.0537  0.5529 
   00543    0.4148   -8594.7381  0.5598 
   00544    0.4072   -8554.6557  0.5621 
   00545    0.3952   -8570.8954  0.5597 
   00546    0.4156   -8568.0432  0.5627 
   00547    0.4104   -8584.4601  0.5587 
   00548    0.4212   -8532.2711  0.5599 
   00549    0.3924   -8548.3705  0.5615 
   00550    0.4196   -8506.8432  0.5595 
   00551    0.4344   -8499.0828  0.5564 
   00552    0.4016   -8517.8847  0.5569 
   00553    0.4116   -8510.8175  0.5579 
   00554    0.4304   -8498.0967  0.5596 
   00555    0.3980   -8488.3915  0.5560 
   00556    0.4248   -8478.2683  0.5554 
   00557    0.4188   -8506.5502  0.5623 
   00558    0.4148   -8502.3992  0.5591 
   00559    0.4124   -8503.8423  0.5602 
   00560    0.4324   -8515.8555  0.5593 
   00561    0.4132   -8542.1034  0.5576 
   00562    0.4204   -8526.1986  0.5553 
   00563    0.4208   -8562.7068  0.5570 
   00564    0.4144   -8551.0801  0.5604 
   00565    0.4048   -8545.4234  0.5643 
   00566    0.4028   -8580.7271  0.5667 
   00567    0.4000   -8541.8412  0.5645 
   00568    0.4020   -8552.5520  0.5668 
   00569    0.4116   -8549.9748  0.5654 
   00570    0.4052   -8535.9902  0.5647 
   00571    0.4028   -8567.6534  0.5683 
   00572    0.4056   -8538.3077  0.5617 
   00573    0.4144   -8567.0675  0.5638 
   00574    0.4036   -8561.1926  0.5596 
   00575    0.4056   -8549.4908  0.5557 
   00576    0.4252   -8514.8387  0.5513 
   00577    0.4240   -8492.6460  0.5538 
   00578    0.4236   -8517.4323  0.5564 
   00579    0.4160   -8517.9646  0.5548 
   00580    0.4068   -8533.9439  0.5532 
   00581    0.4300   -8552.6895  0.5517 
   00582    0.4100   -8546.9858  0.5525 
   00583    0.4168   -8515.6833  0.5510 
   00584    0.4144   -8549.3950  0.5566 
   00585    0.4012   -8545.0527  0.5533 
   00586    0.4044   -8527.0900  0.5530 
   00587    0.4128   -8532.5170  0.5503 
   00588    0.4116   -8573.9167  0.5520 
   00589    0.4120   -8557.1543  0.5504 
   00590    0.4168   -8580.5144  0.5472 
   00591    0.3984   -8562.2359  0.5434 
   00592    0.4264   -8529.9791  0.5346 
   00593    0.4072   -8533.1071  0.5400 
   00594    0.3948   -8511.8662  0.5433 
   00595    0.4132   -8555.8338  0.5489 
   00596    0.4204   -8550.1772  0.5500 
   00597    0.4252   -8524.8404  0.5493 
   00598    0.4184   -8539.3302  0.5508 
   00599    0.4048   -8546.8022  0.5481 
   00600    0.3972   -8558.1981  0.5555 
   00601    0.4056   -8576.3250  0.5563 
   00602    0.4088   -8580.2766  0.5536 
   00603    0.4100   -8535.8903  0.5493 
   00604    0.4004   -8529.5884  0.5494 
   00605    0.4304   -8531.7326  0.5494 
   00606    0.4276   -8526.7126  0.5535 
   00607    0.4168   -8514.9370  0.5583 
   00608    0.4224   -8540.1232  0.5568 
   00609    0.3988   -8565.6770  0.5524 
   00610    0.4168   -8551.2496  0.5519 
   00611    0.4128   -8558.9240  0.5520 
   00612    0.4100   -8563.6999  0.5441 
   00613    0.4124   -8547.1242  0.5498 
   00614    0.4080   -8522.1482  0.5488 
   00615    0.4048   -8535.2781  0.5538 
   00616    0.4116   -8523.3905  0.5543 
   00617    0.4308   -8512.6497  0.5494 
   00618    0.4168   -8552.0955  0.5482 
   00619    0.4124   -8538.1149  0.5475 
   00620    0.4204   -8556.1126  0.5464 
   00621    0.4180   -8509.4537  0.5382 
   00622    0.4248   -8530.3292  0.5366 
   00623    0.4228   -8527.9384  0.5368 
   00624    0.4120   -8523.1665  0.5455 
   00625    0.4184   -8539.6726  0.5491 
   00626    0.4084   -8540.1388  0.5455 
   00627    0.4112   -8558.8294  0.5488 
   00628    0.3996   -8573.5504  0.5509 
   00629    0.4160   -8537.5274  0.5529 
   00630    0.4060   -8507.5948  0.5443 
   00631    0.4224   -8493.8974  0.5414 
   00632    0.4160   -8510.9520  0.5451 
   00633    0.4112   -8500.8283  0.5476 
   00634    0.4020   -8476.6942  0.5448 
   00635    0.3960   -8466.3789  0.5469 
   00636    0.4120   -8497.7403  0.5469 
   00637    0.4124   -8516.4091  0.5421 
   00638    0.4132   -8516.6116  0.5405 
   00639    0.4220   -8578.3039  0.5398 
   00640    0.3984   -8607.8536  0.5423 
   00641    0.4260   -8601.0218  0.5450 
   00642    0.4036   -8566.1578  0.5448 
   00643    0.4132   -8572.9163  0.5443 
   00644    0.4160   -8514.7445  0.5454 
   00645    0.4068   -8496.8978  0.5429 
   00646    0.4140   -8487.9719  0.5384 
   00647    0.4100   -8535.1717  0.5465 
   00648    0.4020   -8583.8230  0.5493 
   00649    0.3888   -8560.3377  0.5457 
   00650    0.4172   -8504.9984  0.5412 
   00651    0.4060   -8521.7424  0.5373 
   00652    0.3964   -8524.1727  0.5342 
   00653    0.3992   -8527.9171  0.5378 
   00654    0.4128   -8516.7546  0.5390 
   00655    0.4004   -8533.0361  0.5425 
   00656    0.4148   -8516.3851  0.5456 
   00657    0.4020   -8595.7559  0.5501 
   00658    0.4060   -8584.4570  0.5481 
   00659    0.4148   -8571.6759  0.5481 
   00660    0.4004   -8539.0368  0.5453 
   00661    0.4084   -8541.9218  0.5470 
   00662    0.4044   -8498.3557  0.5469 
   00663    0.4140   -8472.2642  0.5444 
   00664    0.4216   -8485.4009  0.5437 
   00665    0.4072   -8477.6276  0.5468 
   00666    0.4188   -8485.5638  0.5481 
   00667    0.4096   -8509.9023  0.5490 
   00668    0.4212   -8489.7354  0.5482 
   00669    0.4060   -8472.8259  0.5513 
   00670    0.4024   -8425.5633  0.5532 
   00671    0.4292   -8448.9134  0.5547 
   00672    0.4184   -8466.3043  0.5559 
   00673    0.4032   -8469.5690  0.5571 
   00674    0.4068   -8475.4997  0.5510 
   00675    0.4056   -8514.4107  0.5545 
   00676    0.3920   -8535.5412  0.5506 
   00677    0.4228   -8572.7313  0.5507 
   00678    0.3964   -8559.1879  0.5553 
   00679    0.4228   -8526.8104  0.5543 
   00680    0.4136   -8517.4389  0.5515 
   00681    0.4212   -8543.4849  0.5507 
   00682    0.4140   -8545.8086  0.5501 
   00683    0.4068   -8567.1378  0.5471 
   00684    0.4152   -8580.8960  0.5549 
   00685    0.3984   -8549.8305  0.5552 
   00686    0.4072   -8532.5070  0.5612 
   00687    0.4112   -8535.4661  0.5642 
   00688    0.4156   -8537.4246  0.5628 
   00689    0.4104   -8554.4959  0.5588 
   00690    0.4252   -8526.4642  0.5599 
   00691    0.4180   -8498.2420  0.5536 
   00692    0.4128   -8491.8352  0.5554 
   00693    0.4236   -8457.9992  0.5514 
   00694    0.4168   -8466.7963  0.5526 
   00695    0.4372   -8465.2379  0.5579 
   00696    0.4136   -8482.9140  0.5556 
   00697    0.4160   -8502.2558  0.5550 
   00698    0.4044   -8494.2757  0.5555 
   00699    0.3928   -8455.8578  0.5555 
   00700    0.4144   -8491.3413  0.5553 
   00701    0.3924   -8495.2751  0.5571 
   00702    0.4052   -8511.1457  0.5531 
   00703    0.4148   -8491.0589  0.5528 
   00704    0.4180   -8509.6320  0.5514 
   00705    0.4108   -8454.2734  0.5521 
   00706    0.4064   -8455.2462  0.5505 
   00707    0.4140   -8483.3759  0.5570 
   00708    0.4252   -8494.8384  0.5542 
   00709    0.4080   -8481.9243  0.5569 
   00710    0.4004   -8475.2177  0.5593 
   00711    0.4072   -8483.2399  0.5532 
   00712    0.4308   -8486.0984  0.5531 
   00713    0.4188   -8544.8249  0.5564 
   00714    0.4040   -8581.3052  0.5543 
   00715    0.4244   -8491.3576  0.5521 
   00716    0.4228   -8495.8238  0.5552 
   00717    0.4172   -8514.6163  0.5609 
   00718    0.4132   -8490.4925  0.5535 
   00719    0.4048   -8533.7041  0.5561 
   00720    0.3900   -8580.7822  0.5540 
   00721    0.3996   -8593.2469  0.5561 
   00722    0.4056   -8631.7472  0.5605 
   00723    0.4304   -8615.9318  0.5576 
   00724    0.3968   -8575.6417  0.5579 
   00725    0.4080   -8574.0693  0.5533 
   00726    0.4160   -8562.2365  0.5526 
   00727    0.4076   -8515.2608  0.5512 
   00728    0.4128   -8484.8723  0.5437 
   00729    0.4200   -8492.2035  0.5455 
   00730    0.4152   -8488.1939  0.5477 
   00731    0.4020   -8536.3893  0.5480 
   00732    0.4064   -8556.2301  0.5527 
   00733    0.3988   -8522.0399  0.5506 
   00734    0.4108   -8607.0914  0.5527 
   00735    0.3932   -8551.9877  0.5518 
   00736    0.4188   -8586.8966  0.5484 
   00737    0.4160   -8552.1122  0.5478 
   00738    0.4264   -8537.1456  0.5451 
   00739    0.3876   -8547.5897  0.5467 
   00740    0.4012   -8525.2325  0.5438 
   00741    0.4100   -8512.3749  0.5442 
   00742    0.4160   -8520.4370  0.5440 
   00743    0.4060   -8537.3169  0.5441 
   00744    0.4140   -8516.3639  0.5494 
   00745    0.4284   -8466.0735  0.5457 
   00746    0.4288   -8478.7628  0.5379 
   00747    0.4248   -8442.7983  0.5332 
   00748    0.3928   -8503.9256  0.5313 
   00749    0.4112   -8481.9039  0.5353 
   00750    0.4136   -8513.2818  0.5344 
   00751    0.4228   -8539.8025  0.5363 
   00752    0.4344   -8526.9655  0.5369 
   00753    0.4152   -8529.0191  0.5345 
   00754    0.4168   -8524.2233  0.5371 
   00755    0.4056   -8538.3170  0.5307 
   00756    0.4024   -8562.5007  0.5290 
   00757    0.3964   -8572.5371  0.5304 
   00758    0.3968   -8594.2347  0.5312 
   00759    0.4024   -8565.3379  0.5260 
   00760    0.4216   -8556.3340  0.5353 
   00761    0.3816   -8573.5424  0.5384 
   00762    0.4000   -8584.8797  0.5413 
   00763    0.4056   -8574.9510  0.5444 
   00764    0.4056   -8586.4406  0.5419 
   00765    0.4076   -8534.3359  0.5396 
   00766    0.4116   -8562.4113  0.5452 
   00767    0.3996   -8574.4991  0.5470 
   00768    0.3940   -8597.7496  0.5426 
   00769    0.4068   -8607.6097  0.5423 
   00770    0.4056   -8596.0360  0.5417 
   00771    0.4024   -8618.7126  0.5422 
   00772    0.4148   -8603.5709  0.5414 
   00773    0.4168   -8581.8282  0.5420 
   00774    0.4028   -8610.9209  0.5424 
   00775    0.3988   -8546.4983  0.5395 
   00776    0.4028   -8541.8867  0.5432 
   00777    0.3864   -8532.4016  0.5426 
   00778    0.4352   -8562.0789  0.5526 
   00779    0.4208   -8554.8480  0.5575 
   00780    0.4228   -8518.9605  0.5588 
   00781    0.3956   -8532.7418  0.5599 
   00782    0.4016   -8593.7489  0.5597 
   00783    0.4144   -8614.8816  0.5592 
   00784    0.4020   -8581.9890  0.5592 
   00785    0.4200   -8600.1116  0.5580 
   00786    0.4052   -8566.5877  0.5595 
   00787    0.4016   -8576.5197  0.5585 
   00788    0.4044   -8535.4216  0.5509 
   00789    0.4044   -8594.2774  0.5450 
   00790    0.4056   -8560.5528  0.5490 
   00791    0.4000   -8519.7048  0.5443 
   00792    0.3976   -8481.7234  0.5411 
   00793    0.4208   -8469.2458  0.5347 
   00794    0.4176   -8498.6085  0.5425 
   00795    0.4200   -8481.8806  0.5410 
   00796    0.4196   -8509.3203  0.5429 
   00797    0.4132   -8535.1946  0.5433 
   00798    0.4104   -8544.1424  0.5474 
   00799    0.4080   -8542.6645  0.5461 
   00800    0.4356   -8529.9714  0.5417 
   00801    0.3820   -8533.0456  0.5406 
   00802    0.3940   -8539.0836  0.5349 
   00803    0.4244   -8531.8333  0.5290 
   00804    0.4204   -8534.0146  0.5284 
   00805    0.4056   -8513.4545  0.5275 
   00806    0.4108   -8541.5453  0.5363 
   00807    0.4088   -8555.7921  0.5352 
   00808    0.4160   -8527.3473  0.5253 
   00809    0.4052   -8528.1556  0.5229 
   00810    0.4112   -8497.8107  0.5222 
   00811    0.4124   -8524.1547  0.5237 
   00812    0.4000   -8544.5928  0.5217 
   00813    0.4032   -8556.3299  0.5262 
   00814    0.4272   -8546.9759  0.5234 
   00815    0.4084   -8534.6403  0.5171 
   00816    0.4048   -8541.6910  0.5189 
   00817    0.4004   -8516.7364  0.5178 
   00818    0.4196   -8537.6888  0.5209 
   00819    0.4200   -8508.7333  0.5257 
   00820    0.4308   -8539.9342  0.5324 
   00821    0.3824   -8513.7047  0.5328 
   00822    0.4244   -8529.8449  0.5320 
   00823    0.4048   -8523.4981  0.5335 
   00824    0.4200   -8553.2832  0.5363 
   00825    0.4092   -8610.7107  0.5346 
   00826    0.4020   -8563.9575  0.5292 
   00827    0.4348   -8555.6336  0.5318 
   00828    0.4168   -8540.0846  0.5365 
   00829    0.4044   -8547.3262  0.5338 
   00830    0.4172   -8544.4303  0.5274 
   00831    0.4064   -8498.8318  0.5222 
   00832    0.4300   -8500.7172  0.5282 
   00833    0.3988   -8540.2863  0.5359 
   00834    0.4060   -8508.5491  0.5384 
   00835    0.4184   -8536.2306  0.5427 
   00836    0.4148   -8563.5164  0.5500 
   00837    0.4248   -8494.2227  0.5459 
   00838    0.4192   -8523.1479  0.5492 
   00839    0.4172   -8562.0446  0.5487 
   00840    0.4136   -8549.3575  0.5543 
   00841    0.4140   -8560.0709  0.5516 
   00842    0.4244   -8567.6604  0.5551 
   00843    0.4112   -8536.2470  0.5502 
   00844    0.4204   -8546.1140  0.5430 
   00845    0.4168   -8590.2900  0.5427 
   00846    0.4072   -8594.5157  0.5437 
   00847    0.4116   -8566.0107  0.5478 
   00848    0.3868   -8629.0615  0.5474 
   00849    0.4084   -8603.6300  0.5538 
   00850    0.3896   -8563.5319  0.5514 
   00851    0.3960   -8523.8684  0.5497 
   00852    0.4052   -8522.3670  0.5504 
   00853    0.4236   -8533.8646  0.5503 
   00854    0.4120   -8491.3400  0.5462 
   00855    0.4192   -8491.0431  0.5469 
   00856    0.4112   -8515.2900  0.5520 
   00857    0.4168   -8507.7487  0.5558 
   00858    0.4148   -8511.3115  0.5542 
   00859    0.4068   -8506.5290  0.5507 
   00860    0.4116   -8497.0288  0.5517 
   00861    0.4080   -8454.5232  0.5562 
   00862    0.4020   -8462.1885  0.5563 
   00863    0.4064   -8470.6856  0.5618 
   00864    0.4080   -8494.9211  0.5619 
   00865    0.4256   -8517.1052  0.5652 
   00866    0.4236   -8507.9457  0.5693 
   00867    0.3932   -8485.5673  0.5673 
   00868    0.4164   -8492.5172  0.5691 
   00869    0.4124   -8490.2205  0.5736 
   00870    0.4128   -8500.7481  0.5779 
   00871    0.4072   -8538.3804  0.5780 
   00872    0.4104   -8506.7419  0.5840 
   00873    0.4176   -8535.7783  0.5835 
   00874    0.4216   -8505.9453  0.5793 
   00875    0.3964   -8473.2561  0.5750 
   00876    0.4344   -8459.9286  0.5742 
   00877    0.4220   -8509.2106  0.5760 
   00878    0.4156   -8547.0837  0.5737 
   00879    0.4184   -8525.3630  0.5660 
   00880    0.4292   -8539.9058  0.5703 
   00881    0.4100   -8604.1280  0.5774 
   00882    0.4032   -8618.8291  0.5769 
   00883    0.4132   -8589.4530  0.5747 
   00884    0.3916   -8561.1206  0.5747 
   00885    0.3996   -8582.4888  0.5742 
   00886    0.4224   -8595.6308  0.5740 
   00887    0.4064   -8629.8648  0.5740 
   00888    0.4116   -8621.1928  0.5658 
   00889    0.4004   -8588.2296  0.5690 
   00890    0.3968   -8588.2709  0.5669 
   00891    0.4044   -8606.9951  0.5688 
   00892    0.4304   -8617.5687  0.5676 
   00893    0.4032   -8546.5795  0.5625 
   00894    0.4144   -8560.9718  0.5661 
   00895    0.4092   -8553.7197  0.5682 
   00896    0.3988   -8544.1456  0.5673 
   00897    0.4080   -8601.3897  0.5656 
   00898    0.3900   -8625.7440  0.5678 
   00899    0.4068   -8616.7701  0.5698 
   00900    0.4088   -8617.9061  0.5724 
   00901    0.4020   -8597.4603  0.5808 
   00902    0.4044   -8577.6202  0.5877 
   00903    0.3884   -8600.4965  0.5914 
   00904    0.3956   -8565.1688  0.5899 
   00905    0.4024   -8580.1234  0.5972 
   00906    0.4104   -8521.5145  0.5916 
   00907    0.4216   -8541.9741  0.5924 
   00908    0.4144   -8538.9461  0.5927 
   00909    0.3976   -8530.2181  0.5913 
   00910    0.3992   -8547.0307  0.5935 
   00911    0.4360   -8543.1711  0.5912 
   00912    0.4068   -8539.5541  0.5955 
   00913    0.4252   -8573.5117  0.5918 
   00914    0.4104   -8583.4721  0.5898 
   00915    0.4156   -8516.6665  0.5823 
   00916    0.4100   -8528.5781  0.5833 
   00917    0.4128   -8469.8964  0.5793 
   00918    0.4184   -8525.9401  0.5790 
   00919    0.4156   -8580.0060  0.5807 
   00920    0.4188   -8563.4837  0.5760 
   00921    0.4184   -8516.0545  0.5719 
   00922    0.3952   -8464.6508  0.5669 
   00923    0.4076   -8509.4933  0.5720 
   00924    0.4180   -8515.0259  0.5682 
   00925    0.4148   -8539.8754  0.5777 
   00926    0.4140   -8538.2807  0.5793 
   00927    0.3996   -8535.2674  0.5830 
   00928    0.4016   -8522.5311  0.5841 
   00929    0.4048   -8506.1069  0.5793 
   00930    0.3964   -8567.7841  0.5811 
   00931    0.4088   -8553.7082  0.5779 
   00932    0.4264   -8547.5725  0.5779 
   00933    0.4112   -8494.2071  0.5778 
   00934    0.4120   -8484.8225  0.5769 
   00935    0.4164   -8465.5027  0.5711 
   00936    0.4028   -8402.9033  0.5679 
   00937    0.4340   -8454.6971  0.5585 
   00938    0.4276   -8441.4016  0.5647 
   00939    0.4060   -8463.9637  0.5728 
   00940    0.4360   -8490.8052  0.5756 
   00941    0.4116   -8493.8362  0.5725 
   00942    0.4024   -8527.2359  0.5680 
   00943    0.4400   -8517.3855  0.5702 
   00944    0.4168   -8548.4612  0.5598 
   00945    0.4156   -8591.7625  0.5574 
   00946    0.4152   -8574.7635  0.5513 
   00947    0.3844   -8551.8936  0.5535 
   00948    0.3956   -8581.7799  0.5556 
   00949    0.4076   -8555.6859  0.5597 
   00950    0.3880   -8535.1888  0.5617 
   00951    0.4168   -8567.0941  0.5646 
   00952    0.4084   -8521.5871  0.5605 
   00953    0.4252   -8582.5327  0.5610 
   00954    0.3980   -8567.8594  0.5617 
   00955    0.4068   -8582.5896  0.5592 
   00956    0.4128   -8606.0639  0.5612 
   00957    0.4076   -8572.4093  0.5585 
   00958    0.4140   -8560.8648  0.5655 
   00959    0.4028   -8563.6096  0.5698 
   00960    0.4096   -8540.7230  0.5716 
   00961    0.3984   -8566.7231  0.5722 
   00962    0.4072   -8532.4969  0.5724 
   00963    0.4100   -8530.4657  0.5722 
   00964    0.4092   -8499.4415  0.5676 
   00965    0.4264   -8474.1001  0.5686 
   00966    0.4040   -8480.6737  0.5691 
   00967    0.4164   -8512.7277  0.5684 
   00968    0.4068   -8512.3550  0.5698 
   00969    0.4036   -8545.2619  0.5706 
   00970    0.4168   -8520.7413  0.5674 
   00971    0.4176   -8566.0449  0.5704 
   00972    0.4052   -8582.9735  0.5645 
   00973    0.4160   -8579.6791  0.5603 
   00974    0.4148   -8528.8562  0.5617 
   00975    0.4072   -8551.4399  0.5600 
   00976    0.4184   -8547.9626  0.5617 
   00977    0.4180   -8497.2625  0.5603 
   00978    0.4084   -8548.2360  0.5592 
   00979    0.4088   -8525.6476  0.5669 
   00980    0.4132   -8522.3844  0.5686 
   00981    0.4064   -8510.4167  0.5731 
   00982    0.4144   -8531.1337  0.5759 
   00983    0.4028   -8548.7831  0.5822 
   00984    0.3960   -8529.8582  0.5798 
   00985    0.4056   -8469.6124  0.5755 
   00986    0.4076   -8508.1856  0.5776 
   00987    0.4104   -8545.5424  0.5790 
   00988    0.4092   -8565.5589  0.5796 
   00989    0.4032   -8564.2298  0.5784 
   00990    0.4104   -8567.4520  0.5780 
   00991    0.4248   -8554.4648  0.5830 
   00992    0.4296   -8540.7883  0.5768 
   00993    0.4128   -8566.0988  0.5770 
   00994    0.4116   -8524.5194  0.5787 
   00995    0.4100   -8541.0894  0.5767 
   00996    0.4096   -8546.8097  0.5790 
   00997    0.4308   -8552.2032  0.5759 
   00998    0.4040   -8551.5767  0.5801 
   00999    0.4124   -8525.3364  0.5834 
   01000    0.4188   -8536.4675  0.5806 
