#=====================================================
# File created:        Mon-11-Mar-2024-at-06-16-54AM
# Size of lattice:     50x50
# Number of MC steps:  1000
# Reduced temperature: 0.500
# Run time (s):        13.175856
#=====================================================
# MC step:  Ratio:     Energy:   Order:
#=====================================================
   00000    0.5000   -2561.4256  0.2720 
   00001    0.6640   -3779.8690  0.2800 
   00002    0.6016   -4594.6007  0.2758 
   00003    0.5820   -5213.8519  0.2838 
   00004    0.5608   -5607.4528  0.2913 
   00005    0.5276   -5869.6805  0.2835 
   00006    0.5256   -6154.7898  0.2870 
   00007    0.5048   -6320.5657  0.2887 
   00008    0.4808   -6553.3827  0.2857 
   00009    0.4892   -6734.1792  0.2895 
   00010    0.4828   -6855.9278  0.2941 
   00011    0.4752   -6997.4689  0.3037 
   00012    0.4620   -7073.8278  0.3064 
   00013    0.4688   -7226.1528  0.3151 
   00014    0.4720   -7295.3888  0.3079 
   00015    0.4540   -7377.7533  0.3111 
   00016    0.4728   -7400.3631  0.3091 
   00017    0.4552   -7473.2834  0.3159 
   00018    0.4584   -7551.9514  0.3144 
   00019    0.4324   -7580.3859  0.3173 
   00020    0.4468   -7605.1222  0.3200 
   00021    0.4404   -7649.2980  0.3249 
   00022    0.4364   -7728.8691  0.3345 
   00023    0.4308   -7789.7752  0.3395 
   00024    0.4412   -7818.2753  0.3433 
   00025    0.4420   -7856.1416  0.3447 
   00026    0.4348   -7897.9946  0.3527 
   00027    0.4420   -7947.0639  0.3514 
   00028    0.4416   -7953.1114  0.3385 
   00029    0.4340   -8005.2230  0.3475 
   00030    0.4228   -8037.5012  0.3557 
   00031    0.4372   -8057.1892  0.3600 
   00032    0.4304   -8049.7490  0.3654 
   00033    0.4280   -8003.5134  0.3740 
   00034    0.4280   -7993.5048  0.3782 
   00035    0.4184   -8033.7271  0.3782 
   00036    0.4180   -8026.7231  0.3885 
   00037    0.4176   -8011.2102  0.3923 
   00038    0.4268   -8026.0562  0.3905 
   00039    0.4440   -8078.8366  0.3921 
   00040    0.4364   -8094.0702  0.4011 
   00041    0.4092   -8073.6630  0.3991 
   00042    0.4272   -8137.9476  0.4050 
   00043    0.4084   -8073.2820  0.4008 
   00044    0.4272   -8111.9526  0.4024 
   00045    0.4404   -8147.3712  0.4104 
   00046    0.4212   -8152.5502  0.4142 
   00047    0.4304   -8161.9546  0.4131 
   00048    0.4324   -8124.6071  0.4154 
   00049    0.4432   -8112.3822  0.4214 
   00050    0.4260   -8136.2268  0.4185 
   00051    0.4352   -8185.7629  0.4194 
   00052    0.4212   -8184.4751  0.4183 
   00053    0.4276   -8191.0068  0.4207 
   00054    0.4204   -8164.3869  0.4155 
   00055    0.4304   -8213.3427  0.4104 
   00056    0.4232   -8189.5528  0.4157 
   00057    0.4292   -8270.7441  0.4241 
   00058    0.4176   -8250.5937  0.4255 
   00059    0.4200   -8205.0216  0.4279 
   00060    0.4276   -8199.6880  0.4329 
   00061    0.4116   -8187.3462  0.4415 
   00062    0.4332   -8189.5148  0.4368 
   00063    0.4272   -8188.8835  0.4352 
   00064    0.4260   -8154.8248  0.4383 
   00065    0.4272   -8135.8368  0.4399 
   00066    0.4176   -8165.0927  0.4425 
   00067    0.4180   -8240.6334  0.4479 
   00068    0.4304   -8186.6843  0.4428 
   00069    0.4188   -8236.8065  0.4545 
   00070    0.4136   -8196.6205  0.4545 
   00071    0.4204   -8203.7614  0.4564 
   00072    0.4260   -8209.9812  0.4535 
   00073    0.4004   -8224.6523  0.4581 
   00074    0.4380   -8208.0435  0.4715 
   00075    0.4268   -8174.4913  0.4714 
   00076    0.4228   -8209.2983  0.4691 
   00077    0.4092   -8222.6810  0.4761 
   00078    0.4260   -8252.8630  0.4805 
   00079    0.4188   -8254.6648  0.4829 
   00080    0.4100   -8253.4159  0.4791 
   00081    0.4156   -8237.6351  0.4706 
   00082    0.4140   -8237.5479  0.4693 
   00083    0.4208   -8205.1412  0.4718 
   00084    0.4152   -8171.6899  0.4697 
   00085    0.4348   -8249.2759  0.4686 
   00086    0.4180   -8233.0213  0.4620 
   00087    0.4012   -8210.6488  0.4588 
   00088    0.4272   -8218.9923  0.4571 
   00089    0.4352   -8204.5162  0.4609 
   00090    0.4004   -8206.5838  0.4640 
   00091    0.4132   -8237.1605  0.4630 
   00092    0.4160   -8211.8431  0.4664 
   00093    0.4164   -8250.6205  0.4649 
   00094    0.4140   -8259.9428  0.4679 
   00095    0.4256   -8247.9291  0.4740 
   00096    0.4316   -8207.9322  0.4713 
   00097    0.4352   -8240.7795  0.4720 
   00098    0.4144   -8234.2075  0.4762 
   00099    0.4200   -8241.6343  0.4708 
   00100    0.4196   -8251.6616  0.4731 
   00101    0.4144   -8229.0889  0.4721 
   00102    0.4160   -8249.7358  0.4654 
   00103    0.4432   -8220.4764  0.4601 
   00104    0.4216   -8210.4101  0.4570 
   00105    0.4228   -8198.3374  0.4500 
   00106    0.4268   -8189.2878  0.4549 
   00107    0.4180   -8204.6154  0.4578 
   00108    0.4196   -8218.1504  0.4617 
   00109    0.4388   -8247.0490  0.4645 
   00110    0.4292   -8247.4822  0.4701 
   00111    0.4352   -8256.7799  0.4743 
   00112    0.4004   -8281.8817  0.4819 
   00113    0.4148   -8292.5878  0.4809 
   00114    0.4236   -8275.6440  0.4858 
   00115    0.3940   -8195.8223  0.4881 
   00116    0.4164   -8194.9143  0.4843 
   00117    0.4284   -8245.6584  0.4787 
   00118    0.4044   -8241.9613  0.4858 
   00119    0.4304   -8262.3628  0.4921 
   00120    0.4136   -8251.7241  0.4898 
   00121    0.4196   -8232.5367  0.4918 
   00122    0.4144   -8245.1021  0.4905 
   00123    0.4180   -8253.8882  0.4946 
   00124    0.4068   -8225.4096  0.4942 
   00125    0.4224   -8217.1311  0.4937 
   00126    0.4312   -8229.6288  0.4943 
   00127    0.4304   -8263.1483  0.4973 
   00128    0.4332   -8280.7437  0.4983 
   00129    0.4188   -8273.5723  0.4998 
   00130    0.4500   -8257.7769  0.5056 
   00131    0.4156   -8289.7080  0.5062 
   00132    0.4176   -8255.8633  0.5038 
   00133    0.4108   -8270.2915  0.5003 
   00134    0.4144   -8278.6774  0.5043 
   00135    0.4252   -8260.4562  0.5062 
   00136    0.4272   -8293.5885  0.5125 
   00137    0.4184   -8310.8227  0.5122 
   00138    0.4112   -8373.9601  0.5170 
   00139    0.4052   -8374.2706  0.5193 
   00140    0.4252   -8360.3847  0.5199 
   00141    0.4220   -8341.0411  0.5144 
   00142    0.4164   -8346.1069  0.5128 
   00143    0.4052   -8347.5804  0.5090 
   00144    0.4192   -8334.7146  0.5095 
   00145    0.4156   -8370.1800  0.5107 
   00146    0.4156   -8265.1567  0.4999 
   00147    0.4036   -8288.5323  0.4940 
   00148    0.4276   -8303.8060  0.4952 
   00149    0.4232   -8295.7355  0.4951 
   00150    0.4184   -8304.7995  0.4878 
   00151    0.4124   -8271.0742  0.4822 
   00152    0.4316   -8329.0582  0.4856 
   00153    0.4212   -8321.4629  0.4964 
   00154    0.4132   -8312.7295  0.4943 
   00155    0.4268   -8348.0752  0.4910 
   00156    0.3992   -8359.0009  0.4863 
   00157    0.4168   -8319.3335  0.4905 
   00158    0.4132   -8299.7853  0.4911 
   00159    0.4232   -8271.3987  0.4868 
   00160    0.4192   -8289.1929  0.4952 
   00161    0.4044   -8267.9751  0.5004 
   00162    0.4080   -8282.7386  0.4981 
   00163    0.4040   -8318.9961  0.5033 
   00164    0.4240   -8309.7337  0.5045 
   00165    0.4272   -8308.4020  0.5019 
   00166    0.4072   -8327.2330  0.4987 
   00167    0.4172   -8319.5540  0.4978 
   00168    0.4216   -8325.1180  0.4935 
   00169    0.4236   -8343.3689  0.4960 
   00170    0.4236   -8366.1539  0.4947 
   00171    0.4072   -8346.2233  0.4961 
   00172    0.4132   -8388.7282  0.4931 
   00173    0.4068   -8384.0505  0.4946 
   00174    0.4068   -8361.5787  0.4874 
   00175    0.4180   -8342.0557  0.4877 
   00176    0.4296   -8343.6129  0.4865 
   00177    0.4148   -8382.5262  0.4878 
   00178    0.4292   -8386.3673  0.4873 
   00179    0.4020   -8420.2531  0.4869 
   00180    0.4124   -8425.2847  0.4880 
   00181    0.4052   -8410.2857  0.4909 
   00182    0.4092   -8427.4822  0.4893 
   00183    0.3992   -8435.6449  0.4897 
   00184    0.4192   -8418.6476  0.4903 
   00185    0.4268   -8419.2046  0.4913 
   00186    0.4096   -8392.1283  0.4967 
   00187    0.3984   -8430.6267  0.4922 
   00188    0.4208   -8393.2029  0.4909 
   00189    0.4032   -8403.4336  0.4926 
   00190    0.4340   -8411.9462  0.4967 
   00191    0.4180   -8433.2316  0.5041 
   00192    0.4124   -8429.0664  0.5061 
   00193    0.4220   -8411.2037  0.5017 
   00194    0.3996   -8453.9355  0.5013 
   00195    0.4152   -8447.1573  0.4998 
   00196    0.4020   -8461.6918  0.5033 
   00197    0.4244   -8459.7273  0.5028 
   00198    0.4220   -8431.1097  0.5104 
   00199    0.4160   -8391.4161  0.5161 
   00200    0.4232   -8457.6916  0.5166 
   00201    0.4216   -8413.7571  0.5185 
   00202    0.4312   -8429.8176  0.5123 
   00203    0.4092   -8457.8228  0.5096 
   00204    0.4092   -8453.9667  0.5147 
   00205    0.4100   -8445.2110  0.5062 
   00206    0.4204   -8440.6153  0.5100 
   00207    0.4284   -8415.6463  0.5101 
   00208    0.4128   -8409.2963  0.5063 
   00209    0.4008   -8401.1340  0.4970 
   00210    0.4096   -8403.6250  0.4960 
   00211    0.4076   -8416.3680  0.5007 
   00212    0.4244   -8452.7844  0.4977 
   00213    0.4228   -8462.6395  0.4972 
   00214    0.4120   -8510.9104  0.4968 
   00215    0.4112   -8462.4018  0.4943 
   00216    0.4024   -8462.2768  0.4950 
   00217    0.4208   -8476.5828  0.4960 
   00218    0.4252   -8476.3361  0.5045 
   00219    0.4176   -8484.9022  0.5021 
   00220    0.4196   -8438.5206  0.5026 
   00221    0.4084   -8408.0446  0.5020 
   00222    0.4244   -8354.2741  0.5050 
   00223    0.4284   -8425.5241  0.5065 
   00224    0.4056   -8424.6964  0.5157 
   00225    0.4056   -8463.9288  0.5201 
   00226    0.4172   -8411.4417  0.5264 
   00227    0.4112   -8435.3019  0.5247 
   00228    0.4364   -8433.6750  0.5206 
   00229    0.4092   -8423.9291  0.5202 
   00230    0.4096   -8408.7165  0.5236 
   00231    0.4036   -8395.7644  0.5237 
   00232    0.4244   -8377.9922  0.5223 
   00233    0.4380   -8380.1898  0.5234 
   00234    0.3984   -8414.2257  0.5295 
   00235    0.4076   -8453.5537  0.5347 
   00236    0.4268   -8440.5884  0.5344 
   00237    0.4084   -8447.0835  0.5337 
   00238    0.4048   -8435.4903  0.5300 
   00239    0.4016   -8462.6565  0.5285 
   00240    0.4112   -8492.1748  0.5303 
   00241    0.4152   -8476.4018  0.5212 
   00242    0.4004   -8430.7125  0.5199 
   00243    0.4188   -8434.3281  0.5204 
   00244    0.4120   -8421.2160  0.5157 
   00245    0.4312   -8421.5923  0.5157 
   00246    0.4040   -8438.9883  0.5197 
   00247    0.4184   -8428.3911  0.5232 
   00248    0.4188   -8467.5073  0.5295 
   00249    0.4108   -8460.8796  0.5327 
   00250    0.3988   -8452.2647  0.5332 
   00251    0.4060   -8501.4597  0.5343 
   00252    0.4020   -8498.8061  0.5359 
   00253    0.4196   -8489.2924  0.5386 
   00254    0.4000   -8525.0188  0.5365 
   00255    0.4116   -8500.2761  0.5395 
   00256    0.4176   -8462.1916  0.5378 
   00257    0.4124   -8398.5575  0.5360 
   00258    0.4192   -8356.0245  0.5357 
   00259    0.4160   -8407.2176  0.5388 
   00260    0.4128   -8439.5050  0.5403 
   00261    0.4048   -8437.1211  0.5387 
   00262    0.4248   -8426.3263  0.5341 
   00263    0.4224   -8430.9104  0.5328 
   00264    0.4244   -8398.8590  0.5284 
   00265    0.4128   -8399.0577  0.5284 
   00266    0.4192   -8455.3674  0.5296 
   00267    0.4264   -8452.8841  0.5291 
   00268    0.4120   -8445.7098  0.5344 
   00269    0.4008   -8451.5496  0.5355 
   00270    0.3972   -8474.8975  0.5318 
   00271    0.4228   -8468.3534  0.5331 
   00272    0.4188   -8497.2638  0.5306 
   00273    0.4344   -8516.4832  0.5309 
   00274    0.4060   -8465.7382  0.5343 
   00275    0.4136   -8533.0074  0.5327 
   00276    0.3960   -8500.7292  0.5280 
   00277    0.3852   -8480.1376  0.5275 
   00278    0.4292   -8436.4289  0.5212 
   00279    0.4028   -8464.4444  0.5229 
   00280    0.4112   -8505.9559  0.5221 
   00281    0.4124   -8472.5977  0.5273 
   00282    0.4116   -8485.9291  0.5344 
   00283    0.4144   -8484.3251  0.5330 
   00284    0.4112   -8451.9667  0.5403 
   00285    0.4116   -8465.2958  0.5454 
   00286    0.4252   -8479.1786  0.5447 
   00287    0.4288   -8492.8056  0.5514 
   00288    0.4132   -8547.0710  0.5512 
   00289    0.4084   -8548.9996  0.5464 
   00290    0.4240   -8543.3813  0.5478 
   00291    0.4104   -8561.8746  0.5496 
   00292    0.4228   -8583.9570  0.5498 
   00293    0.4056   -8577.5156  0.5491 
   00294    0.4052   -8578.8328  0.5463 
   00295    0.4136   -8549.4273  0.5518 
   00296    0.4000   -8547.4598  0.5536 
   00297    0.4092   -8516.1582  0.5577 
   00298    0.4208   -8547.6697  0.5575 
   00299    0.4024   -8566.5325  0.5632 
   00300    0.4092   -8576.2744  0.5606 
   00301    0.4008   -8553.8319  0.5595 
   00302    0.4112   -8523.5444  0.5542 
   00303    0.4180   -8527.8780  0.5560 
   00304    0.4036   -8501.7747  0.5525 
   00305    0.4164   -8488.8303  0.5580 
   00306    0.4072   -8520.2629  0.5517 
   00307    0.4104   -8509.9201  0.5514 
   00308    0.4144   -8493.0734  0.5539 
   00309    0.4136   -8499.7630  0.5593 
   00310    0.4272   -8526.6170  0.5585 
   00311    0.4128   -8502.7916  0.5639 
   00312    0.4188   -8498.0760  0.5644 
   00313    0.4284   -8517.0480  0.5703 
   00314    0.4000   -8480.9917  0.5678 
   00315    0.4064   -8542.0274  0.5684 
   00316    0.4108   -8536.2721  0.5669 
   00317    0.3996   -8507.7607  0.5714 
   00318    0.3996   -8482.1422  0.5653 
   00319    0.4104   -8507.3909  0.5690 
   00320    0.4056   -8492.6175  0.5668 
   00321    0.4280   -8471.7419  0.5668 
   00322    0.4032   -8462.1618  0.5668 
   00323    0.4020   -8433.5259  0.5651 
   00324    0.4372   -8447.9089  0.5669 
   00325    0.4076   -8446.4863  0.5633 
   00326    0.4092   -8427.4950  0.5554 
   00327    0.4412   -8419.6670  0.5472 
   00328    0.4080   -8439.3141  0.5473 
   00329    0.4040   -8445.3483  0.5492 
   00330    0.3988   -8428.6906  0.5494 
   00331    0.4180   -8479.3117  0.5533 
   00332    0.3932   -8491.1005  0.5557 
   00333    0.4160   -8506.8245  0.5577 
   00334    0.4168   -8526.3814  0.5539 
   00335    0.4164   -8544.5240  0.5568 
   00336    0.4152   -8531.5304  0.5601 
   00337    0.4004   -8513.7704  0.5611 
   00338    0.4068   -8519.3768  0.5649 
   00339    0.3968   -8510.5025  0.5568 
   00340    0.4252   -8546.7172  0.5640 
   00341    0.3996   -8544.4058  0.5690 
   00342    0.4096   -8490.6135  0.5708 
   00343    0.4316   -8506.7471  0.5734 
   00344    0.4108   -8476.8180  0.5725 
   00345    0.4176   -8475.8778  0.5733 
   00346    0.4228   -8504.2409  0.5740 
   00347    0.4024   -8512.0579  0.5795 
   00348    0.4104   -8481.7300  0.5779 
   00349    0.4068   -8494.3217  0.5697 
   00350    0.4196   -8502.9558  0.5652 
   00351    0.4108   -8499.2722  0.5674 
   00352    0.4136   -8512.6533  0.5670 
   00353    0.4152   -8523.3416  0.5763 
   00354    0.4064   -8544.2023  0.5767 
   00355    0.4064   -8510.4072  0.5805 
   00356    0.4148   -8538.3331  0.5838 
   00357    0.4224   -8517.8852  0.5781 
   00358    0.3908   -8538.5432  0.5736 
   00359    0.4200   -8522.1500  0.5784 
   00360    0.4292   -8591.7836  0.5740 
   00361    0.4108   -8595.3298  0.5802 
   00362    0.4232   -8564.1182  0.5760 
   00363    0.4196   -8533.5251  0.5741 
   00364    0.3948   -8511.4809  0.5744 
   00365    0.4096   -8523.1716  0.5746 
   00366    0.4236   -8529.6128  0.5773 
   00367    0.4044   -8520.3655  0.5760 
   00368    0.4164   -8553.8167  0.5700 
   00369    0.4036   -8544.8574  0.5727 
   00370    0.4140   -8578.3337  0.5659 
   00371    0.4336   -8549.2342  0.5654 
   00372    0.4144   -8534.2013  0.5688 
   00373    0.4028   -8517.2473  0.5651 
   00374    0.4256   -8488.9891  0.5698 
   00375    0.3984   -8524.0442  0.5689 
   00376    0.4156   -8600.4732  0.5744 
   00377    0.4100   -8550.0189  0.5745 
   00378    0.4084   -8561.5034  0.5776 
   00379    0.4168   -8573.6999  0.5817 
   00380    0.4184   -8607.0490  0.5889 
   00381    0.3984   -8606.2525  0.5939 
   00382    0.4076   -8604.9463  0.5942 
   00383    0.3996   -8598.7682  0.6006 
   00384    0.4404   -8552.7576  0.6009 
   00385    0.4212   -8504.2714  0.6001 
   00386    0.3960   -8515.8776  0.5987 
   00387    0.4040   -8525.5607  0.5973 
   00388    0.4128   -8504.9800  0.5953 
   00389    0.4332   -8500.3155  0.5972 
   00390    0.4136   -8517.4806  0.5999 
   00391    0.4316   -8510.8928  0.5998 
   00392    0.4008   -8505.9292  0.6074 
   00393    0.4232   -8544.4305  0.6052 
   00394    0.4136   -8536.8297  0.6037 
   00395    0.4344   -8523.7462  0.6069 
   00396    0.4056   -8549.7660  0.6110 
   00397    0.4220   -8536.4382  0.6143 
   00398    0.4112   -8577.0918  0.6173 
   00399    0.4220   -8567.1859  0.6219 
   00400    0.4080   -8546.0115  0.6214 
   00401    0.4056   -8552.7013  0.6221 
   00402    0.4140   -8551.5781  0.6222 
   00403    0.4080   -8538.4551  0.6254 
   00404    0.4316   -8539.8640  0.6223 
   00405    0.4164   -8525.6887  0.6156 
   00406    0.4032   -8561.7853  0.6169 
   00407    0.4036   -8548.9706  0.6152 
   00408    0.3920   -8556.1154  0.6121 
   00409    0.4096   -8544.1366  0.6098 
   00410    0.4116   -8535.3222  0.6098 
   00411    0.4052   -8517.1482  0.6116 
   00412    0.4348   -8432.1530  0.6003 
   00413    0.4012   -8469.9047  0.5993 
   00414    0.4224   -8505.8595  0.6035 
   00415    0.4300   -8525.4358  0.6037 
   00416    0.4080   -8582.5070  0.6090 
   00417    0.4124   -8648.9914  0.6126 
   00418    0.4012   -8612.9333  0.6038 
   00419    0.3876   -8631.0068  0.6123 
   00420    0.4220   -8608.3084  0.6129 
   00421    0.4100   -8582.2925  0.6145 
   00422    0.4176   -8535.7852  0.6092 
   00423    0.4016   -8531.8308  0.6084 
   00424    0.4192   -8568.3711  0.6089 
   00425    0.4252   -8540.7073  0.6124 
   00426    0.4080   -8519.1073  0.6054 
   00427    0.4152   -8500.8575  0.6041 
   00428    0.4212   -8482.0909  0.6074 
   00429    0.4192   -8494.0598  0.6071 
   00430    0.4092   -8502.3424  0.6090 
   00431    0.4208   -8501.3447  0.6037 
   00432    0.4060   -8545.3956  0.6058 
   00433    0.4092   -8507.3083  0.5995 
   00434    0.4156   -8508.6033  0.5924 
   00435    0.4108   -8534.2525  0.5928 
   00436    0.4080   -8557.0195  0.5912 
   00437    0.4168   -8562.8037  0.5919 
   00438    0.4116   -8538.2797  0.5940 
   00439    0.4312   -8546.5049  0.5927 
   00440    0.4324   -8604.7665  0.5966 
   00441    0.4112   -8599.8029  0.6037 
   00442    0.4300   -8587.2429  0.6067 
   00443    0.3988   -8575.1724  0.6102 
   00444    0.4248   -8554.0593  0.6102 
   00445    0.4120   -8502.6069  0.6071 
   00446    0.4200   -8533.7905  0.6044 
   00447    0.4104   -8512.0493  0.6056 
   00448    0.4208   -8490.6766  0.6106 
   00449    0.3996   -8519.8543  0.6105 
   00450    0.4052   -8525.2804  0.6033 
   00451    0.4080   -8493.2487  0.6078 
   00452    0.4228   -8484.3528  0.6046 
   00453    0.4128   -8510.8737  0.6034 
   00454    0.4076   -8525.7138  0.6006 
   00455    0.4068   -8530.8881  0.5956 
   00456    0.4104   -8553.0427  0.5906 
   00457    0.4108   -8552.7841  0.5913 
   00458    0.4136   -8516.9195  0.5955 
   00459    0.4032   -8496.9044  0.5913 
   00460    0.4200   -8499.6811  0.5970 
   00461    0.4036   -8519.6244  0.6018 
   00462    0.3980   -8488.4114  0.6003 
   00463    0.4284   -8537.3716  0.6075 
   00464    0.4064   -8554.9314  0.6082 
   00465    0.4132   -8561.5374  0.6071 
   00466    0.4004   -8572.6083  0.6159 
   00467    0.4104   -8577.8768  0.6134 
   00468    0.3824   -8611.9855  0.6190 
   00469    0.4180   -8580.6516  0.6237 
   00470    0.4032   -8577.7096  0.6241 
   00471    0.4044   -8553.6935  0.6188 
   00472    0.4004   -8583.8983  0.6250 
   00473    0.3936   -8559.9601  0.6211 
   00474    0.4100   -8545.4063  0.6234 
   00475    0.4248   -8568.7113  0.6319 
   00476    0.4036   -8602.2211  0.6343 
   00477    0.4000   -8587.1138  0.6266 
   00478    0.3972   -8636.4804  0.6260 
   00479    0.3960   -8641.5361  0.6286 
   00480    0.4064   -8681.0222  0.6343 
   00481    0.4136   -8676.2628  0.6412 
   00482    0.3888   -8660.4023  0.6346 
   00483    0.4116   -8681.0331  0.6356 
   00484    0.3980   -8615.8841  0.6404 
   00485    0.4060   -8561.3475  0.6393 
   00486    0.4028   -8535.7409  0.6346 
   00487    0.3852   -8554.0949  0.6354 
   00488    0.4092   -8598.3760  0.6405 
   00489    0.4100   -8604.7065  0.6423 
   00490    0.4160   -8629.4931  0.6437 
   00491    0.3976   -8631.3101  0.6430 
   00492    0.4112   -8608.5368  0.6389 
   00493    0.3956   -8577.5256  0.6388 
   00494    0.4116   -8534.0363  0.6329 
   00495    0.3884   -8540.4151  0.6315 
   00496    0.3956   -8550.8491  0.6264 
   00497    0.4064   -8569.4441  0.6279 
   00498    0.4152   -8541.0543  0.6254 
   00499    0.4204   -8520.5800  0.6203 
   00500    0.3900   -8537.1540  0.6238 
   00501    0.4176   -8571.1818  0.6326 
   00502    0.3980   -8552.4517  0.6384 
   00503    0.4056   -8502.1055  0.6405 
   00504    0.4144   -8482.3408  0.6423 
   00505    0.3964   -8544.2780  0.6434 
   00506    0.4120   -8551.4339  0.6450 
   00507    0.4232   -8558.0461  0.6464 
   00508    0.3912   -8565.8751  0.6405 
   00509    0.3908   -8549.8669  0.6328 
   00510    0.4132   -8582.1039  0.6350 
   00511    0.4112   -8573.4189  0.6341 
   00512    0.4124   -8553.8290  0.6345 
   00513    0.4036   -8508.5526  0.6335 
   00514    0.4252   -8521.7926  0.6326 
   00515    0.4236   -8540.4133  0.6329 
   00516    0.4064   -8543.5973  0.6406 
   00517    0.4004   -8576.8822  0.6424 
   00518    0.4136   -8559.6050  0.6410 
   00519    0.4084   -8543.2671  0.6376 
   00520    0.4020   -8550.7867  0.6401 
   00521    0.4160   -8559.2216  0.6402 
   00522    0.4328   -8563.9154  0.6356 
   00523    0.4008   -8567.5273  0.6327 
   00524    0.4152   -8541.4985  0.6336 
   00525    0.4284   -8537.4439  0.6340 
   00526    0.4164   -8515.1208  0.6287 
   00527    0.4140   -8545.6304  0.6267 
   00528    0.3944   -8549.5798  0.6262 
   00529    0.3932   -8571.6464  0.6271 
   00530    0.3936   -8607.0922  0.6295 
   00531    0.4168   -8591.4268  0.6279 
   00532    0.4080   -8585.5481  0.6289 
   00533    0.3988   -8530.8784  0.6318 
   00534    0.4132   -8522.3991  0.6391 
   00535    0.4276   -8581.1366  0.6342 
   00536    0.4108   -8560.9857  0.6395 
   00537    0.4168   -8545.8210  0.6354 
   00538    0.3988   -8570.0331  0.6366 
   00539    0.4128   -8546.5443  0.6372 
   00540    0.4096   -8591.8716  0.6405 
   00541    0.4036   -8575.8767  0.6413 
   00542    0.4156   -8567.4195  0.6352 
   00543    0.4240   -8559.4012  0.6323 
   00544    0.4116   -8584.3672  0.6432 
   00545    0.4240   -8626.6739  0.6473 
   00546    0.4096   -8573.5127  0.6425 
   00547    0.4184   -8567.4632  0.6460 
   00548    0.4068   -8542.9901  0.6438 
   00549    0.4096   -8525.0742  0.6348 
   00550    0.4264   -8534.0168  0.6347 
   00551    0.4216   -8580.6224  0.6329 
   00552    0.3940   -8584.5622  0.6301 
   00553    0.4056   -8568.7999  0.6342 
   00554    0.4012   -8555.8412  0.6391 
   00555    0.4072   -8596.9041  0.6357 
   00556    0.4092   -8570.6599  0.6409 
   00557    0.3980   -8555.9277  0.6435 
   00558    0.4068   -8553.7980  0.6416 
   00559    0.4044   -8576.4780  0.6464 
   00560    0.4120   -8564.2387  0.6396 
   00561    0.4068   -8576.9744  0.6441 
   00562    0.3920   -8591.9928  0.6472 
   00563    0.4256   -8531.3027  0.6500 
   00564    0.4064   -8579.6981  0.6525 
   00565    0.4052   -8601.0993  0.6583 
   00566    0.4096   -8610.4882  0.6545 
   00567    0.4004   -8547.4996  0.6502 
   00568    0.4216   -8524.6668  0.6542 
   00569    0.3920   -8547.7845  0.6574 
   00570    0.4172   -8549.7544  0.6553 
   00571    0.4112   -8579.9545  0.6563 
   00572    0.3948   -8552.7806  0.6558 
   00573    0.4064   -8568.4908  0.6607 
   00574    0.4116   -8598.5217  0.6582 
   00575    0.4128   -8558.1058  0.6557 
   00576    0.4256   -8557.4960  0.6549 
   00577    0.3944   -8546.4433  0.6591 
   00578    0.4084   -8558.1820  0.6607 
   00579    0.4156   -8566.8769  0.6612 
   00580    0.4120   -8542.8842  0.6617 
   00581    0.4036   -8565.2050  0.6634 
   00582    0.4068   -8598.3099  0.6630 
   00583    0.4064   -8579.9258  0.6590 
   00584    0.4088   -8633.5872  0.6644 
   00585    0.4172   -8576.7018  0.6693 
   00586    0.4020   -8610.3796  0.6768 
   00587    0.4040   -8609.2992  0.6758 
   00588    0.4072   -8586.4719  0.6791 
   00589    0.3956   -8566.6922  0.6777 
   00590    0.4120   -8568.7657  0.6725 
   00591    0.3968   -8576.3446  0.6653 
   00592    0.4180   -8601.2038  0.6723 
   00593    0.4148   -8614.4444  0.6726 
   00594    0.3988   -8610.1344  0.6711 
   00595    0.3988   -8638.6430  0.6695 
   00596    0.4164   -8676.2243  0.6734 
   00597    0.4060   -8633.7752  0.6687 
   00598    0.4032   -8600.4717  0.6717 
   00599    0.4076   -8600.7266  0.6756 
   00600    0.4060   -8598.2855  0.6801 
   00601    0.4100   -8554.7942  0.6758 
   00602    0.4016   -8577.3844  0.6789 
   00603    0.4132   -8571.6908  0.6818 
   00604    0.3972   -8579.4845  0.6866 
   00605    0.4076   -8569.0216  0.6853 
   00606    0.4028   -8550.2532  0.6887 
   00607    0.4240   -8552.5781  0.6888 
   00608    0.4180   -8568.9876  0.6900 
   00609    0.4096   -8612.1440  0.6894 
   00610    0.4204   -8619.8191  0.6870 
   00611    0.3932   -8592.2158  0.6899 
   00612    0.3952   -8567.0103  0.6915 
   00613    0.4296   -8536.8426  0.6947 
   00614    0.4172   -8483.3107  0.6879 
   00615    0.4180   -8488.5868  0.6873 
   00616    0.4172   -8549.9447  0.6909 
   00617    0.3780   -8550.6780  0.6949 
   00618    0.4056   -8558.4567  0.6919 
   00619    0.4076   -8620.2782  0.6915 
   00620    0.4124   -8615.6269  0.6983 
   00621    0.4156   -8587.6963  0.7040 
   00622    0.4164   -8581.4737  0.7018 
   00623    0.4148   -8586.9486  0.7051 
   00624    0.4216   -8569.7904  0.7054 
   00625    0.4172   -8555.5594  0.7031 
   00626    0.3832   -8594.4713  0.7038 
   00627    0.4148   -8582.3169  0.7059 
   00628    0.4156   -8567.7006  0.7123 
   00629    0.4104   -8535.6628  0.7133 
   00630    0.4088   -8544.1867  0.7119 
   00631    0.4272   -8516.5243  0.7057 
   00632    0.4208   -8536.0676  0.7061 
   00633    0.4028   -8502.9459  0.7101 
   00634    0.4136   -8617.7964  0.7175 
   00635    0.3976   -8607.4447  0.7191 
   00636    0.4160   -8623.7511  0.7192 
   00637    0.4040   -8609.0828  0.7231 
   00638    0.4168   -8619.6913  0.7171 
   00639    0.4240   -8603.7946  0.7174 
   00640    0.4140   -8635.3871  0.7222 
   00641    0.4136   -8564.8295  0.7234 
   00642    0.3964   -8569.7244  0.7145 
   00643    0.4184   -8584.4981  0.7181 
   00644    0.3940   -8563.8238  0.7196 
   00645    0.3988   -8608.0981  0.7206 
   00646    0.4224   -8596.5951  0.7209 
   00647    0.4132   -8574.2135  0.7212 
   00648    0.4108   -8532.6153  0.7237 
   00649    0.4056   -8512.2150  0.7150 
   00650    0.4268   -8513.8094  0.7125 
   00651    0.4348   -8555.2592  0.7169 
   00652    0.4112   -8565.9829  0.7142 
   00653    0.4104   -8535.9460  0.7161 
   00654    0.4220   -8543.2580  0.7128 
   00655    0.4044   -8531.8327  0.7162 
   00656    0.4160   -8565.8819  0.7192 
   00657    0.4064   -8559.0219  0.7252 
   00658    0.4056   -8529.2332  0.7255 
   00659    0.4168   -8520.3804  0.7216 
   00660    0.4144   -8518.3729  0.7231 
   00661    0.3956   -8490.8639  0.7220 
   00662    0.4264   -8529.8687  0.7238 
   00663    0.4120   -8571.5540  0.7201 
   00664    0.4184   -8529.4612  0.7248 
   00665    0.4372   -8535.7699  0.7235 
   00666    0.3984   -8494.7145  0.7235 
   00667    0.4120   -8516.6633  0.7217 
   00668    0.4052   -8485.8787  0.7239 
   00669    0.4020   -8503.7873  0.7206 
   00670    0.4204   -8514.7637  0.7230 
   00671    0.3940   -8490.4173  0.7214 
   00672    0.4092   -8499.4404  0.7258 
   00673    0.4096   -8492.6841  0.7228 
   00674    0.4264   -8490.4349  0.7211 
   00675    0.4260   -8518.2038  0.7217 
   00676    0.4124   -8536.7038  0.7204 
   00677    0.4256   -8520.7436  0.7174 
   00678    0.4152   -8544.0693  0.7228 
   00679    0.4124   -8574.0309  0.7228 
   00680    0.4004   -8586.9340  0.7253 
   00681    0.4080   -8640.9837  0.7263 
   00682    0.4056   -8595.1537  0.7271 
   00683    0.4056   -8626.4983  0.7270 
   00684    0.4024   -8633.7098  0.7213 
   00685    0.3948   -8619.7861  0.7209 
   00686    0.4120   -8588.1009  0.7244 
   00687    0.4056   -8573.8949  0.7165 
   00688    0.4164   -8619.3606  0.7177 
   00689    0.4084   -8597.8500  0.7101 
   00690    0.4044   -8611.4005  0.7047 
   00691    0.4044   -8625.5481  0.7082 
   00692    0.4108   -8638.7164  0.7120 
   00693    0.3944   -8656.6079  0.7103 
   00694    0.4044   -8652.5677  0.7116 
   00695    0.4140   -8633.3357  0.7018 
   00696    0.4016   -8676.5335  0.6981 
   00697    0.4048   -8687.4637  0.7004 
   00698    0.3908   -8642.1858  0.7060 
   00699    0.4104   -8608.5105  0.7067 
   00700    0.3984   -8566.2658  0.7012 
   00701    0.4104   -8571.6463  0.6968 
   00702    0.4208   -8573.9302  0.6982 
   00703    0.4052   -8560.3885  0.7026 
   00704    0.4056   -8599.5288  0.7051 
   00705    0.4168   -8581.3147  0.7103 
   00706    0.4156   -8602.6630  0.7106 
   00707    0.3964   -8621.1729  0.7138 
   00708    0.4048   -8594.6360  0.7124 
   00709    0.4076   -8588.2593  0.7114 
   00710    0.4240   -8572.4589  0.7098 
   00711    0.4116   -8539.3827  0.7057 
   00712    0.4036   -8523.0531  0.7043 
   00713    0.4068   -8548.9590  0.7050 
   00714    0.4056   -8564.3430  0.7075 
   00715    0.4056   -8606.8121  0.7116 
   00716    0.4120   -8657.4199  0.7163 
   00717    0.4088   -8631.9184  0.7158 
   00718    0.3892   -8652.9521  0.7236 
   00719    0.3844   -8643.4981  0.7243 
   00720    0.3956   -8652.1817  0.7280 
   00721    0.3856   -8648.9406  0.7295 
   00722    0.4120   -8693.8934  0.7282 
   00723    0.4124   -8665.2834  0.7303 
   00724    0.4004   -8659.6078  0.7372 
   00725    0.3928   -8628.4875  0.7387 
   00726    0.4072   -8616.7964  0.7394 
   00727    0.4168   -8590.4450  0.7385 
   00728    0.4152   -8581.6739  0.7373 
   00729    0.4300   -8606.5399  0.7342 
   00730    0.4064   -8609.9829  0.7323 
   00731    0.4108   -8592.7797  0.7291 
   00732    0.4104   -8605.3583  0.7315 
   00733    0.4092   -8628.0063  0.7298 
   00734    0.3944   -8649.0264  0.7305 
   00735    0.4092   -8606.2277  0.7278 
   00736    0.4032   -8612.3537  0.7265 
   00737    0.4000   -8600.0619  0.7276 
   00738    0.3972   -8595.5021  0.7196 
   00739    0.4024   -8591.6027  0.7199 
   00740    0.4040   -8616.4257  0.7177 
   00741    0.4080   -8600.3263  0.7159 
   00742    0.3924   -8652.3944  0.7195 
   00743    0.4028   -8644.9790  0.7215 
   00744    0.4124   -8606.1242  0.7156 
   00745    0.4080   -8600.7368  0.7159 
   00746    0.4076   -8631.3630  0.7143 
   00747    0.4116   -8600.5083  0.7102 
   00748    0.4096   -8627.3032  0.7112 
   00749    0.4052   -8619.8421  0.7126 
   00750    0.3912   -8611.4815  0.7107 
   00751    0.4216   -8575.0972  0.7067 
   00752    0.4088   -8616.5780  0.7057 
   00753    0.4084   -8617.9728  0.7054 
   00754    0.4188   -8601.6531  0.7104 
   00755    0.4132   -8575.3395  0.7048 
   00756    0.4004   -8562.0104  0.7050 
   00757    0.4104   -8595.4145  0.7013 
   00758    0.4104   -8570.1154  0.7028 
   00759    0.4044   -8603.3128  0.7049 
   00760    0.4056   -8652.1967  0.7075 
   00761    0.4148   -8593.0683  0.7039 
   00762    0.4028   -8633.9647  0.7119 
   00763    0.4240   -8601.6141  0.7109 
   00764    0.4164   -8578.6045  0.7111 
   00765    0.3996   -8590.0146  0.7156 
   00766    0.4016   -8597.9017  0.7124 
   00767    0.4128   -8621.2465  0.7137 
   00768    0.4060   -8618.1650  0.7151 
   00769    0.4192   -8633.0657  0.7145 
   00770    0.4176   -8616.9815  0.7078 
   00771    0.3912   -8612.3871  0.7091 
   00772    0.4064   -8599.0899  0.7111 
   00773    0.3940   -8561.8312  0.7096 
   00774    0.4148   -8563.9744  0.7074 
   00775    0.3952   -8563.3461  0.7131 
   00776    0.3992   -8603.6611  0.7129 
   00777    0.4088   -8594.0613  0.7154 
   00778    0.3968   -8603.9750  0.7179 
   00779    0.4132   -8612.6691  0.7141 
   00780    0.4156   -8624.9686  0.7212 
   00781    0.3980   -8586.5552  0.7237 
   00782    0.3952   -8618.0294  0.7289 
   00783    0.4084   -8613.7480  0.7259 
   00784    0.4160   -8605.4458  0.7332 
   00785    0.3964   -8607.8309  0.7327 
   00786    0.4100   -8578.4452  0.7335 
   00787    0.3992   -8600.9438  0.7334 
   00788    0.3824   -8591.6416  0.7345 
   00789    0.4024   -8592.3843  0.7357 
   00790    0.4240   -8628.0730  0.7326 
   00791    0.3952   -8609.8933  0.7308 
   00792    0.4240   -8596.1382  0.7277 
   00793    0.4136   -8592.7371  0.7294 
   00794    0.4152   -8640.9578  0.7329 
   00795    0.4140   -8612.9477  0.7260 
   00796    0.4032   -8622.2028  0.7213 
   00797    0.4136   -8605.1958  0.7223 
   00798    0.4040   -8581.8043  0.7150 
   00799    0.4032   -8624.1849  0.7127 
   00800    0.4208   -8589.2456  0.7140 
   00801    0.4060   -8604.8748  0.7109 
   00802    0.4156   -8594.5810  0.7067 
   00803    0.4144   -8625.3501  0.7075 
   00804    0.4160   -8599.0052  0.7031 
   00805    0.4072   -8600.2399  0.7037 
   00806    0.4124   -8588.5659  0.7015 
   00807    0.4052   -8578.6961  0.7029 
   00808    0.3804   -8573.4225  0.6983 
   00809    0.4040   -8552.3458  0.7036 
   00810    0.3908   -8536.1874  0.7058 
   00811    0.4216   -8549.6016  0.7061 
   00812    0.4112   -8561.2354  0.7062 
   00813    0.4252   -8564.6566  0.7109 
   00814    0.4252   -8548.9375  0.7090 
   00815    0.4108   -8568.3059  0.7111 
   00816    0.4204   -8604.1468  0.7113 
   00817    0.4104   -8627.5884  0.7116 
   00818    0.4204   -8673.6300  0.7108 
   00819    0.4132   -8623.4530  0.7095 
   00820    0.3992   -8585.2702  0.7083 
   00821    0.4044   -8594.2827  0.7106 
   00822    0.3956   -8599.1204  0.7140 
   00823    0.4248   -8539.4049  0.7127 
   00824    0.4016   -8554.1148  0.7142 
   00825    0.4220   -8561.7802  0.7194 
   00826    0.4052   -8552.7533  0.7198 
   00827    0.4000   -8529.4637  0.7194 
   00828    0.3920   -8555.9066  0.7182 
   00829    0.4164   -8525.9815  0.7222 
   00830    0.3984   -8581.6620  0.7208 
   00831    0.3944   -8577.2766  0.7217 
   00832    0.3960   -8577.0619  0.7231 
   00833    0.4036   -8591.3655  0.7272 
   00834    0.4080   -8575.2836  0.7312 
   00835    0.4012   -8576.4097  0.7356 
   00836    0.4116   -8627.8308  0.7366 
   00837    0.4132   -8619.1457  0.7333 
   00838    0.4064   -8610.2256  0.7333 
   00839    0.4104   -8644.5712  0.7391 
   00840    0.4152   -8659.6580  0.7383 
   00841    0.4156   -8688.7910  0.7383 
   00842    0.3964   -8682.3388  0.7420 
   00843    0.3960   -8666.5605  0.7434 
   00844    0.4064   -8620.4236  0.7399 
   00845    0.3976   -8571.8435  0.7366 
   00846    0.4080   -8571.3866  0.7344 
   00847    0.4008   -8582.7014  0.7302 
   00848    0.3844   -8557.2664  0.7305 
   00849    0.4148   -8548.2135  0.7301 
   00850    0.4152   -8563.3350  0.7341 
   00851    0.4056   -8602.4852  0.7394 
   00852    0.4084   -8579.1928  0.7395 
   00853    0.4056   -8574.5553  0.7332 
   00854    0.4220   -8597.0429  0.7343 
   00855    0.3808   -8608.1302  0.7322 
   00856    0.3996   -8579.4698  0.7262 
   00857    0.4024   -8602.1650  0.7255 
   00858    0.3976   -8611.3744  0.7211 
   00859    0.4252   -8654.7011  0.7196 
   00860    0.4112   -8680.6607  0.7229 
   00861    0.4168   -8634.1509  0.7235 
   00862    0.4028   -8602.3120  0.7196 
   00863    0.4200   -8581.3146  0.7145 
   00864    0.4152   -8602.2877  0.7162 
   00865    0.3976   -8573.7563  0.7208 
   00866    0.4188   -8562.6203  0.7221 
   00867    0.4212   -8563.6309  0.7233 
   00868    0.4096   -8557.2888  0.7219 
   00869    0.4040   -8584.6935  0.7260 
   00870    0.4128   -8515.4838  0.7208 
   00871    0.4136   -8548.3891  0.7301 
   00872    0.4040   -8540.8861  0.7287 
   00873    0.4336   -8599.7406  0.7255 
   00874    0.3988   -8539.0105  0.7206 
   00875    0.4160   -8565.7322  0.7203 
   00876    0.4172   -8574.9040  0.7173 
   00877    0.4132   -8562.3481  0.7226 
   00878    0.4160   -8559.9657  0.7249 
   00879    0.4116   -8573.8464  0.7201 
   00880    0.4184   -8550.7023  0.7263 
   00881    0.4052   -8534.0068  0.7198 
   00882    0.4096   -8586.5571  0.7216 
   00883    0.3968   -8562.5986  0.7207 
   00884    0.4012   -8552.2581  0.7196 
   00885    0.4080   -8543.6583  0.7179 
   00886    0.4036   -8555.9801  0.7215 
   00887    0.4284   -8604.7495  0.7231 
   00888    0.4120   -8551.0390  0.7243 
   00889    0.4176   -8595.3675  0.7321 
   00890    0.3860   -8606.7966  0.7334 
   00891    0.3956   -8601.7089  0.7331 
   00892    0.3936   -8608.7943  0.7299 
   00893    0.4116   -8602.2691  0.7300 
   00894    0.4084   -8579.1588  0.7316 
   00895    0.4064   -8599.7423  0.7377 
   00896    0.4076   -8532.8971  0.7354 
   00897    0.4144   -8530.0869  0.7302 
   00898    0.4028   -8493.6922  0.7282 
   00899    0.4144   -8548.4175  0.7317 
   00900    0.3976   -8590.4922  0.7351 
   00901    0.3868   -8603.6518  0.7376 
   00902    0.4096   -8629.8734  0.7457 
   00903    0.4108   -8603.2696  0.7477 
   00904    0.4016   -8612.5053  0.7513 
   00905    0.4216   -8615.9775  0.7439 
   00906    0.3972   -8641.0261  0.7456 
   00907    0.3940   -8645.9365  0.7485 
   00908    0.3944   -8608.6872  0.7472 
   00909    0.4156   -8614.3551  0.7470 
   00910    0.4384   -8566.9750  0.7396 
   00911    0.4356   -8551.5466  0.7438 
   00912    0.3992   -8578.9844  0.7409 
   00913    0.4048   -8577.4791  0.7428 
   00914    0.4260   -8605.2568  0.7518 
   00915    0.4160   -8642.4598  0.7522 
   00916    0.4192   -8641.7645  0.7520 
   00917    0.3988   -8585.3316  0.7520 
   00918    0.4084   -8599.4425  0.7494 
   00919    0.4156   -8552.4828  0.7430 
   00920    0.4172   -8574.4993  0.7366 
   00921    0.4200   -8604.9195  0.7412 
   00922    0.3992   -8609.8997  0.7414 
   00923    0.3980   -8620.9508  0.7384 
   00924    0.4044   -8565.1355  0.7362 
   00925    0.4276   -8548.2960  0.7330 
   00926    0.4084   -8552.2006  0.7295 
   00927    0.4056   -8576.5184  0.7295 
   00928    0.4076   -8574.2058  0.7353 
   00929    0.4296   -8537.8672  0.7353 
   00930    0.4232   -8522.8595  0.7342 
   00931    0.4248   -8546.0535  0.7372 
   00932    0.4140   -8566.8599  0.7400 
   00933    0.4076   -8553.5445  0.7433 
   00934    0.3944   -8540.4284  0.7447 
   00935    0.4060   -8511.5737  0.7351 
   00936    0.4028   -8528.1868  0.7346 
   00937    0.4092   -8586.3080  0.7398 
   00938    0.4248   -8595.0796  0.7418 
   00939    0.4028   -8588.4417  0.7423 
   00940    0.3932   -8626.5454  0.7490 
   00941    0.4064   -8611.8110  0.7503 
   00942    0.4236   -8580.0267  0.7542 
   00943    0.4044   -8587.6240  0.7523 
   00944    0.4040   -8629.5180  0.7509 
   00945    0.4076   -8624.1479  0.7494 
   00946    0.3960   -8627.6447  0.7473 
   00947    0.3972   -8615.7880  0.7507 
   00948    0.3984   -8622.7650  0.7483 
   00949    0.4192   -8616.1434  0.7490 
   00950    0.4228   -8588.9955  0.7480 
   00951    0.4056   -8595.6493  0.7527 
   00952    0.4100   -8587.7696  0.7565 
   00953    0.4276   -8593.6682  0.7541 
   00954    0.4096   -8616.7735  0.7528 
   00955    0.4164   -8640.3250  0.7487 
   00956    0.4028   -8634.7784  0.7482 
   00957    0.4068   -8629.5260  0.7461 
   00958    0.4048   -8595.3803  0.7438 
   00959    0.4060   -8616.7650  0.7409 
   00960    0.4072   -8582.1999  0.7364 
   00961    0.4140   -8580.2618  0.7381 
   00962    0.4216   -8574.8783  0.7328 
   00963    0.4260   -8563.8664  0.7315 
   00964    0.4224   -8556.2905  0.7306 
   00965    0.3988   -8629.2983  0.7311 
   00966    0.4084   -8587.3671  0.7316 
   00967    0.4100   -8538.8188  0.7313 
   00968    0.4280   -8579.7349  0.7371 
   00969    0.3980   -8573.7786  0.7387 
   00970    0.4292   -8560.5475  0.7333 
   00971    0.4116   -8580.7227  0.7359 
   00972    0.3928   -8542.9672  0.7387 
   00973    0.4044   -8539.2049  0.7356 
   00974    0.4116   -8521.2699  0.7326 
   00975    0.4004   -8511.9251  0.7341 
   00976    0.4092   -8531.2617  0.7346 
   00977    0.3972   -8527.5157  0.7387 
   00978    0.4120   -8536.2437  0.7420 
   00979    0.4168   -8508.0398  0.7412 
   00980    0.4152   -8552.2448  0.7476 
   00981    0.4284   -8523.9870  0.7410 
   00982    0.4120   -8520.0183  0.7436 
   00983    0.4084   -8556.5130  0.7467 
   00984    0.4264   -8563.3171  0.7462 
   00985    0.4180   -8580.4396  0.7478 
   00986    0.3988   -8581.6388  0.7508 
   00987    0.4008   -8526.9145  0.7456 
   00988    0.4040   -8542.9265  0.7450 
   00989    0.4116   -8555.2042  0.7490 
   00990    0.4028   -8572.2835  0.7534 
   00991    0.3956   -8557.1795  0.7535 
   00992    0.4228   -8584.6490  0.7562 
   00993    0.4180   -8592.9632  0.7595 
   00994    0.4120   -8594.1844  0.7597 
   00995    0.3828   -8580.5009  0.7585 
   00996    0.4176   -8623.2142  0.7598 
   00997    0.4076   -8607.7313  0.7597 
   00998    0.4096   -8571.5836  0.7546 
   00999    0.4104   -8544.2639  0.7549 
   01000    0.4136   -8515.8600  0.7556 
