#=====================================================
# File created:        Wed-13-Mar-2024-at-12-52-11AM
# Size of lattice:     50x50
# Number of MC steps:  1000
# Reduced temperature: 0.650
# Run time (s):        0.835688
#=====================================================
# MC step:  Ratio:     Energy:   Order:
#=====================================================
   00000    0.5000   -2500.9403  0.2694 
   00001    0.6940   -3849.4053  0.2717 
   00002    0.6056   -4541.7993  0.2757 
   00003    0.5588   -5046.4620  0.2888 
   00004    0.5580   -5435.8854  0.3013 
   00005    0.5312   -5751.0032  0.3084 
   00006    0.4912   -5990.0277  0.3045 
   00007    0.4920   -6132.0051  0.3045 
   00008    0.4712   -6290.1235  0.3046 
   00009    0.4764   -6404.7182  0.2988 
   00010    0.4940   -6522.4403  0.3011 
   00011    0.4832   -6675.7658  0.3029 
   00012    0.4728   -6710.4964  0.3098 
   00013    0.4572   -6806.1653  0.3209 
   00014    0.4612   -6835.4135  0.3175 
   00015    0.4588   -6844.0295  0.3105 
   00016    0.4580   -6920.2399  0.3042 
   00017    0.4272   -6941.8670  0.3099 
   00018    0.4508   -6902.9714  0.3064 
   00019    0.4408   -7022.5795  0.3064 
   00020    0.4468   -6999.0602  0.3113 
   00021    0.4452   -7079.1421  0.3083 
   00022    0.4416   -7121.7379  0.3123 
   00023    0.4416   -7176.8761  0.3108 
   00024    0.4236   -7289.1833  0.3132 
   00025    0.4300   -7311.3849  0.3211 
   00026    0.4224   -7335.8336  0.3198 
   00027    0.4384   -7350.3577  0.3115 
   00028    0.4340   -7343.3020  0.3123 
   00029    0.4372   -7372.0033  0.3197 
   00030    0.4200   -7347.3231  0.3189 
   00031    0.4368   -7380.5927  0.3239 
   00032    0.4424   -7410.9227  0.3275 
   00033    0.4336   -7352.5052  0.3278 
   00034    0.4272   -7406.3094  0.3269 
   00035    0.4184   -7442.2168  0.3328 
   00036    0.4324   -7493.9924  0.3314 
   00037    0.4416   -7450.5044  0.3252 
   00038    0.4312   -7463.7762  0.3267 
   00039    0.4404   -7437.9017  0.3256 
   00040    0.4220   -7455.6093  0.3242 
   00041    0.4408   -7491.4023  0.3199 
   00042    0.4192   -7470.7595  0.3137 
   00043    0.4080   -7491.5537  0.3110 
   00044    0.4144   -7486.0169  0.3088 
   00045    0.4236   -7527.4271  0.3045 
   00046    0.4284   -7573.7970  0.3076 
   00047    0.4072   -7549.4309  0.3044 
   00048    0.4040   -7536.9723  0.3044 
   00049    0.4184   -7538.0306  0.3133 
   00050    0.4156   -7516.1512  0.3090 
   00051    0.4228   -7535.1601  0.3061 
   00052    0.4108   -7539.8689  0.3142 
   00053    0.4308   -7652.0587  0.3122 
   00054    0.4144   -7672.3641  0.3181 
   00055    0.4088   -7652.2601  0.3152 
   00056    0.4392   -7630.6084  0.3122 
   00057    0.4180   -7563.8421  0.3073 
   00058    0.4108   -7554.3806  0.3028 
   00059    0.4276   -7615.8196  0.3025 
   00060    0.4312   -7649.6071  0.3021 
   00061    0.4144   -7611.1312  0.2980 
   00062    0.4032   -7556.4276  0.2992 
   00063    0.4356   -7567.5830  0.3031 
   00064    0.4204   -7552.4644  0.2977 
   00065    0.4160   -7623.3613  0.3057 
   00066    0.4096   -7675.8129  0.3016 
   00067    0.4140   -7675.5474  0.3016 
   00068    0.4096   -7670.0957  0.2989 
   00069    0.4072   -7611.7794  0.2932 
   00070    0.4120   -7563.2121  0.2936 
   00071    0.4268   -7544.5805  0.2933 
   00072    0.4164   -7535.9897  0.2879 
   00073    0.4284   -7552.2037  0.2920 
   00074    0.4168   -7630.3159  0.2852 
   00075    0.4072   -7637.1027  0.2892 
   00076    0.4252   -7633.6331  0.2854 
   00077    0.4212   -7647.1690  0.2930 
   00078    0.4112   -7634.3163  0.2953 
   00079    0.4068   -7570.2531  0.3028 
   00080    0.4144   -7658.3479  0.2999 
   00081    0.4336   -7736.6644  0.2965 
   00082    0.4136   -7747.8673  0.2927 
   00083    0.4100   -7776.6369  0.2881 
   00084    0.3972   -7785.6782  0.2880 
   00085    0.4140   -7736.6226  0.2911 
   00086    0.4224   -7724.3987  0.2906 
   00087    0.3944   -7766.5331  0.2952 
   00088    0.4084   -7796.2108  0.3012 
   00089    0.4080   -7806.9203  0.2975 
   00090    0.4124   -7851.0379  0.2961 
   00091    0.4028   -7845.9495  0.3029 
   00092    0.4152   -7864.4268  0.3046 
   00093    0.4048   -7814.5537  0.3052 
   00094    0.4108   -7755.7554  0.2999 
   00095    0.4096   -7795.9843  0.3056 
   00096    0.4096   -7757.8092  0.3089 
   00097    0.3968   -7693.8351  0.3142 
   00098    0.4132   -7738.4180  0.3162 
   00099    0.4260   -7758.1060  0.3148 
   00100    0.4120   -7771.0581  0.3213 
   00101    0.3968   -7785.5214  0.3173 
   00102    0.4172   -7766.2617  0.3186 
   00103    0.4288   -7798.2091  0.3211 
   00104    0.4264   -7807.6825  0.3235 
   00105    0.4024   -7768.0400  0.3231 
   00106    0.4048   -7750.9538  0.3274 
   00107    0.3864   -7789.7189  0.3244 
   00108    0.4200   -7826.8906  0.3267 
   00109    0.4176   -7818.0645  0.3343 
   00110    0.4060   -7791.3699  0.3351 
   00111    0.3972   -7831.5861  0.3291 
   00112    0.3996   -7769.4331  0.3359 
   00113    0.3888   -7748.7300  0.3340 
   00114    0.4116   -7757.6461  0.3274 
   00115    0.4044   -7699.9463  0.3247 
   00116    0.4088   -7729.6949  0.3187 
   00117    0.4140   -7731.0033  0.3185 
   00118    0.4036   -7755.6829  0.3236 
   00119    0.4060   -7774.1507  0.3288 
   00120    0.3992   -7773.6200  0.3332 
   00121    0.3972   -7774.6934  0.3430 
   00122    0.4092   -7783.9845  0.3380 
   00123    0.4212   -7732.0602  0.3428 
   00124    0.4140   -7737.1687  0.3358 
   00125    0.4032   -7767.4966  0.3367 
   00126    0.4148   -7750.1730  0.3327 
   00127    0.4156   -7698.8108  0.3351 
   00128    0.3936   -7710.0307  0.3354 
   00129    0.3984   -7732.5195  0.3379 
   00130    0.3936   -7805.1662  0.3468 
   00131    0.3932   -7766.2355  0.3338 
   00132    0.3804   -7723.4445  0.3312 
   00133    0.4280   -7691.3569  0.3317 
   00134    0.4088   -7746.4454  0.3322 
   00135    0.4028   -7753.2124  0.3343 
   00136    0.4016   -7769.5919  0.3294 
   00137    0.4044   -7758.9692  0.3352 
   00138    0.4024   -7760.9112  0.3408 
   00139    0.4220   -7734.8783  0.3409 
   00140    0.3876   -7780.1194  0.3379 
   00141    0.3948   -7763.2051  0.3382 
   00142    0.4180   -7788.0602  0.3420 
   00143    0.4012   -7806.2446  0.3484 
   00144    0.3968   -7790.8722  0.3449 
   00145    0.4060   -7798.7000  0.3402 
   00146    0.3888   -7754.3878  0.3476 
   00147    0.3988   -7743.9073  0.3604 
   00148    0.4040   -7727.0211  0.3572 
   00149    0.3928   -7722.4931  0.3604 
   00150    0.4104   -7722.9013  0.3518 
   00151    0.4000   -7688.1674  0.3560 
   00152    0.4328   -7705.6599  0.3624 
   00153    0.4036   -7768.3261  0.3662 
   00154    0.4148   -7798.2846  0.3695 
   00155    0.4228   -7741.3202  0.3662 
   00156    0.4108   -7821.8287  0.3685 
   00157    0.4064   -7720.1968  0.3734 
   00158    0.4160   -7728.6696  0.3759 
   00159    0.4184   -7680.0283  0.3780 
   00160    0.4108   -7761.0397  0.3878 
   00161    0.4020   -7734.9447  0.3876 
   00162    0.4176   -7711.2279  0.3857 
   00163    0.4164   -7718.0888  0.3801 
   00164    0.4004   -7755.5744  0.3822 
   00165    0.4052   -7781.7249  0.3859 
   00166    0.4104   -7787.6937  0.3886 
   00167    0.3856   -7748.7614  0.3915 
   00168    0.4004   -7782.7313  0.3915 
   00169    0.4076   -7758.4280  0.3933 
   00170    0.4060   -7743.3367  0.3835 
   00171    0.4068   -7714.7442  0.3833 
   00172    0.4120   -7767.4850  0.3903 
   00173    0.4116   -7808.4318  0.3931 
   00174    0.4180   -7820.4791  0.3919 
   00175    0.3988   -7849.9706  0.3960 
   00176    0.3976   -7817.9539  0.3996 
   00177    0.4100   -7844.8470  0.4025 
   00178    0.4204   -7781.7045  0.4081 
   00179    0.4040   -7826.7341  0.4084 
   00180    0.4116   -7824.8639  0.4087 
   00181    0.3992   -7851.5950  0.4107 
   00182    0.4180   -7790.4343  0.4019 
   00183    0.4232   -7763.6065  0.4136 
   00184    0.3880   -7783.8738  0.4094 
   00185    0.3980   -7776.2010  0.4069 
   00186    0.4184   -7792.7820  0.4098 
   00187    0.4304   -7830.0471  0.4019 
   00188    0.4044   -7811.6616  0.3989 
   00189    0.4112   -7783.1486  0.4162 
   00190    0.4040   -7758.6413  0.4145 
   00191    0.3996   -7756.0861  0.4212 
   00192    0.3936   -7840.6143  0.4180 
   00193    0.4032   -7811.5582  0.4206 
   00194    0.4096   -7842.4084  0.4179 
   00195    0.4188   -7810.2211  0.4081 
   00196    0.4132   -7728.8353  0.4037 
   00197    0.4056   -7737.1433  0.4136 
   00198    0.3996   -7755.0387  0.4147 
   00199    0.4016   -7730.6849  0.4125 
   00200    0.4120   -7781.3235  0.4137 
   00201    0.4032   -7785.6784  0.4146 
   00202    0.4176   -7841.2781  0.4051 
   00203    0.4056   -7825.7512  0.4036 
   00204    0.4120   -7794.5079  0.4040 
   00205    0.4164   -7833.1667  0.4027 
   00206    0.4256   -7804.8263  0.4065 
   00207    0.3924   -7877.7604  0.4087 
   00208    0.4244   -7876.2192  0.4088 
   00209    0.3912   -7897.1376  0.4047 
   00210    0.4056   -7843.8399  0.3943 
   00211    0.4020   -7800.4630  0.3963 
   00212    0.4192   -7808.6862  0.3997 
   00213    0.4092   -7870.1227  0.4071 
   00214    0.4044   -7809.1627  0.4098 
   00215    0.4112   -7811.0684  0.4057 
   00216    0.4188   -7763.9609  0.4132 
   00217    0.3900   -7833.5202  0.4203 
   00218    0.4152   -7851.6968  0.4220 
   00219    0.4016   -7885.8640  0.4167 
   00220    0.4112   -7825.6086  0.4193 
   00221    0.4296   -7825.3579  0.4249 
   00222    0.3936   -7833.3100  0.4214 
   00223    0.4032   -7829.9586  0.4109 
   00224    0.4028   -7787.5307  0.4088 
   00225    0.4012   -7765.6655  0.4045 
   00226    0.4016   -7742.4184  0.3965 
   00227    0.4224   -7757.7669  0.3942 
   00228    0.4220   -7746.0913  0.4009 
   00229    0.4032   -7738.0095  0.3943 
   00230    0.4120   -7771.5932  0.3888 
   00231    0.3948   -7830.7818  0.3899 
   00232    0.4032   -7762.5495  0.3811 
   00233    0.4264   -7782.4400  0.3756 
   00234    0.4084   -7767.0619  0.3719 
   00235    0.3900   -7842.6684  0.3638 
   00236    0.4016   -7873.9883  0.3706 
   00237    0.4032   -7811.5558  0.3680 
   00238    0.4124   -7781.7632  0.3859 
   00239    0.4076   -7785.9491  0.3854 
   00240    0.4236   -7795.7447  0.3845 
   00241    0.4184   -7818.4492  0.3943 
   00242    0.4036   -7853.2083  0.3883 
   00243    0.3916   -7905.4126  0.3820 
   00244    0.3956   -7968.9822  0.3904 
   00245    0.4048   -7939.1877  0.3905 
   00246    0.3884   -7880.1604  0.3898 
   00247    0.3912   -7938.1151  0.3892 
   00248    0.4220   -7900.6704  0.3990 
   00249    0.4104   -7866.5302  0.4087 
   00250    0.4032   -7864.6535  0.4176 
   00251    0.4088   -7821.2603  0.4147 
   00252    0.4140   -7797.1629  0.4172 
   00253    0.4148   -7812.8893  0.4123 
   00254    0.4032   -7727.7024  0.4086 
   00255    0.4104   -7730.2750  0.4119 
   00256    0.4056   -7778.5911  0.4224 
   00257    0.4180   -7822.3813  0.4170 
   00258    0.4132   -7783.1865  0.4165 
   00259    0.4036   -7705.2201  0.4186 
   00260    0.4092   -7712.2452  0.4204 
   00261    0.3936   -7792.1378  0.4285 
   00262    0.4148   -7831.9305  0.4264 
   00263    0.4224   -7823.7071  0.4278 
   00264    0.4140   -7897.2478  0.4292 
   00265    0.3992   -7856.1295  0.4277 
   00266    0.4160   -7837.7430  0.4214 
   00267    0.3976   -7867.1055  0.4235 
   00268    0.4096   -7868.9297  0.4292 
   00269    0.3904   -7783.1472  0.4395 
   00270    0.4120   -7769.5963  0.4378 
   00271    0.3972   -7794.8659  0.4451 
   00272    0.3884   -7876.4375  0.4517 
   00273    0.4120   -7895.2804  0.4569 
   00274    0.3956   -7900.2467  0.4623 
   00275    0.4144   -7897.5807  0.4612 
   00276    0.4240   -7837.2007  0.4635 
   00277    0.4056   -7848.6855  0.4691 
   00278    0.4156   -7866.6472  0.4752 
   00279    0.4260   -7821.8633  0.4735 
   00280    0.4048   -7860.4270  0.4790 
   00281    0.3920   -7808.0594  0.4785 
   00282    0.4108   -7721.4337  0.4804 
   00283    0.4016   -7713.2132  0.4765 
   00284    0.4164   -7676.9205  0.4781 
   00285    0.4128   -7755.8593  0.4852 
   00286    0.4244   -7867.1388  0.4841 
   00287    0.4096   -7875.2375  0.4810 
   00288    0.4044   -7817.4164  0.4709 
   00289    0.4092   -7752.9145  0.4744 
   00290    0.4172   -7819.9126  0.4795 
   00291    0.4288   -7828.3712  0.4808 
   00292    0.4016   -7839.5086  0.4823 
   00293    0.4100   -7797.7686  0.4835 
   00294    0.4076   -7850.5069  0.4800 
   00295    0.4204   -7834.8170  0.4835 
   00296    0.4120   -7828.8341  0.4846 
   00297    0.3984   -7780.5313  0.4883 
   00298    0.4112   -7752.8241  0.4918 
   00299    0.4124   -7765.4009  0.4956 
   00300    0.4340   -7795.5950  0.4975 
   00301    0.4052   -7818.6167  0.5006 
   00302    0.4060   -7823.4828  0.4986 
   00303    0.4044   -7860.1566  0.5017 
   00304    0.4196   -7840.1237  0.5002 
   00305    0.4024   -7807.3981  0.5005 
   00306    0.4264   -7806.5713  0.4977 
   00307    0.4216   -7856.2604  0.5018 
   00308    0.4060   -7816.3448  0.5009 
   00309    0.4072   -7755.1915  0.4991 
   00310    0.3992   -7815.0268  0.5036 
   00311    0.4116   -7784.7163  0.5047 
   00312    0.4228   -7808.8275  0.5027 
   00313    0.4248   -7857.0326  0.5079 
   00314    0.4128   -7871.5912  0.5101 
   00315    0.3956   -7875.8922  0.5133 
   00316    0.4220   -7886.0654  0.5115 
   00317    0.4064   -7920.1712  0.5157 
   00318    0.3900   -7871.8359  0.5095 
   00319    0.4172   -7910.3277  0.5123 
   00320    0.4056   -7929.5640  0.5150 
   00321    0.3936   -7908.1055  0.5094 
   00322    0.4092   -7890.8114  0.5063 
   00323    0.4176   -7928.5611  0.5027 
   00324    0.4156   -7923.9143  0.5046 
   00325    0.4140   -7920.7382  0.5105 
   00326    0.4024   -7900.8746  0.5068 
   00327    0.4252   -7872.7847  0.5098 
   00328    0.4020   -7915.2992  0.5110 
   00329    0.3964   -7928.4367  0.5142 
   00330    0.4044   -7871.0898  0.5111 
   00331    0.4148   -7839.0153  0.5101 
   00332    0.4120   -7902.1921  0.5032 
   00333    0.4068   -7905.7714  0.5039 
   00334    0.4032   -7774.6381  0.5037 
   00335    0.4248   -7902.6316  0.5072 
   00336    0.3876   -7851.5021  0.5078 
   00337    0.3988   -7850.8839  0.4965 
   00338    0.4228   -7843.4375  0.4964 
   00339    0.4148   -7854.1903  0.4963 
   00340    0.3888   -7900.1962  0.4966 
   00341    0.3920   -7952.2759  0.5036 
   00342    0.4076   -7902.4029  0.5049 
   00343    0.3836   -7898.0045  0.5056 
   00344    0.3948   -7940.6416  0.5100 
   00345    0.4036   -7901.9385  0.5072 
   00346    0.3940   -7857.5200  0.5068 
   00347    0.4052   -7875.7332  0.5108 
   00348    0.4048   -7845.8113  0.5101 
   00349    0.3956   -7947.6941  0.5110 
   00350    0.3992   -7941.7111  0.5137 
   00351    0.4192   -7904.9419  0.5159 
   00352    0.4008   -7956.4819  0.5170 
   00353    0.4128   -7938.5491  0.5179 
   00354    0.4112   -7961.8007  0.5230 
   00355    0.4016   -7941.2501  0.5346 
   00356    0.4120   -7913.5841  0.5255 
   00357    0.3948   -7985.8827  0.5256 
   00358    0.4080   -8018.5006  0.5288 
   00359    0.3980   -8020.5175  0.5334 
   00360    0.3896   -7952.5064  0.5371 
   00361    0.4012   -7912.6755  0.5223 
   00362    0.4072   -7904.3401  0.5226 
   00363    0.4032   -7916.7097  0.5240 
   00364    0.4032   -7915.3462  0.5306 
   00365    0.3948   -7937.7814  0.5318 
   00366    0.4212   -7926.5509  0.5300 
   00367    0.3892   -7951.1000  0.5305 
   00368    0.4124   -7939.3934  0.5255 
   00369    0.4008   -7937.7701  0.5274 
   00370    0.4164   -7906.8136  0.5329 
   00371    0.4052   -7870.8201  0.5329 
   00372    0.4104   -7880.1452  0.5430 
   00373    0.4120   -7937.8616  0.5451 
   00374    0.4084   -7934.9970  0.5459 
   00375    0.4084   -7906.6535  0.5399 
   00376    0.4104   -7902.0858  0.5357 
   00377    0.4128   -7905.4920  0.5439 
   00378    0.3868   -7904.9256  0.5484 
   00379    0.4052   -7841.7393  0.5421 
   00380    0.4156   -7808.8871  0.5326 
   00381    0.4088   -7794.9892  0.5300 
   00382    0.4076   -7807.7037  0.5283 
   00383    0.4064   -7834.6327  0.5326 
   00384    0.4048   -7842.1619  0.5408 
   00385    0.4012   -7877.0956  0.5485 
   00386    0.4128   -7864.3880  0.5527 
   00387    0.3888   -7913.5106  0.5520 
   00388    0.3828   -7935.5277  0.5502 
   00389    0.3992   -7932.5179  0.5471 
   00390    0.3888   -7857.1501  0.5532 
   00391    0.4144   -7886.0131  0.5579 
   00392    0.4044   -7877.8406  0.5589 
   00393    0.4016   -7909.7106  0.5713 
   00394    0.3996   -7855.9100  0.5683 
   00395    0.4044   -7819.2609  0.5655 
   00396    0.4136   -7880.4074  0.5751 
   00397    0.3968   -7854.0894  0.5756 
   00398    0.3896   -7824.7675  0.5771 
   00399    0.4100   -7807.7268  0.5742 
   00400    0.4044   -7810.9574  0.5717 
   00401    0.4016   -7822.4145  0.5779 
   00402    0.4144   -7840.8903  0.5761 
   00403    0.4196   -7910.9072  0.5771 
   00404    0.3840   -7990.0993  0.5845 
   00405    0.3732   -7966.8909  0.5836 
   00406    0.4124   -7995.1447  0.5819 
   00407    0.4088   -7983.9676  0.5720 
   00408    0.4044   -7996.5886  0.5673 
   00409    0.3840   -8051.2444  0.5728 
   00410    0.3916   -8026.0533  0.5757 
   00411    0.4256   -8003.6305  0.5750 
   00412    0.3948   -7931.1715  0.5681 
   00413    0.4060   -7986.2301  0.5709 
   00414    0.4032   -8053.0525  0.5723 
   00415    0.3904   -8083.7488  0.5748 
   00416    0.4116   -8018.9134  0.5719 
   00417    0.3984   -7935.1579  0.5715 
   00418    0.4092   -7963.6205  0.5708 
   00419    0.3988   -7862.6210  0.5725 
   00420    0.3996   -7918.9234  0.5753 
   00421    0.4028   -7917.9010  0.5717 
   00422    0.4120   -7882.8402  0.5648 
   00423    0.4128   -7913.4991  0.5658 
   00424    0.4196   -7946.2783  0.5662 
   00425    0.4036   -7955.7409  0.5701 
   00426    0.3980   -7954.3900  0.5630 
   00427    0.4180   -7952.8957  0.5622 
   00428    0.3980   -7941.6689  0.5571 
   00429    0.3944   -7878.2931  0.5518 
   00430    0.3932   -7891.5795  0.5469 
   00431    0.3988   -7918.9969  0.5469 
   00432    0.4004   -7887.1252  0.5511 
   00433    0.4008   -7858.3247  0.5479 
   00434    0.4284   -7874.7535  0.5528 
   00435    0.3940   -7828.4286  0.5485 
   00436    0.3944   -7852.8298  0.5589 
   00437    0.4128   -7739.6131  0.5562 
   00438    0.4204   -7848.0346  0.5628 
   00439    0.3876   -7839.6925  0.5620 
   00440    0.4016   -7863.1620  0.5582 
   00441    0.3872   -7847.1114  0.5668 
   00442    0.4076   -7887.9516  0.5638 
   00443    0.4004   -7803.4051  0.5683 
   00444    0.3884   -7819.3701  0.5728 
   00445    0.4032   -7856.8643  0.5710 
   00446    0.4172   -7869.3546  0.5752 
   00447    0.4176   -7921.3837  0.5761 
   00448    0.4128   -7904.7145  0.5796 
   00449    0.3980   -7937.4668  0.5756 
   00450    0.3996   -7839.3340  0.5754 
   00451    0.4112   -7849.7417  0.5697 
   00452    0.4080   -7855.9651  0.5659 
   00453    0.4048   -7916.2363  0.5657 
   00454    0.4012   -7889.4892  0.5617 
   00455    0.4084   -7821.5255  0.5604 
   00456    0.4164   -7876.7425  0.5523 
   00457    0.4132   -7929.1840  0.5529 
   00458    0.3984   -7880.9211  0.5448 
   00459    0.4056   -7892.1437  0.5454 
   00460    0.4148   -7890.6170  0.5413 
   00461    0.3984   -7853.9918  0.5346 
   00462    0.4064   -7866.3720  0.5418 
   00463    0.4076   -7914.3092  0.5468 
   00464    0.4080   -7895.2653  0.5556 
   00465    0.3940   -7921.7065  0.5558 
   00466    0.4024   -7928.1158  0.5565 
   00467    0.4100   -7926.4293  0.5602 
   00468    0.4008   -7924.0611  0.5660 
   00469    0.4104   -7916.7791  0.5603 
   00470    0.4076   -7946.5972  0.5637 
   00471    0.4032   -7922.9268  0.5624 
   00472    0.3992   -7958.0817  0.5667 
   00473    0.3928   -7953.4424  0.5670 
   00474    0.4012   -7971.2256  0.5652 
   00475    0.3900   -7920.8205  0.5720 
   00476    0.3968   -7909.0882  0.5739 
   00477    0.4136   -7840.4253  0.5757 
   00478    0.4024   -7807.6536  0.5754 
   00479    0.3956   -7861.2611  0.5758 
   00480    0.4020   -7907.4112  0.5807 
   00481    0.3940   -7814.0601  0.5816 
   00482    0.4092   -7829.4062  0.5825 
   00483    0.4088   -7862.4660  0.5881 
   00484    0.4172   -7828.2256  0.5897 
   00485    0.4148   -7858.5634  0.5944 
   00486    0.4204   -7903.0815  0.5993 
   00487    0.3952   -7870.9329  0.6004 
   00488    0.3980   -7939.1183  0.6063 
   00489    0.4008   -7882.5950  0.6079 
   00490    0.4044   -7856.9838  0.6141 
   00491    0.4128   -7760.9325  0.6049 
   00492    0.4228   -7828.7652  0.6015 
   00493    0.4072   -7853.1927  0.6035 
   00494    0.3888   -7867.5129  0.5993 
   00495    0.3964   -7870.5778  0.5971 
   00496    0.4136   -7860.4769  0.5926 
   00497    0.4036   -7872.1092  0.5950 
   00498    0.4116   -7794.5617  0.5955 
   00499    0.4124   -7831.8064  0.6011 
   00500    0.4112   -7861.9926  0.6023 
   00501    0.4088   -7888.7179  0.6063 
   00502    0.4056   -7845.2318  0.6048 
   00503    0.4044   -7968.7262  0.6118 
   00504    0.3936   -7992.7353  0.6160 
   00505    0.3972   -8032.4348  0.6208 
   00506    0.4136   -7945.2040  0.6170 
   00507    0.3856   -7967.4468  0.6149 
   00508    0.4112   -8045.6106  0.6107 
   00509    0.3836   -8003.2054  0.6147 
   00510    0.4016   -8032.5136  0.6123 
   00511    0.4168   -8051.6772  0.6158 
   00512    0.3880   -7969.0345  0.6170 
   00513    0.3812   -7988.6098  0.6211 
   00514    0.4060   -7950.4357  0.6214 
   00515    0.4040   -7906.0767  0.6186 
   00516    0.4008   -7879.4950  0.6136 
   00517    0.4012   -7907.4315  0.6095 
   00518    0.4236   -7913.5250  0.6129 
   00519    0.3920   -7912.2519  0.6091 
   00520    0.3964   -7848.6090  0.6108 
   00521    0.3820   -7868.6112  0.6150 
   00522    0.4044   -7910.1619  0.6149 
   00523    0.4076   -7888.0651  0.6247 
   00524    0.3916   -7897.2426  0.6234 
   00525    0.4160   -7885.3607  0.6282 
   00526    0.3984   -7857.2182  0.6298 
   00527    0.4056   -7831.0882  0.6315 
   00528    0.4068   -7824.2403  0.6342 
   00529    0.4112   -7900.7561  0.6383 
   00530    0.4164   -7923.1119  0.6352 
   00531    0.4060   -7901.1917  0.6317 
   00532    0.3988   -7889.7345  0.6354 
   00533    0.4268   -7927.6183  0.6406 
   00534    0.4116   -7972.5042  0.6415 
   00535    0.3952   -7906.7723  0.6425 
   00536    0.4072   -7888.6555  0.6411 
   00537    0.4184   -7918.7416  0.6457 
   00538    0.3984   -7906.7119  0.6473 
   00539    0.4152   -7880.0042  0.6431 
   00540    0.4032   -7912.8176  0.6432 
   00541    0.4204   -7882.3386  0.6365 
   00542    0.3952   -7848.0591  0.6359 
   00543    0.4188   -7923.2286  0.6419 
   00544    0.3992   -7940.3115  0.6362 
   00545    0.4076   -7922.8858  0.6452 
   00546    0.3928   -7961.0014  0.6418 
   00547    0.3984   -7925.1475  0.6351 
   00548    0.3940   -7872.2411  0.6444 
   00549    0.3972   -7918.9619  0.6428 
   00550    0.3896   -7935.7064  0.6413 
   00551    0.4096   -7956.7066  0.6495 
   00552    0.3896   -7919.2780  0.6464 
   00553    0.4076   -7902.5484  0.6424 
   00554    0.4152   -7880.1678  0.6430 
   00555    0.4152   -7908.8674  0.6447 
   00556    0.4088   -7958.4653  0.6482 
   00557    0.4096   -7923.9460  0.6443 
   00558    0.4156   -7925.6717  0.6494 
   00559    0.3808   -7947.6569  0.6503 
   00560    0.4020   -7963.9195  0.6488 
   00561    0.4088   -7917.0629  0.6531 
   00562    0.4196   -7888.7287  0.6527 
   00563    0.4100   -7920.6937  0.6563 
   00564    0.3892   -7915.4057  0.6554 
   00565    0.4064   -7959.4684  0.6664 
   00566    0.4072   -7943.3491  0.6643 
   00567    0.4064   -7983.6263  0.6707 
   00568    0.3940   -7956.2956  0.6700 
   00569    0.3976   -8008.2812  0.6617 
   00570    0.4052   -8014.9708  0.6665 
   00571    0.3900   -8022.4498  0.6705 
   00572    0.3900   -7989.8935  0.6678 
   00573    0.4008   -7983.5823  0.6698 
   00574    0.4092   -8008.3479  0.6651 
   00575    0.4104   -8012.5908  0.6668 
   00576    0.4044   -8031.1919  0.6702 
   00577    0.4160   -7937.2978  0.6699 
   00578    0.4048   -7979.8733  0.6717 
   00579    0.4172   -7990.7183  0.6803 
   00580    0.4012   -7924.7904  0.6798 
   00581    0.3992   -7970.0320  0.6783 
   00582    0.3996   -8007.8055  0.6804 
   00583    0.4160   -7958.4720  0.6783 
   00584    0.3996   -7906.6698  0.6750 
   00585    0.4052   -7937.5624  0.6794 
   00586    0.4112   -7942.9870  0.6831 
   00587    0.4004   -7947.4872  0.6772 
   00588    0.4136   -7987.7205  0.6746 
   00589    0.4084   -8036.2097  0.6754 
   00590    0.3948   -7992.2391  0.6769 
   00591    0.4052   -7966.1069  0.6753 
   00592    0.4228   -7894.1414  0.6741 
   00593    0.3884   -7904.7298  0.6729 
   00594    0.4096   -7925.6946  0.6785 
   00595    0.3936   -7920.6144  0.6736 
   00596    0.3980   -7925.9591  0.6674 
   00597    0.4044   -7908.9152  0.6710 
   00598    0.4008   -7878.8347  0.6660 
   00599    0.4116   -7942.5388  0.6729 
   00600    0.4060   -7904.2433  0.6648 
   00601    0.4076   -7880.6916  0.6608 
   00602    0.4056   -7910.0580  0.6614 
   00603    0.4068   -7888.6217  0.6567 
   00604    0.4080   -7868.5295  0.6547 
   00605    0.4176   -7865.1034  0.6551 
   00606    0.4092   -7908.3498  0.6557 
   00607    0.4080   -7895.3252  0.6594 
   00608    0.3980   -7917.9933  0.6661 
   00609    0.4056   -7895.3789  0.6684 
   00610    0.3944   -7893.5965  0.6677 
   00611    0.4216   -7945.9403  0.6741 
   00612    0.3992   -7865.2755  0.6711 
   00613    0.4112   -7923.5522  0.6766 
   00614    0.4044   -7919.5574  0.6813 
   00615    0.4016   -7914.7017  0.6889 
   00616    0.4028   -7946.8170  0.6870 
   00617    0.3952   -7938.7418  0.6922 
   00618    0.4028   -8005.9527  0.6907 
   00619    0.3852   -7960.4653  0.6873 
   00620    0.3916   -7946.3381  0.6886 
   00621    0.3996   -7981.0187  0.6974 
   00622    0.3896   -8032.4838  0.7032 
   00623    0.3896   -7995.0993  0.6978 
   00624    0.3956   -7981.7881  0.6995 
   00625    0.3908   -8001.9155  0.6998 
   00626    0.4148   -8003.6442  0.6958 
   00627    0.4116   -7971.3417  0.6951 
   00628    0.4076   -7978.3464  0.6951 
   00629    0.3916   -7981.3599  0.6876 
   00630    0.4044   -8063.2563  0.6935 
   00631    0.3892   -8050.7869  0.6977 
   00632    0.4036   -8031.3103  0.7007 
   00633    0.4016   -8053.0759  0.7058 
   00634    0.3984   -8063.5217  0.7068 
   00635    0.4044   -7996.9484  0.7051 
   00636    0.4020   -7977.4728  0.7026 
   00637    0.3980   -7904.1043  0.7008 
   00638    0.3944   -7947.6660  0.7056 
   00639    0.3960   -7946.5739  0.7054 
   00640    0.3928   -7952.5370  0.6986 
   00641    0.3964   -7932.0698  0.7015 
   00642    0.3876   -7984.9351  0.7110 
   00643    0.3828   -8042.0608  0.7091 
   00644    0.4192   -8047.2073  0.7099 
   00645    0.4096   -8021.6144  0.7041 
   00646    0.3980   -7979.3552  0.6989 
   00647    0.3924   -8035.0578  0.7063 
   00648    0.3932   -8087.5216  0.7102 
   00649    0.3892   -8057.6615  0.7065 
   00650    0.3940   -8040.5105  0.7053 
   00651    0.3992   -8034.0533  0.7027 
   00652    0.3824   -8075.8942  0.7044 
   00653    0.4028   -8120.0226  0.7080 
   00654    0.3888   -8087.5001  0.7061 
   00655    0.4028   -8033.8060  0.7049 
   00656    0.3860   -8018.8343  0.7068 
   00657    0.3892   -7987.2199  0.7043 
   00658    0.4024   -7923.8973  0.6988 
   00659    0.3988   -8014.1795  0.7004 
   00660    0.3924   -8005.4099  0.7076 
   00661    0.3928   -8034.8670  0.7155 
   00662    0.3984   -7988.3982  0.7123 
   00663    0.3988   -7941.7117  0.7149 
   00664    0.4004   -7990.0186  0.7113 
   00665    0.4192   -7977.9076  0.7147 
   00666    0.3984   -7991.9864  0.7149 
   00667    0.4108   -8014.9284  0.7109 
   00668    0.3956   -8017.4924  0.7101 
   00669    0.4132   -8003.6918  0.7100 
   00670    0.4000   -7969.4756  0.7055 
   00671    0.3984   -7941.6289  0.6972 
   00672    0.3920   -8031.5661  0.7062 
   00673    0.3840   -7984.2689  0.7074 
   00674    0.4060   -8003.7154  0.7166 
   00675    0.3996   -7998.7215  0.7175 
   00676    0.3960   -8028.1817  0.7280 
   00677    0.4168   -7932.9714  0.7305 
   00678    0.4024   -7993.3082  0.7280 
   00679    0.4072   -8022.7391  0.7276 
   00680    0.3928   -7985.2557  0.7300 
   00681    0.4040   -7995.6127  0.7304 
   00682    0.3964   -8004.6006  0.7207 
   00683    0.4116   -7954.8636  0.7201 
   00684    0.3904   -7911.0675  0.7152 
   00685    0.3964   -7922.1519  0.7191 
   00686    0.3888   -7980.1812  0.7196 
   00687    0.4176   -7947.3393  0.7167 
   00688    0.4084   -7965.2638  0.7140 
   00689    0.4004   -7911.9835  0.7071 
   00690    0.4244   -7985.1114  0.7121 
   00691    0.4088   -8018.1343  0.7114 
   00692    0.4044   -8079.1819  0.7131 
   00693    0.3788   -8087.9625  0.7169 
   00694    0.3904   -8058.4081  0.7139 
   00695    0.4104   -8054.1926  0.7213 
   00696    0.4008   -8066.9154  0.7254 
   00697    0.4060   -8058.1267  0.7287 
   00698    0.3892   -8016.9437  0.7251 
   00699    0.3996   -8040.6185  0.7221 
   00700    0.3860   -8029.5503  0.7177 
   00701    0.4148   -7969.6243  0.7085 
   00702    0.3740   -7973.9809  0.7045 
   00703    0.4044   -7989.0228  0.7005 
   00704    0.4060   -8010.7164  0.7042 
   00705    0.3960   -8042.9599  0.7062 
   00706    0.3888   -7977.1078  0.6976 
   00707    0.4140   -7926.0017  0.6948 
   00708    0.4060   -7872.5230  0.6932 
   00709    0.3984   -7797.4723  0.6836 
   00710    0.3924   -7778.2250  0.6861 
   00711    0.4140   -7741.8733  0.6833 
   00712    0.4216   -7841.6621  0.6831 
   00713    0.3944   -7890.2427  0.6835 
   00714    0.4096   -7959.7754  0.6898 
   00715    0.3996   -7957.6363  0.6900 
   00716    0.3880   -7951.2773  0.6960 
   00717    0.4168   -7941.2269  0.6964 
   00718    0.4208   -7986.7451  0.6933 
   00719    0.3928   -7972.6304  0.6924 
   00720    0.4008   -8000.4615  0.6887 
   00721    0.3872   -8007.7233  0.6904 
   00722    0.4024   -8024.4024  0.6887 
   00723    0.4140   -8013.2197  0.6937 
   00724    0.4052   -8055.4471  0.6917 
   00725    0.3824   -7984.5299  0.6869 
   00726    0.3972   -7984.4394  0.6874 
   00727    0.3932   -7933.3725  0.6845 
   00728    0.4040   -7991.2435  0.6820 
   00729    0.4080   -8041.8996  0.6829 
   00730    0.4004   -8022.1455  0.6833 
   00731    0.3884   -8011.7025  0.6902 
   00732    0.3936   -7992.0490  0.6941 
   00733    0.4012   -8024.9638  0.7038 
   00734    0.3732   -8035.0919  0.7003 
   00735    0.4060   -8072.9021  0.7084 
   00736    0.4076   -8036.6625  0.7086 
   00737    0.4056   -8042.7147  0.7072 
   00738    0.3976   -8003.8388  0.7026 
   00739    0.4048   -7994.9135  0.7038 
   00740    0.3828   -8019.8433  0.7074 
   00741    0.3908   -8090.8237  0.7101 
   00742    0.3832   -8111.9807  0.7119 
   00743    0.4160   -8104.1864  0.7160 
   00744    0.3892   -8044.1147  0.7114 
   00745    0.4048   -8085.3477  0.7148 
   00746    0.4036   -8040.1568  0.7149 
   00747    0.4056   -7983.7096  0.7238 
   00748    0.3900   -7907.4886  0.7198 
   00749    0.4072   -7901.1535  0.7182 
   00750    0.3820   -7928.4974  0.7142 
   00751    0.4240   -7919.2776  0.7200 
   00752    0.3992   -7912.4075  0.7235 
   00753    0.3916   -7974.4639  0.7265 
   00754    0.4020   -7984.9994  0.7281 
   00755    0.4068   -8001.4235  0.7287 
   00756    0.3980   -7991.4091  0.7257 
   00757    0.4008   -7964.7825  0.7272 
   00758    0.4196   -8007.2552  0.7328 
   00759    0.4064   -7978.8322  0.7367 
   00760    0.3916   -7960.6892  0.7355 
   00761    0.4004   -7893.8391  0.7275 
   00762    0.3964   -7854.5488  0.7286 
   00763    0.4188   -7906.7531  0.7288 
   00764    0.4028   -7920.9537  0.7218 
   00765    0.4032   -7896.0643  0.7183 
   00766    0.4036   -7906.7882  0.7273 
   00767    0.4088   -7915.0508  0.7265 
   00768    0.3988   -7909.0139  0.7177 
   00769    0.3888   -7953.0530  0.7219 
   00770    0.4096   -7956.0195  0.7208 
   00771    0.4012   -8010.6329  0.7219 
   00772    0.3972   -8034.8385  0.7303 
   00773    0.4012   -7990.8100  0.7289 
   00774    0.4072   -7994.3056  0.7278 
   00775    0.4132   -7966.6472  0.7193 
   00776    0.4080   -8007.8458  0.7234 
   00777    0.4080   -8087.5600  0.7281 
   00778    0.4128   -8079.4686  0.7281 
   00779    0.4164   -8056.0527  0.7368 
   00780    0.3924   -8071.8032  0.7398 
   00781    0.3936   -8123.9010  0.7440 
   00782    0.3816   -8140.0335  0.7434 
   00783    0.3960   -8110.2117  0.7395 
   00784    0.3944   -8110.0304  0.7381 
   00785    0.3968   -8070.1351  0.7360 
   00786    0.4056   -8077.8239  0.7348 
   00787    0.4124   -8045.9007  0.7294 
   00788    0.3952   -8065.4542  0.7302 
   00789    0.3892   -8128.1712  0.7355 
   00790    0.4020   -8130.1942  0.7341 
   00791    0.4092   -8133.2962  0.7273 
   00792    0.3900   -8148.6116  0.7315 
   00793    0.4028   -8094.6358  0.7263 
   00794    0.3924   -8120.7517  0.7249 
   00795    0.3796   -8114.7967  0.7213 
   00796    0.4000   -8103.9290  0.7198 
   00797    0.4024   -8080.1956  0.7103 
   00798    0.3876   -8104.0478  0.7149 
   00799    0.3984   -8075.0059  0.7090 
   00800    0.4040   -8038.0616  0.7071 
   00801    0.4076   -8073.9723  0.7127 
   00802    0.3740   -8086.2903  0.7102 
   00803    0.3976   -8108.1054  0.7110 
   00804    0.4056   -8109.8879  0.7063 
   00805    0.4004   -8081.8063  0.7023 
   00806    0.4244   -8064.2017  0.7040 
   00807    0.3920   -8053.5649  0.7013 
   00808    0.3780   -8072.9681  0.6992 
   00809    0.3944   -8064.1060  0.6973 
   00810    0.3888   -8051.4446  0.6911 
   00811    0.4008   -7996.5059  0.6937 
   00812    0.3960   -8000.9178  0.7030 
   00813    0.4032   -8030.6606  0.6941 
   00814    0.3980   -7990.5077  0.6950 
   00815    0.3988   -7986.1649  0.6981 
   00816    0.4048   -8027.2220  0.6979 
   00817    0.3948   -7956.5145  0.6971 
   00818    0.4144   -7953.8924  0.7017 
   00819    0.3976   -7974.1538  0.6966 
   00820    0.4248   -7992.0742  0.6946 
   00821    0.4000   -7912.9579  0.6894 
   00822    0.3940   -7876.4137  0.6945 
   00823    0.3996   -7953.3487  0.6966 
   00824    0.4088   -7950.3946  0.6945 
   00825    0.4060   -8015.8314  0.7024 
   00826    0.4084   -8035.9876  0.7017 
   00827    0.3936   -8039.8703  0.7004 
   00828    0.3928   -7971.0632  0.6958 
   00829    0.4024   -7918.7465  0.6913 
   00830    0.4088   -7918.6408  0.6879 
   00831    0.4048   -7883.3721  0.6857 
   00832    0.4088   -7870.7734  0.6866 
   00833    0.4128   -7913.6889  0.6842 
   00834    0.3996   -7885.3091  0.6787 
   00835    0.4160   -7896.7318  0.6822 
   00836    0.4084   -7853.0478  0.6793 
   00837    0.4056   -7892.7111  0.6774 
   00838    0.4160   -7920.9389  0.6832 
   00839    0.4016   -7937.8777  0.6830 
   00840    0.3904   -8000.8942  0.6887 
   00841    0.4000   -7978.9274  0.6874 
   00842    0.4248   -8012.5248  0.6775 
   00843    0.4040   -7990.7458  0.6804 
   00844    0.4024   -7990.5031  0.6814 
   00845    0.3984   -8025.8202  0.6816 
   00846    0.3864   -7999.9497  0.6785 
   00847    0.4040   -7982.3842  0.6823 
   00848    0.3880   -8125.3579  0.6884 
   00849    0.3964   -8149.4459  0.6940 
   00850    0.3872   -8164.3466  0.6943 
   00851    0.3840   -8121.7093  0.6926 
   00852    0.3976   -8143.7422  0.6918 
   00853    0.3828   -8089.6967  0.6928 
   00854    0.3916   -8148.2324  0.6941 
   00855    0.3904   -8127.1971  0.7003 
   00856    0.4000   -8054.3532  0.7035 
   00857    0.4048   -8006.8160  0.7011 
   00858    0.3932   -8035.3143  0.7025 
   00859    0.3716   -8055.1582  0.7002 
   00860    0.4020   -8072.2882  0.6985 
   00861    0.4000   -8116.6761  0.7057 
   00862    0.3844   -8130.0792  0.7073 
   00863    0.3868   -8122.6496  0.7046 
   00864    0.3840   -8060.8714  0.6992 
   00865    0.3896   -8007.0798  0.7001 
   00866    0.3880   -8040.8338  0.7022 
   00867    0.4056   -8059.7600  0.7021 
   00868    0.4104   -8061.7920  0.7084 
   00869    0.3888   -8013.7459  0.7067 
   00870    0.3960   -7975.6866  0.7020 
   00871    0.3872   -8003.0159  0.7099 
   00872    0.3964   -8022.9013  0.7068 
   00873    0.4044   -8024.0042  0.7087 
   00874    0.3984   -8032.7338  0.7113 
   00875    0.3956   -8077.5191  0.7096 
   00876    0.3852   -8031.9697  0.7078 
   00877    0.3944   -8029.2884  0.7122 
   00878    0.3976   -8028.0877  0.7156 
   00879    0.3852   -8045.5046  0.7167 
   00880    0.3904   -8044.6429  0.7079 
   00881    0.3916   -8043.6447  0.6998 
   00882    0.3996   -8000.5042  0.6944 
   00883    0.3952   -7948.6944  0.6912 
   00884    0.4020   -7989.6829  0.6898 
   00885    0.4032   -7981.6562  0.6906 
   00886    0.4124   -7976.2838  0.6896 
   00887    0.3892   -8012.7207  0.6924 
   00888    0.4124   -7985.4548  0.6853 
   00889    0.4076   -8029.9437  0.6867 
   00890    0.3808   -8011.4072  0.6932 
   00891    0.4160   -7943.6004  0.6879 
   00892    0.4020   -7928.6746  0.6936 
   00893    0.4084   -7992.6319  0.7026 
   00894    0.4016   -7983.6060  0.7090 
   00895    0.3868   -8001.8613  0.7064 
   00896    0.3864   -7982.0257  0.7048 
   00897    0.3864   -7966.5125  0.6951 
   00898    0.3908   -7936.4156  0.6921 
   00899    0.4080   -7931.3124  0.6969 
   00900    0.4116   -7887.0366  0.6939 
   00901    0.3992   -7959.3881  0.6843 
   00902    0.3976   -7935.9939  0.6852 
   00903    0.4132   -7847.8843  0.6910 
   00904    0.4124   -7891.4414  0.6965 
   00905    0.4136   -7968.5329  0.7021 
   00906    0.4028   -7976.3762  0.7062 
   00907    0.4076   -7986.8580  0.7024 
   00908    0.4148   -8017.8179  0.7025 
   00909    0.4004   -8085.2600  0.7052 
   00910    0.3988   -8017.4374  0.7045 
   00911    0.3952   -8002.7258  0.7084 
   00912    0.4084   -8042.7562  0.7077 
   00913    0.3936   -8051.6541  0.7098 
   00914    0.4216   -8032.2993  0.7122 
   00915    0.4016   -8005.2287  0.7078 
   00916    0.3936   -8003.5175  0.7129 
   00917    0.4112   -7983.2496  0.7019 
   00918    0.3932   -7961.5189  0.7028 
   00919    0.4092   -7896.7881  0.7003 
   00920    0.3920   -7918.1413  0.7063 
   00921    0.4212   -7969.1425  0.7075 
   00922    0.4072   -7949.0654  0.7107 
   00923    0.3976   -7986.0662  0.7097 
   00924    0.4088   -7926.2127  0.7109 
   00925    0.3976   -7913.1310  0.7065 
   00926    0.3884   -7949.1062  0.7090 
   00927    0.4052   -7999.2484  0.7093 
   00928    0.4160   -7998.8849  0.7058 
   00929    0.3804   -8026.2284  0.7123 
   00930    0.3956   -8020.5024  0.7100 
   00931    0.3980   -8083.8574  0.7156 
   00932    0.4152   -8016.7849  0.7115 
   00933    0.3872   -7992.3867  0.7174 
   00934    0.4008   -8021.8995  0.7106 
   00935    0.3952   -7980.5830  0.7035 
   00936    0.3916   -8002.3003  0.7073 
   00937    0.3888   -7999.3581  0.7045 
   00938    0.4212   -7921.8914  0.6994 
   00939    0.3976   -7996.6573  0.7046 
   00940    0.3976   -8003.8864  0.7013 
   00941    0.3884   -8039.8130  0.7065 
   00942    0.3984   -8046.0815  0.7014 
   00943    0.3936   -8018.7430  0.7021 
   00944    0.3940   -7984.0981  0.6977 
   00945    0.4164   -7992.8814  0.7027 
   00946    0.3796   -8007.3573  0.7001 
   00947    0.4236   -8016.2948  0.7000 
   00948    0.3972   -7976.7632  0.7034 
   00949    0.4140   -7952.0689  0.6999 
   00950    0.4008   -7943.1755  0.6993 
   00951    0.3988   -7984.4517  0.6988 
   00952    0.3772   -8064.2561  0.7024 
   00953    0.3932   -8074.4272  0.7002 
   00954    0.3988   -8048.9210  0.7049 
   00955    0.4104   -8048.9722  0.7026 
   00956    0.3976   -8050.8569  0.6962 
   00957    0.3872   -8046.2234  0.6977 
   00958    0.4088   -8057.1175  0.6973 
   00959    0.4176   -8001.4502  0.6944 
   00960    0.3896   -7978.6363  0.6976 
   00961    0.4024   -7920.4946  0.6931 
   00962    0.3960   -7907.1645  0.6840 
   00963    0.3884   -7924.8907  0.6926 
   00964    0.4008   -7956.7180  0.6918 
   00965    0.3960   -7879.0374  0.6895 
   00966    0.4112   -7883.5806  0.6886 
   00967    0.4064   -7880.8877  0.6773 
   00968    0.4064   -7926.2450  0.6782 
   00969    0.3992   -7960.9798  0.6836 
   00970    0.3988   -7999.2286  0.6874 
   00971    0.3960   -7996.1212  0.6893 
   00972    0.3916   -7999.3577  0.6901 
   00973    0.4184   -8015.5253  0.6851 
   00974    0.3888   -7974.7968  0.6865 
   00975    0.4064   -7901.9349  0.6783 
   00976    0.3936   -7896.7128  0.6742 
   00977    0.3976   -7932.9000  0.6801 
   00978    0.3992   -7920.1584  0.6840 
   00979    0.4084   -7929.0828  0.6869 
   00980    0.3960   -7942.0784  0.6881 
   00981    0.3980   -7955.5422  0.6911 
   00982    0.3988   -7951.8538  0.6930 
   00983    0.4220   -7880.7802  0.6861 
   00984    0.3984   -7915.6430  0.6879 
   00985    0.4064   -7913.1673  0.6939 
   00986    0.3896   -7959.0433  0.7021 
   00987    0.4072   -7947.3531  0.6952 
   00988    0.3824   -7926.8969  0.6918 
   00989    0.4120   -7901.4752  0.6854 
   00990    0.4128   -7959.0511  0.6828 
   00991    0.4048   -7949.2724  0.6933 
   00992    0.4076   -7940.5660  0.6907 
   00993    0.3824   -7931.0615  0.6961 
   00994    0.4060   -7898.8677  0.6931 
   00995    0.4096   -7933.7719  0.6945 
   00996    0.4048   -7938.4982  0.6998 
   00997    0.4204   -7983.3190  0.7056 
   00998    0.4152   -7983.0078  0.7039 
   00999    0.4176   -7931.9411  0.6966 
   01000    0.4032   -7915.1489  0.6907 
